,b4277
p1k_00001,1.0071068975
p1k_00002,-1.0071068975
p1k_00003,-0.6372543165
p1k_00004,0.18661319150000025
p1k_00005,-1.0071068975
p1k_00006,-1.0071068975
p1k_00007,-0.6398447075
p1k_00008,-0.12170309549999993
p1k_00009,-1.0071068975
p1k_00010,-1.0071068975
p1k_00011,-0.6392787455
p1k_00012,-0.6440332464999999
p1k_00014,0.07360715849999999
p1k_00015,-0.6417514714999999
p1k_00016,-0.5643594004999999
p1k_00017,-0.6453050825
p1k_00018,-1.0071068975
p1k_00019,-1.0071068975
p1k_00020,-0.5444065005
p1k_00021,-1.0071068975
p1k_00022,-0.5751400074999999
p1k_00023,-0.4129904714999999
p1k_00024,-0.4807823235
p1k_00025,-1.0071068975
p1k_00026,-0.3699570265
p1k_00027,-0.07790368749999999
p1k_00028,-1.0071068975
p1k_00029,-0.4340186424999999
p1k_00030,-1.0071068975
p1k_00031,-0.24590625349999984
p1k_00032,-1.0071068975
p1k_00033,0.5931041325000002
p1k_00034,-0.18973486249999996
p1k_00035,-1.0071068975
p1k_00036,-0.6074731035000001
p1k_00037,-1.0071068975
p1k_00038,-1.0071068975
p1k_00039,-0.17862217949999992
p1k_00040,-1.0071068975
p1k_00041,-0.5526265575
p1k_00042,-1.0071068975
p1k_00043,-1.0071068975
p1k_00044,-0.2870094984999999
p1k_00045,0.4928900665000002
p1k_00046,-1.0071068975
p1k_00047,-0.33492794949999993
p1k_00048,-1.0071068975
p1k_00049,-0.5311851544999999
p1k_00050,-1.0071068975
p1k_00051,-0.2546145165
p1k_00052,-0.5753893634999999
p1k_00053,-0.25420035249999995
p1k_00054,2.7997582165
p1k_00055,2.2414851465
p1k_00056,-1.0071068975
p1k_00057,-1.0071068975
p1k_00058,-0.3550315974999999
p1k_00059,-0.2183816995
p1k_00060,-0.15101088849999988
p1k_00061,-0.2280577724999999
p1k_00062,-1.0071068975
p1k_00063,-1.0071068975
p1k_00064,-1.0071068975
p1k_00065,-0.49106858950000004
p1k_00066,-1.0071068975
p1k_00067,-1.0071068975
p1k_00068,-1.0071068975
p1k_00070,0.6386671585000001
p1k_00071,-1.0071068975
p1k_00072,-1.0071068975
p1k_00073,-0.6707212844999999
p1k_00074,0.5290949734999999
p1k_00075,-1.0071068975
p1k_00077,-0.2640654884999999
p1k_00078,0.37767421850000016
p1k_00079,-0.0824569664999999
p1k_00080,-1.0071068975
p1k_00081,-0.30123635549999994
p1k_00082,-1.0071068975
p1k_00083,-0.6050087885000001
p1k_00084,-1.0071068975
p1k_00085,-0.6095813944999999
p1k_00086,0.4853412965000001
p1k_00087,0.2923930845
p1k_00088,-1.0071068975
p1k_00089,-0.17331375249999992
p1k_00090,-0.5687806034999999
p1k_00091,-0.030395336499999925
p1k_00092,-1.0071068975
p1k_00093,0.7792135185
p1k_00094,0.7351978644999999
p1k_00095,-1.0071068975
p1k_00096,-0.20167416849999986
p1k_00097,-0.29879361049999986
p1k_00098,-1.0071068975
p1k_00099,0.2968066385000001
p1k_00100,0.19919246050000014
p1k_00101,-1.0071068975
p1k_00102,-1.0071068975
p1k_00103,0.01052026149999996
p1k_00104,-0.2638188534999999
p1k_00105,-1.0071068975
p1k_00106,-0.5528953164999999
p1k_00107,-0.5511007054999999
p1k_00108,-0.28336826949999994
p1k_00109,-0.4150885274999999
p1k_00110,-1.0071068975
p1k_00111,-1.0071068975
p1k_00112,-1.0071068975
p1k_00113,-1.0071068975
p1k_00114,-1.0071068975
p1k_00115,-1.0071068975
p1k_00116,0.0037683975000000203
p1k_00117,-1.0071068975
p1k_00118,-1.0071068975
p1k_00119,-0.014954114499999947
p1k_00120,-0.5008664875
p1k_00121,-1.0071068975
p1k_00122,-1.0071068975
p1k_00123,-1.0071068975
p1k_00124,-0.35814623449999994
p1k_00125,-1.0071068975
p1k_00126,-1.0071068975
p1k_00127,0.05839283949999996
p1k_00128,-1.0071068975
p1k_00129,0.1872953895
p1k_00130,0.010745177500000036
p1k_00131,-0.055995612499999965
p1k_00132,-1.0071068975
p1k_00133,-0.3339152384999998
p1k_00134,-1.0071068975
p1k_00135,-1.0071068975
p1k_00136,-0.2306576534999999
p1k_00137,-0.6090082444999999
p1k_00138,-1.0071068975
p1k_00139,0.6790925435000001
p1k_00140,-1.0071068975
p1k_00141,-0.2900840065
p1k_00142,-0.14347335449999998
p1k_00143,-0.17121664849999985
p1k_00144,0.8035092045000001
p1k_00145,-1.0071068975
p1k_00146,-0.4034091495
p1k_00147,-0.45423401950000003
p1k_00148,0.7287859634999999
p1k_00149,-0.3358727854999999
p1k_00150,-1.0071068975
p1k_00151,1.6281630834999998
p1k_00152,0.9389588565000001
p1k_00153,2.5502728575
p1k_00154,-0.2751523174999999
p1k_00155,0.2336392895000001
p1k_00157,-0.2133145765
p1k_00158,0.6358025965
p1k_00159,-1.0071068975
p1k_00160,-0.13961964849999986
p1k_00161,-0.5267037884999999
p1k_00162,-0.5082156664999999
p1k_00163,-1.0071068975
p1k_00164,-1.0071068975
p1k_00165,1.8926174885000004
p1k_00166,-0.7283714705
p1k_00167,-0.7251734894999999
p1k_00168,1.2137939465
p1k_00169,-0.024643680499999883
p1k_00170,-0.6022129475
p1k_00171,-0.4627590334999999
p1k_00172,0.03524365549999997
p1k_00173,-0.1868316925
p1k_00174,-0.7261375415000001
p1k_00175,-0.2684032245
p1k_00176,-0.2705678604999999
p1k_00177,-0.35960907749999993
p1k_00178,-1.0071068975
p1k_00179,-1.0071068975
p1k_00180,0.1345657725
p1k_00181,-0.5270347204999999
p1k_00182,-1.0071068975
p1k_00183,-0.23999071949999995
p1k_00184,-1.0071068975
p1k_00185,-1.0071068975
p1k_00186,-0.040991069499999984
p1k_00187,-0.062026333499999975
p1k_00188,-1.0071068975
p1k_00189,0.27144555550000016
p1k_00190,0.4982750235
p1k_00191,-0.7295140935
p1k_00192,-1.0071068975
p1k_00193,-1.0071068975
p1k_00194,-0.2044836645
p1k_00195,0.2899588945
p1k_00196,-0.6245196485
p1k_00197,-0.7296052595
p1k_00198,-1.0071068975
p1k_00199,-0.6844882214999999
p1k_00200,-0.7017494325
p1k_00201,-0.3861264305
p1k_00202,-0.5481050024999999
p1k_00203,-1.0071068975
p1k_00204,-1.0071068975
p1k_00205,-0.6897076344999999
p1k_00206,-0.4786419124999999
p1k_00207,-1.0071068975
p1k_00208,-1.0071068975
p1k_00209,-0.04853714849999991
p1k_00210,-0.17233937249999998
p1k_00211,-1.0071068975
p1k_00212,-0.34384647849999994
p1k_00213,-1.0071068975
p1k_00214,-0.5134850005
p1k_00215,-0.42922816950000003
p1k_00216,-0.6980875504999999
p1k_00217,-0.42813783450000004
p1k_00218,-1.0071068975
p1k_00219,-1.0071068975
p1k_00220,-1.0071068975
p1k_00221,-1.0071068975
p1k_00222,-0.5072575545
p1k_00223,-0.6524360334999999
p1k_00224,-0.6211399184999999
p1k_00225,-0.7774882944999999
p1k_00226,-0.5989083085
p1k_00227,-0.6685933384999999
p1k_00228,-1.0071068975
p1k_00229,-0.2634906184999999
p1k_00230,-0.3251221134999999
p1k_00231,-0.6880663695
p1k_00232,-0.6526979245000001
p1k_00233,0.4092498885
p1k_00234,-1.0071068975
p1k_00235,-1.0071068975
p1k_00236,0.30958194850000004
p1k_00237,-0.1846467624999999
p1k_00238,-0.0077913484999999625
p1k_00239,-0.13889746549999993
p1k_00240,1.0919773795000003
p1k_00241,0.9294330375000002
p1k_00242,0.35780496949999985
p1k_00243,-1.0071068975
p1k_00244,0.29974899450000003
p1k_00245,2.1344960355
p1k_00246,0.8019898255
p1k_00247,0.4662067515000001
p1k_00248,0.4123201475
p1k_00249,-1.0071068975
p1k_00250,-1.0071068975
p1k_00251,-1.0071068975
p1k_00252,-1.0071068975
p1k_00253,-1.0071068975
p1k_00254,-0.2339506015
p1k_00255,0.20850990550000012
p1k_00256,-0.6393537434999998
p1k_00257,-0.16183461349999986
p1k_00258,-0.6608296114999999
p1k_00259,0.6944626965
p1k_00260,0.6429948575
p1k_00261,0.35397562449999986
p1k_00262,0.1106134995000001
p1k_00263,1.5271189935000002
p1k_00264,0.18870432650000013
p1k_00265,-1.0071068975
p1k_00266,-0.5374222224999999
p1k_00267,-0.5866892195000001
p1k_00268,-1.0071068975
p1k_00269,-0.3808988514999999
p1k_00270,-0.12656419749999992
p1k_00271,-1.0071068975
p1k_00272,-0.3020892304999999
p1k_00273,-1.0071068975
p1k_00274,-1.0071068975
p1k_00275,-0.26060209449999994
p1k_00276,-0.14850323349999986
p1k_00277,-0.25370994849999984
p1k_00278,-1.0071068975
p1k_00279,-0.030105913499999918
p1k_00280,-0.2700929215
p1k_00281,-1.0071068975
p1k_00282,0.11946793850000015
p1k_00283,-0.3606913414999999
p1k_00284,0.2644704795000001
p1k_00285,-0.5938186365
p1k_00286,-0.3640086535
p1k_00287,0.5719206215000001
p1k_00288,-0.3557347714999999
p1k_00289,-0.5980691085000001
p1k_00290,-1.0071068975
p1k_00291,-0.6426745745
p1k_00292,0.12277340850000007
p1k_00293,-0.5611070724999999
p1k_00294,-1.0071068975
p1k_00295,-0.5971100324999999
p1k_00296,0.17719416350000006
p1k_00297,-0.6428430294999999
p1k_00298,-0.4785894885
p1k_00299,0.6794610605
p1k_00300,-0.11865743549999985
p1k_00301,0.45524459850000004
p1k_00302,-0.3239817144999999
p1k_00303,0.6281318825
p1k_00304,0.7869442135
p1k_00305,0.9097558965
p1k_00306,0.7384134365000001
p1k_00307,-1.0071068975
p1k_00308,-1.0071068975
p1k_00309,1.0490362145
p1k_00310,0.32540044149999997
p1k_00311,0.5533633615
p1k_00312,-0.040522978499999966
p1k_00313,-0.0914338214999999
p1k_00314,0.7206423835
p1k_00315,-0.03754607049999992
p1k_00316,0.009504825500000091
p1k_00317,-0.4582065735
p1k_00318,-0.7129485064999999
p1k_00319,-0.06500332549999999
p1k_00320,0.06137162050000011
p1k_00321,-0.7061663695
p1k_00322,-0.007005578499999832
p1k_00323,-0.014218987499999947
p1k_00324,0.22183624950000014
p1k_00325,-0.2157847395
p1k_00326,-0.1124044595
p1k_00327,-0.7041742725
p1k_00328,-0.3837130434999999
p1k_00329,-0.7028434175
p1k_00330,-0.6625346285
p1k_00331,-0.3430087514999999
p1k_00332,-0.6340843964999999
p1k_00333,-0.4345753195
p1k_00334,-0.16688873449999994
p1k_00335,-0.1917303844999999
p1k_00336,-0.6902391234999999
p1k_00337,-0.6707081465
p1k_00338,0.5338619825000002
p1k_00339,-0.6392215575
p1k_00340,-1.0071068975
p1k_00341,-0.15455937249999996
p1k_00342,0.0815136245000001
p1k_00343,-0.4268385985
p1k_00344,-0.02735175649999988
p1k_00345,-0.30230334849999985
p1k_00346,0.03731769949999997
p1k_00347,-0.12319353749999995
p1k_00348,-0.5077505295
p1k_00349,-0.31034539650000004
p1k_00350,-1.0071068975
p1k_00351,0.07824761850000006
p1k_00352,0.4575347375000001
p1k_00353,-0.6017726095
p1k_00354,-0.5632963714999999
p1k_00355,-0.1444090415
p1k_00356,-0.5488787915
p1k_00357,-0.4910363725
p1k_00358,0.26161558250000017
p1k_00359,-0.5573728064999999
p1k_00360,0.6806258425
p1k_00361,0.8912165135000001
p1k_00362,0.28980221650000004
p1k_00363,0.4289505375
p1k_00364,0.6976841805000003
p1k_00365,-0.6492984534999999
p1k_00366,-0.07799398849999994
p1k_00367,-0.11513016249999995
p1k_00368,-0.1354267065
p1k_00369,0.018016482499999983
p1k_00370,-0.34060136549999986
p1k_00371,0.34720548250000016
p1k_00372,-0.13697540449999998
p1k_00373,0.8794767305
p1k_00374,1.5088151575
p1k_00375,-0.6690887285
p1k_00376,-0.6217611384999999
p1k_00377,1.2494952755000002
p1k_00378,1.4363728885000002
p1k_00379,-0.17846157349999991
p1k_00380,-0.4246278905
p1k_00381,-0.05989158649999993
p1k_00382,-0.25275221549999993
p1k_00383,0.5952211745
p1k_00384,0.4357477365
p1k_00385,0.2951588285
p1k_00386,0.09557648050000013
p1k_00387,0.20287055050000014
p1k_00388,-0.11317827150000005
p1k_00389,-1.0071068975
p1k_00390,-0.5437747814999999
p1k_00391,-0.4840734245
p1k_00392,0.013693055500000106
p1k_00393,1.3765423675
p1k_00394,1.4864720784999998
p1k_00395,-1.0071068975
p1k_00396,-1.0071068975
p1k_00397,-1.0071068975
p1k_00398,0.8960829115000001
p1k_00399,0.5718580175000001
p1k_00400,-1.0071068975
p1k_00401,-0.4419412125
p1k_00402,-1.0071068975
p1k_00403,-0.6018206545
p1k_00404,-0.3187315654999999
p1k_00405,-1.0071068975
p1k_00406,0.1436429105000001
p1k_00407,-0.11794428749999995
p1k_00408,-1.0071068975
p1k_00409,0.060352196500000226
p1k_00410,-0.5891429804999999
p1k_00411,1.0361749315000002
p1k_00412,0.3044995075000001
p1k_00413,0.3358883694999999
p1k_00414,0.6354639565
p1k_00415,0.6813573555000001
p1k_00416,0.4953030555
p1k_00417,-0.5702180815
p1k_00418,0.16252703750000008
p1k_00419,-0.6343942224999999
p1k_00420,-0.4512083604999999
p1k_00421,-0.7481778665000001
p1k_00422,-0.14383704449999998
p1k_00423,-1.0071068975
p1k_00424,-1.0071068975
p1k_00425,0.5177597155
p1k_00426,0.4357284744999999
p1k_00427,-0.6868897995000001
p1k_00428,0.4496033005
p1k_00429,-1.0071068975
p1k_00430,-0.6205934624999999
p1k_00431,-1.0071068975
p1k_00432,-1.0071068975
p1k_00433,1.3121327655000004
p1k_00434,0.6261732835
p1k_00435,-0.11413989449999995
p1k_00436,-0.6660386395000001
p1k_00437,-1.0071068975
p1k_00438,-0.7024958284999999
p1k_00439,0.3831114065000001
p1k_00440,0.1458672405000001
p1k_00441,-0.7354792735
p1k_00442,-0.28072006650000003
p1k_00443,-0.1886330045
p1k_00444,-0.6824217244999999
p1k_00445,-0.7297488644999999
p1k_00446,-0.5042991164999999
p1k_00447,-0.1809195065
p1k_00448,-0.5571010985
p1k_00449,0.4828206565000002
p1k_00450,-1.0071068975
p1k_00451,-0.4825187835
p1k_00452,0.1326687955000001
p1k_00453,-0.32514052549999994
p1k_00454,-0.4786322314999999
p1k_00455,-0.3737627014999999
p1k_00456,-1.0071068975
p1k_00457,-0.10446340449999993
p1k_00458,-0.08272916649999995
p1k_00459,-0.6171318395000001
p1k_00460,-0.3958681304999999
p1k_00461,-0.019586023499999942
p1k_00462,0.2734859755000001
p1k_00463,-0.003837154499999995
p1k_00464,-0.7072368984999999
p1k_00465,-1.0071068975
p1k_00466,-0.3522014465
p1k_00467,-1.0071068975
p1k_00468,-1.0071068975
p1k_00469,-1.0071068975
p1k_00470,-0.3463840945
p1k_00471,-0.4454352654999999
p1k_00472,-0.6460466854999998
p1k_00473,-1.0071068975
p1k_00474,-0.6285711135000001
p1k_00475,-0.5903900864999999
p1k_00476,0.1035361265000001
p1k_00477,-0.7081073615000001
p1k_00478,-0.18157167749999992
p1k_00479,0.4313325565000001
p1k_00480,-0.2412422904999999
p1k_00481,-1.0071068975
p1k_00482,-1.0071068975
p1k_00483,-0.05357218949999998
p1k_00484,-1.0071068975
p1k_00485,-0.07022830849999995
p1k_00486,-0.32403650549999985
p1k_00487,-0.0016983594999999685
p1k_00488,0.2257776925000001
p1k_00489,0.10157225449999996
p1k_00490,-0.6415074834999999
p1k_00491,-0.6393196875
p1k_00492,0.3873857605000002
p1k_00493,-0.6089581595
p1k_00494,-0.32749324049999995
p1k_00495,0.21742680350000002
p1k_00496,-0.41302396950000003
p1k_00497,-1.0071068975
p1k_00498,-1.0071068975
p1k_00499,-0.12132537749999996
p1k_00500,-1.0071068975
p1k_00501,-0.27445770849999984
p1k_00502,-0.4737500554999999
p1k_00503,-0.46198566950000003
p1k_00504,-0.4526845545
p1k_00505,-0.4184819314999999
p1k_00506,0.5287381605000001
p1k_00507,-1.0071068975
p1k_00508,-0.2473378694999999
p1k_00509,-0.31246571049999994
p1k_00510,-0.2879548284999999
p1k_00612,-0.6819126974999999
p1k_00613,-0.7394802635
p1k_00614,-0.43577362950000004
p1k_00615,-1.0071068975
p1k_00558,-0.3066582834999999
p1k_00559,-0.3191455474999999
p1k_00562,-1.0071068975
p1k_00563,-1.0071068975
p1k_00564,-0.3408998084999999
p1k_00565,-0.4379705314999999
p1k_00566,0.14966455150000013
p1k_00567,0.6453773185
p1k_00540,0.41410096350000014
p1k_00541,0.2569290415000001
p1k_00542,0.5284137794999999
p1k_00543,0.04143961949999997
p1k_00544,0.7012451885000002
p1k_00545,-0.0009471715000000104
p1k_00546,0.16382725850000002
p1k_00547,0.8559730045
p1k_00548,0.6634626405000001
p1k_00549,1.2808147085
p1k_00550,1.3677880675000005
p1k_00551,1.6530973865000005
p1k_00568,0.5233718125
p1k_00569,0.5859436625000001
p1k_00570,-0.5778842725
p1k_00571,0.4234320215
p1k_00572,-0.005095514500000009
p1k_00573,-1.0071068975
p1k_00574,0.6386202495000001
p1k_00575,-0.22070455849999995
p1k_00586,0.07119765550000001
p1k_00587,0.3661800645000002
p1k_00588,0.2557503945000001
p1k_00589,-0.6281689014999999
p1k_00590,0.7888232125000001
p1k_00591,0.6770045275000001
p1k_00592,0.8931775975
p1k_00593,1.3763208965000002
p1k_00576,0.03891633350000001
p1k_00577,-0.2577770174999999
p1k_00578,0.3392405594999999
p1k_00579,1.0118321795000005
p1k_00582,-1.0071068975
p1k_00583,-0.6369373294999999
p1k_00584,0.4199852065
p1k_00585,0.4478415325
p1k_00511,0.5957491235000001
p1k_00512,1.6196046115000002
p1k_00513,0.8630381275000001
p1k_00514,1.4337565635000002
p1k_00515,0.6653310994999999
p1k_00516,0.03529928449999997
p1k_00517,0.2339128925
p1k_00600,1.1888856005000004
p1k_00601,1.8918009765000001
p1k_00602,2.2205462695
p1k_00603,1.6027352925000002
p1k_00604,1.9411753045
p1k_00605,1.5812522185
p1k_00606,2.4768456105000003
p1k_00607,2.1208217835000003
p1k_00608,2.0901181755
p1k_00609,2.6892399155
p1k_00610,2.1171722365
p1k_00611,2.1101798444999997
p1k_00552,1.7578151545000005
p1k_00553,1.4339405555000002
p1k_00554,1.5875132165
p1k_00555,2.0748996275
p1k_00556,2.0460787735
p1k_00557,1.9256182634999999
p1k_00594,2.0615549325
p1k_00595,2.4187604075
p1k_00596,1.8157324995
p1k_00597,2.1408410444999997
p1k_00598,2.2422562495
p1k_00599,2.1609050585000005
p1k_00518,0.8208353895
p1k_00519,0.17177582050000018
p1k_00520,-0.5294241405
p1k_00521,-0.03915925249999997
p1k_00522,1.9309355175
p1k_00523,2.0598924755000003
p1k_00524,2.9452463605
p1k_00525,1.8333973655
p1k_00526,1.6433317295000005
p1k_00527,1.7473939325
p1k_00528,1.4902425725
p1k_00529,2.2395807255
p1k_00530,1.3794051805
p1k_00531,1.5646264245
p1k_00532,0.44065122850000016
p1k_00533,1.0437042015000002
p1k_00534,3.3016523985000004
p1k_00535,3.3267166564999995
p1k_00536,4.2611085905
p1k_00537,4.2411490675
p1k_00538,3.2833260225
p1k_00539,3.7554730825
p1k_00616,-0.3626660354999999
p1k_00617,-0.35611685149999994
p1k_00618,-0.5469647215
p1k_00619,0.15478478250000016
p1k_00620,-0.3711634875
p1k_00621,0.2510186995000001
p1k_00622,-0.3040058925
p1k_00623,0.2255471095000001
p1k_00624,0.2415227365000001
p1k_00625,0.31549444649999997
p1k_00626,-0.10481324749999997
p1k_00627,0.1896539065
p1k_00628,-0.011028712499999926
p1k_00629,-0.3936400984999999
p1k_00630,0.3196821445
p1k_00631,0.07685142550000013
p1k_00632,0.20534193450000005
p1k_00633,0.1469676365000001
p1k_00634,0.20976839650000006
p1k_00635,-0.6910397715000001
p1k_00636,-0.09946787049999994
p1k_00637,-1.0071068975
p1k_00638,0.1559071475
p1k_00639,0.0788591165000001
p1k_00640,0.1458184535
p1k_00641,-0.6308871964999999
p1k_00642,-0.24912763049999986
p1k_00643,-0.08006959549999992
p1k_00644,0.2283878295000001
p1k_00645,-1.0071068975
p1k_00646,0.3399989255
p1k_00647,0.00018690150000022496
p1k_00648,-0.31675417650000004
p1k_00649,-0.30193026049999994
p1k_00650,0.15505960650000006
p1k_00651,-0.2768330884999999
p1k_00652,-0.6342793764999999
p1k_00653,0.08228459249999998
p1k_00654,0.2650671955000001
p1k_00655,-1.0071068975
p1k_00656,-0.26685916749999994
p1k_00657,-1.0071068975
p1k_00658,0.05530728550000008
p1k_00659,0.053511316500000065
p1k_00660,-0.01228355449999996
p1k_00661,0.057078498499999915
p1k_00662,0.3669935615000002
p1k_00663,-0.20738022249999988
p1k_00664,-0.0007478334999999613
p1k_00665,-0.008798845499999984
p1k_00666,0.4511824375
p1k_00667,-0.1443619224999999
p1k_00668,0.2370659895
p1k_00669,0.13283887550000004
p1k_00670,-0.4771590174999999
p1k_00671,-0.4433987695
p1k_00672,-1.0071068975
p1k_00673,-0.2742683284999998
p1k_00674,0.3753643035000001
p1k_00675,-0.5171352435000001
p1k_00676,-0.3315645154999999
p1k_00677,-0.7100687415000001
p1k_00678,-0.3571884124999999
p1k_00679,-0.34545021349999994
p1k_00680,-0.07363356649999997
p1k_00681,-0.3153062904999999
p1k_00682,0.09565564250000014
p1k_00683,-0.2391888984999999
p1k_00684,-0.15595437150000002
p1k_00685,0.5643914115000002
p1k_00686,0.002818308499999977
p1k_00687,-0.3359742965
p1k_00688,0.4965581755000002
p1k_00689,0.3294263275
p1k_00690,-0.10034502249999988
p1k_00691,-0.4811431144999999
p1k_00692,-0.4504263934999999
p1k_00693,0.3382839535000002
p1k_00694,-0.4375841075
p1k_00695,0.3214330325000001
p1k_00696,-0.11267081349999986
p1k_00697,-0.04717906049999998
p1k_00698,-0.3868452794999999
p1k_00699,-0.6773623375
p1k_00700,-0.3140887834999999
p1k_00701,-0.2735054965
p1k_00702,-0.5198787954999998
p1k_00703,-0.6197789974999999
p1k_00704,-0.4465033715
p1k_00705,0.061956380500000074
p1k_00706,-0.3652256534999999
p1k_00707,-0.3728689995
p1k_00708,0.9373500405
p1k_00709,-0.3538057204999999
p1k_00710,-0.5420869064999999
p1k_00711,0.7586270955000003
p1k_00712,-1.0071068975
p1k_00713,0.3155362355
p1k_00714,-0.5643544334999999
p1k_00715,-1.0071068975
p1k_00716,0.2439730495000001
p1k_00717,-0.12073828549999988
p1k_00718,0.5884230895
p1k_00719,0.20890808150000015
p1k_00721,0.8820825825
p1k_00722,-0.5398464725
p1k_00723,-0.5540954905
p1k_00724,-0.4731534485
p1k_00725,-1.0071068975
p1k_00726,-0.03504997149999989
p1k_00727,-0.5513898895
p1k_00728,-0.023808797499999982
p1k_00729,-0.7063566634999999
p1k_00730,-0.5903320065
p1k_00731,-0.4573339525
p1k_00732,-0.6056026875
p1k_00733,-1.0071068975
p1k_00734,-0.5644180105
p1k_00735,1.6679941475
p1k_00736,0.2526276225000001
p1k_00737,0.7076489215000001
p1k_00738,-0.5361622984999999
p1k_00739,0.2566388325
p1k_00740,-0.3825197905
p1k_00741,-0.1228061494999999
p1k_00742,-0.14860618349999988
p1k_00743,-0.5516930695000001
p1k_00744,0.5807201805
p1k_00745,0.2980702765000001
p1k_00746,0.1999831525
p1k_00747,-0.5754863184999999
p1k_00748,-0.5713467484999999
p1k_00749,-1.0071068975
p1k_00750,-0.5856105144999999
p1k_00751,-1.0071068975
p1k_00752,-0.5095410794999999
p1k_00753,0.06948304950000006
p1k_00754,0.2434055235000001
p1k_00755,-1.0071068975
p1k_00756,-1.0071068975
p1k_00757,0.045563740500000005
p1k_00758,-0.19951586849999992
p1k_00759,-0.5904629014999999
p1k_00760,-0.2671556554999999
p1k_00761,-0.5016137915
p1k_00762,2.6088279175
p1k_00763,-0.4647751355
p1k_00764,1.0607413525
p1k_00765,-0.4823357995
p1k_00766,0.05387463150000005
p1k_00767,0.2198158445
p1k_00768,-0.2964174395
p1k_00769,-0.11731881949999999
p1k_00770,0.6976026234999999
p1k_00771,-0.19680692349999984
p1k_00772,-0.3252065184999998
p1k_00773,0.7569661294999999
p1k_00774,0.02733799250000013
p1k_00775,0.7125536015
p1k_00776,-0.4053003784999999
p1k_00777,0.6902616175
p1k_00778,0.8920257415000001
p1k_00779,0.5038213515000001
p1k_00780,0.6164816444999999
p1k_00781,-0.4564325235
p1k_00782,0.2932214405
p1k_00783,-0.6978848065000001
p1k_00784,-0.14599935749999993
p1k_00785,-0.3221447445
p1k_00786,0.6635349945
p1k_00787,-0.5961889054999999
p1k_00788,-0.3560757895
p1k_00789,0.2816870265
p1k_00790,-0.6668511394999999
p1k_00791,0.5601086844999998
p1k_00792,0.8421350555
p1k_00793,-1.0071068975
p1k_00794,-1.0071068975
p1k_00795,-0.4189234255
p1k_00796,-0.6926462185
p1k_00797,-1.0071068975
p1k_00798,-0.5067238734999999
p1k_00799,-0.11043633749999993
p1k_00800,-0.5384958984999999
p1k_00801,-1.0071068975
p1k_00802,-1.0071068975
p1k_00803,-1.0071068975
p1k_00804,-1.0071068975
p1k_00805,-0.6581685824999999
p1k_00806,-0.7443514494999999
p1k_00807,-0.036559518499999936
p1k_00808,-0.6490523374999999
p1k_00809,-1.0071068975
p1k_00810,-0.7052779894999999
p1k_00811,-0.6375747045
p1k_00812,-1.0071068975
p1k_00813,-0.6582680154999999
p1k_00814,-0.7378836965000001
p1k_00815,-1.0071068975
p1k_00816,-0.6494802454999999
p1k_00817,-1.0071068975
p1k_00818,-0.23082245150000005
p1k_00819,-1.0071068975
p1k_00820,-0.5234655435
p1k_00826,-1.0071068975
p1k_00827,-1.0071068975
p1k_00828,0.11017362208515592
p1k_00829,0.4379262936827937
p1k_00830,-1.0071068975
p1k_00831,-1.0071068975
p1k_00832,-1.0071068975
p1k_00833,-1.0071068975
p1k_00834,-1.0071068975
p1k_00835,-1.0071068975
p1k_00836,-1.0071068975
p1k_00837,-1.0071068975
p1k_00838,-1.0071068975
p1k_00839,-1.0071068975
p1k_00840,-1.0071068975
p1k_00841,-1.0071068975
p1k_00842,-1.0071068975
p1k_00843,-1.0071068975
p1k_00844,-1.0071068975
p1k_00845,-1.0071068975
p1k_00846,-1.0071068975
p1k_00847,-1.0071068975
p1k_00848,-1.0071068975
p1k_00849,-1.0071068975
p1k_00850,-1.0071068975
p1k_00851,-1.0071068975
p1k_00852,-1.0071068975
p1k_00853,-1.0071068975
p1k_00854,-0.7742282663360035
p1k_00855,0.08232996731252618
p1k_00858,-1.0071068975
p1k_00859,-1.0071068975
p1k_00860,-0.14235540472125166
p1k_00861,-0.2345314738249261
p1k_00862,0.7975977473358141
p1k_00863,0.39837529853945575
p1k_00864,0.3115326374082492
p1k_00865,-0.5735782450319631
p1k_00866,-0.4982521701308225
p1k_00867,-0.493390170632414
p1k_00868,-0.10781152643420044
p1k_00869,-0.14346406807219805
p1k_00870,-1.0071068975
p1k_00871,-0.204076151651587
p1k_00872,-0.37503109970516657
p1k_00873,-0.11000516638190737
p1k_00874,-0.4576413830697754
p1k_00875,-1.0071068975
p1k_00876,0.3673853227803703
p1k_00877,-0.2989296179048566
p1k_00878,0.26411403092163543
p1k_00879,0.06305702283535575
p1k_00880,-0.414994437902792
p1k_00881,-0.33865242417594604
p1k_00882,-0.4582065738065992
p1k_00883,-0.7129485069399737
p1k_00884,-0.7061663699393602
p1k_00885,-0.0070055788805403205
p1k_00890,0.02318361723615681
p1k_00891,-1.0071068975
p1k_00892,-1.0071068975
p1k_00893,-1.0071068975
p1k_00894,-1.0071068975
p1k_00895,0.2957933423301955
p1k_00896,-1.0071068975
p1k_00897,0.3612761329465553
p1k_00898,-1.0071068975
p1k_00899,-1.0071068975
p1k_00900,-0.2801540338052457
p1k_00901,-1.0071068975
p1k_00902,0.4726398430574832
p1k_00903,-0.36710842200241706
p1k_00904,-1.0071068975
p1k_00905,-0.4914440866349277
p1k_00906,-0.6519370936237976
p1k_00907,-0.187911194093499
p1k_00908,-1.0071068975
p1k_00909,1.4199528526377456
p1k_00910,0.2726728080576029
p1k_00911,-0.4130282240458619
p1k_00912,0.2114525430672032
p1k_00913,-1.0071068975
p1k_00914,-1.0071068975
p1k_00915,1.1362298522306695
p1k_00916,0.3897245708552872
p1k_00917,-0.4354064495462855
p1k_00918,-1.0071068975
p1k_00919,0.054894955153583565
p1k_00920,0.30973940674320466
p1k_00921,0.9879809990973956
p1k_00922,-0.475746659858352
p1k_00923,-0.5205523667214753
p1k_00924,0.09929484876104122
p1k_00925,-0.7290450496636459
p1k_00926,0.3904931377512564
p1k_00927,-0.055106135769999336
p1k_00928,0.13616008356588494
p1k_00929,-1.0071068975
p1k_00930,1.9448606469810028
p1k_00931,2.214732430331814
p1k_00932,1.5329123518187555
p1k_00933,0.33018758517180496
p1k_00934,-1.0071068975
p1k_00935,-1.0071068975
p1k_00936,-0.18420678817294345
p1k_00937,-0.5311507893670291
p1k_00938,-1.0071068975
p1k_00939,0.13655312001737174
p1k_00940,-1.0071068975
p1k_00941,-1.0071068975
p1k_00942,0.08423839994666737
p1k_00943,0.026619774226135373
p1k_00944,-1.0071068975
p1k_00945,-1.0071068975
p1k_00946,-1.0071068975
p1k_00947,-1.0071068975
p1k_00948,-0.23833227188330874
p1k_00949,-1.0071068975
p1k_00950,-0.6198223358820212
p1k_00951,-0.1591236345955931
p1k_00952,-1.0071068975
p1k_00953,-1.0071068975
p1k_00954,-0.5228203975193491
p1k_00955,-1.0071068975
p1k_00956,-1.0071068975
p1k_00957,-1.0071068975
p1k_00958,-0.6599461493867662
p1k_00959,-1.0071068975
p1k_00960,-1.0071068975
p1k_00961,-0.6765461427249589
p1k_00962,-1.0071068975
p1k_00963,-1.0071068975
p1k_00964,0.4808994581114008
p1k_00965,-1.0071068975
p1k_00966,-1.0071068975
p1k_00967,-0.2268755643205631
p1k_00968,-1.0071068975
p1k_00969,-0.13531249978647086
p1k_00970,-1.0071068975
p1k_00971,-1.0071068975
p1k_00972,-0.15412916543915112
p1k_00973,-1.0071068975
p1k_00974,0.4381433440700173
p1k_00975,-1.0071068975
p1k_00976,-1.0071068975
p1k_00977,-1.0071068975
p1k_00978,-1.0071068975
p1k_00979,-1.0071068975
p1k_00980,-1.0071068975
p1k_00981,-1.0071068975
p1k_00982,-1.0071068975
p1k_00983,-0.3216327917665256
p1k_00984,-1.0071068975
p1k_00985,-1.0071068975
p1k_00986,-1.0071068975
p1k_00987,-1.0071068975
p1k_00988,-0.6488389846874718
p1k_00989,-1.0071068975
p1k_00990,-1.0071068975
p1k_00991,-0.43749035727256336
p1k_00992,-1.0071068975
p1k_00993,-1.0071068975
p1k_00994,1.2452703388805233
p1k_00995,-1.0071068975
p1k_00996,0.8510612389807091
p1k_00997,-1.0071068975
p1k_00998,-0.3094171146845799
p1k_00999,0.1287579106391148
p1k_01000,-0.10406839421604552
p1k_01001,-1.0071068975
p1k_01002,-0.2124777534916256
p1k_01003,0.17260736027566415
p1k_01004,-1.0071068975
p1k_01005,-1.0071068975
p1k_01006,-1.0071068975
p1k_01007,-0.1757359291173416
p1k_01008,-1.0071068975
p1k_01009,-1.0071068975
p1k_01010,-0.14727249863330993
p1k_01011,-1.0071068975
p1k_01012,0.1678174091033029
p1k_01013,-0.09020308376110707
p1k_01014,-1.0071068975
p1k_01015,-1.0071068975
p1k_01016,0.2404433474428187
p1k_01017,-1.0071068975
p1k_01018,-1.0071068975
p1k_01019,0.1897245222003108
p1k_01020,-1.0071068975
p1k_01021,-1.0071068975
p1k_01022,-1.0071068975
p1k_01023,0.7080579737871884
p1k_01024,0.4347312476994085
p1k_01025,-1.0071068975
p1k_01026,0.487503201135485
p1k_01027,0.08595060253098996
p1k_01028,-1.0071068975
p1k_01029,-1.0071068975
p1k_01030,0.028691017674708382
p1k_01031,-1.0071068975
p1k_01032,-1.0071068975
p1k_01033,-1.0071068975
p1k_01034,-0.2761946557661373
p1k_01035,-1.0071068975
p1k_01036,0.4976374776484658
p1k_01037,0.3696643531780344
p1k_01038,-1.0071068975
p1k_01039,-1.0071068975
p1k_01040,-1.0071068975
p1k_01041,-1.0071068975
p1k_01042,-1.0071068975
p1k_01043,-1.0071068975
p1k_01044,-1.0071068975
p1k_01045,-1.0071068975
p1k_01046,-1.0071068975
p1k_01047,-0.3276604686688851
p1k_01048,-1.0071068975
p1k_01049,-1.0071068975
p1k_01050,-1.0071068975
p1k_01051,-1.0071068975
p1k_01052,-1.0071068975
p1k_01053,0.09578639403528122
p1k_01054,0.5301386462917022
p1k_01055,-1.0071068975
