,b1540
p1k_00001,-0.0275128070000008
p1k_00002,0.02751280699999992
p1k_00003,-0.8841130450000012
p1k_00004,-0.9652654650000008
p1k_00005,-0.2881615170000016
p1k_00006,-0.33230662100000075
p1k_00007,-0.613338143
p1k_00008,-0.5684113900000005
p1k_00009,-0.36872866100000135
p1k_00010,-0.3004727560000013
p1k_00011,-0.43453639900000063
p1k_00012,-0.3649512170000016
p1k_00014,-0.6180623850000009
p1k_00015,-0.4268488380000006
p1k_00016,-0.4554779270000013
p1k_00017,-0.38162912200000143
p1k_00018,-0.4797969230000012
p1k_00019,-2.132200549
p1k_00020,-2.158337693000001
p1k_00021,-1.5870059110000003
p1k_00022,-1.525946320000001
p1k_00023,-1.9261526680000007
p1k_00024,-1.6465961420000008
p1k_00025,-1.6149842000000012
p1k_00026,-1.5329877340000009
p1k_00027,-0.15375648799999994
p1k_00028,-0.12825867900000087
p1k_00029,-0.14469972799999994
p1k_00030,-0.21512591000000114
p1k_00031,0.13961124299999916
p1k_00032,-0.0008032090000007487
p1k_00033,-0.5254143060000009
p1k_00034,-0.2966745850000008
p1k_00035,-0.4483282200000005
p1k_00036,-0.4527012610000014
p1k_00037,-0.5591093970000012
p1k_00038,-0.3661621479999999
p1k_00039,-0.4682653589999992
p1k_00040,-0.5717904079999999
p1k_00041,-0.9844504780000004
p1k_00042,-0.7201245789999993
p1k_00043,-0.6965245180000004
p1k_00044,-0.6395332160000011
p1k_00045,-0.5756894110000008
p1k_00046,-0.4431820000000011
p1k_00047,-0.8687665490000009
p1k_00048,-0.7120502770000003
p1k_00049,-0.10244284000000103
p1k_00050,0.3223319349999993
p1k_00051,0.40073521199999984
p1k_00052,-0.1612085160000012
p1k_00053,-0.208081183
p1k_00054,0.2934672919999999
p1k_00055,0.41173490999999895
p1k_00056,-0.21154773900000026
p1k_00057,-0.2304523310000004
p1k_00058,-0.4322944050000004
p1k_00059,-0.7076562640000006
p1k_00060,-0.4033588050000008
p1k_00061,-0.3692697330000003
p1k_00062,-0.5118564070000016
p1k_00063,-0.445497058
p1k_00064,-1.1997334040000007
p1k_00065,-0.933934336000001
p1k_00066,-0.6840687740000009
p1k_00067,-0.6525213160000014
p1k_00068,0.4450350229999991
p1k_00070,-0.2969484060000012
p1k_00071,-0.016024231000001166
p1k_00072,-0.1384248510000008
p1k_00073,0.4770153939999977
p1k_00074,0.6263218349999988
p1k_00075,0.2309679399999993
p1k_00077,-0.14090787900000026
p1k_00078,0.16855837899999934
p1k_00079,0.4260438609999993
p1k_00080,0.2593084439999993
p1k_00081,-0.19705867700000115
p1k_00082,-0.018064678999999195
p1k_00083,0.005506534999999424
p1k_00084,-0.15214864800000072
p1k_00085,-0.15539370500000071
p1k_00086,-0.3727398240000008
p1k_00087,-0.31655687300000057
p1k_00088,-0.5716122400000003
p1k_00089,-0.7416637520000009
p1k_00090,-0.44017180300000014
p1k_00091,-0.511977207000001
p1k_00092,-0.12169930300000065
p1k_00093,-0.08582171800000005
p1k_00094,-1.170170853
p1k_00095,-1.1511120900000007
p1k_00096,-0.2965252699999992
p1k_00097,-0.10507383000000113
p1k_00098,-0.7464536120000016
p1k_00099,-0.8044244790000006
p1k_00100,-0.024932520000001013
p1k_00101,-0.33278006799999993
p1k_00102,-0.09418529400000077
p1k_00103,-0.8961260129999999
p1k_00104,-1.0540535030000004
p1k_00105,-0.32245813600000073
p1k_00106,-0.4976671050000006
p1k_00107,-0.4006522990000008
p1k_00108,-0.22470400400000035
p1k_00109,0.02002184699999976
p1k_00110,-0.11773074399999928
p1k_00111,-0.07772891700000084
p1k_00112,-0.22235978100000064
p1k_00113,-0.9889795010000012
p1k_00114,-0.7878194890000012
p1k_00115,-0.4500731610000006
p1k_00116,-0.2399707890000009
p1k_00117,-0.3756183510000009
p1k_00118,-0.3698493820000008
p1k_00119,-0.17703108000000078
p1k_00120,-0.13452817899999925
p1k_00121,-0.013902335000000932
p1k_00122,-0.5135468530000002
p1k_00123,-0.5482113370000015
p1k_00124,-0.5089479790000002
p1k_00125,-0.8253304860000004
p1k_00126,-0.7889505550000004
p1k_00127,-1.1861377770000017
p1k_00128,-0.569744065000001
p1k_00129,-0.16838012300000038
p1k_00130,-0.6027403620000014
p1k_00131,-0.7743396990000004
p1k_00132,-0.3507045730000007
p1k_00133,0.09630237799999897
p1k_00134,-0.8200510590000007
p1k_00135,0.07091076799999918
p1k_00136,0.3611514319999989
p1k_00137,0.20318067299999854
p1k_00138,0.5216297469999995
p1k_00139,0.13524801499999928
p1k_00140,0.021173587999999025
p1k_00141,0.5325224939999993
p1k_00142,-0.9168076790000006
p1k_00143,-0.1786088370000014
p1k_00144,0.13188370899999935
p1k_00145,0.503978877999999
p1k_00146,-1.228050928
p1k_00147,-0.3201489130000006
p1k_00148,0.6413249259999994
p1k_00149,-0.6669792829999999
p1k_00150,0.5738324049999992
p1k_00151,-0.7359641950000011
p1k_00152,-0.5153202840000004
p1k_00153,-0.6553204429999999
p1k_00154,0.3865966909999994
p1k_00155,-0.4014556560000013
p1k_00157,-1.0648002140000008
p1k_00158,-1.7905968780000006
p1k_00159,-0.5950478870000016
p1k_00160,-0.9647942020000012
p1k_00161,-0.6404309660000012
p1k_00162,-0.515938611000001
p1k_00163,-0.4308801960000004
p1k_00164,-0.5989748100000005
p1k_00165,-1.0489154910000007
p1k_00166,-0.6893971780000001
p1k_00167,-1.2692029340000008
p1k_00168,-1.2596189160000009
p1k_00169,-0.4050129480000004
p1k_00170,-0.4261410970000004
p1k_00171,-0.17362383300000062
p1k_00172,-0.34354786000000104
p1k_00173,-0.6021722629999999
p1k_00174,-0.5741878380000003
p1k_00175,-0.41808305200000095
p1k_00176,-0.37631615000000096
p1k_00177,-0.6421190560000012
p1k_00178,-0.5961472490000004
p1k_00179,-0.5551414980000002
p1k_00180,-0.5579264680000007
p1k_00181,-0.6470972610000008
p1k_00182,-0.529304616000001
p1k_00183,-0.5700730060000003
p1k_00184,-0.7730215900000008
p1k_00185,-0.3284527500000012
p1k_00186,-0.4585875030000004
p1k_00187,-0.5040990180000007
p1k_00188,-0.38925397100000136
p1k_00189,-0.2783856240000002
p1k_00190,-0.5000884340000002
p1k_00191,-0.8219467770000008
p1k_00192,-0.4653756750000007
p1k_00193,-0.019587939000000887
p1k_00194,-0.19421525500000048
p1k_00195,0.14842282599999912
p1k_00196,-0.028843335000000362
p1k_00197,-0.15488251900000094
p1k_00198,-0.1289318820000016
p1k_00199,0.2783706439999989
p1k_00200,0.13429710399999895
p1k_00201,-0.17678493200000034
p1k_00202,-0.2373286600000011
p1k_00203,-0.6929101750000006
p1k_00204,-0.7156889630000007
p1k_00205,0.05200187899999964
p1k_00206,0.3172517689999994
p1k_00207,-0.37264972100000093
p1k_00208,-0.4633649240000004
p1k_00209,-0.8806256190000008
p1k_00210,-0.4864201380000006
p1k_00211,-0.20602901100000093
p1k_00212,-0.363565683
p1k_00213,-0.8752086300000004
p1k_00214,-0.6548467970000011
p1k_00215,-0.3023177730000004
p1k_00216,-0.17101728700000152
p1k_00217,-0.20113703400000027
p1k_00218,-0.10258965700000112
p1k_00219,-0.12046638500000115
p1k_00220,-0.4343576170000016
p1k_00221,-0.3044144460000009
p1k_00222,-0.34670482000000113
p1k_00223,-0.3830652590000003
p1k_00224,-0.2680642939999993
p1k_00225,-0.34672564600000033
p1k_00226,-0.2534297780000001
p1k_00227,-0.4752754330000002
p1k_00228,-0.19519937100000107
p1k_00229,-1.1479818910000006
p1k_00230,-0.9124335430000006
p1k_00231,-0.8121115150000007
p1k_00232,-0.8149060920000011
p1k_00233,-0.2593298740000005
p1k_00234,-0.8578229960000003
p1k_00235,-0.8327854029999999
p1k_00236,-1.1365638110000011
p1k_00237,-1.103433302000001
p1k_00238,-0.29891802500000075
p1k_00239,-0.37993020600000094
p1k_00240,-0.2589447800000011
p1k_00241,-0.5879607310000008
p1k_00242,-0.6820332130000004
p1k_00243,-0.6584558280000001
p1k_00244,-0.6822143920000014
p1k_00245,0.10867327199999988
p1k_00246,-0.01342276100000106
p1k_00247,-0.1349103360000008
p1k_00248,-0.0547703660000014
p1k_00249,-0.28648333600000075
p1k_00250,-0.31048138299999994
p1k_00251,-0.9065420960000008
p1k_00252,-0.6181347940000004
p1k_00253,-0.5392525260000012
p1k_00254,-0.2517607580000005
p1k_00255,-0.6643784760000013
p1k_00256,-0.7939868889999993
p1k_00257,-0.6024050990000003
p1k_00258,-0.5177320940000003
p1k_00259,-0.6045252010000004
p1k_00260,-0.4753175590000005
p1k_00261,-0.31838995600000075
p1k_00262,-0.1484680270000016
p1k_00263,-0.22770958300000024
p1k_00264,-0.19494127700000166
p1k_00265,-0.18978654500000047
p1k_00266,-0.18841236800000072
p1k_00267,-0.04882708299999994
p1k_00268,-0.17463088400000082
p1k_00269,-0.05727475400000071
p1k_00270,-0.17853895700000155
p1k_00271,0.09463950499999907
p1k_00272,0.19430217199999955
p1k_00273,-0.3806529530000001
p1k_00274,-0.5167852370000015
p1k_00275,-0.6512679850000005
p1k_00276,-0.592240362000001
p1k_00277,-0.3662233740000005
p1k_00278,-0.4352883420000016
p1k_00279,-0.5100264940000008
p1k_00280,-0.4764729200000009
p1k_00281,-0.9389387950000004
p1k_00282,-1.4301267660000008
p1k_00283,-0.5698494020000009
p1k_00284,-0.558812821000001
p1k_00285,-0.35035944700000154
p1k_00286,-0.4385764100000005
p1k_00287,-0.5637244270000004
p1k_00288,-0.6870377830000001
p1k_00289,-0.8842054910000003
p1k_00290,-0.7457525840000008
p1k_00291,-0.6686945540000009
p1k_00292,-0.5678801339999993
p1k_00293,-0.4057092040000008
p1k_00294,-0.3669969090000009
p1k_00295,-0.7997937840000002
p1k_00296,-1.0811505450000007
p1k_00297,-0.32926045200000154
p1k_00298,-0.4978240830000002
p1k_00299,-0.23216908600000075
p1k_00300,-0.4217177590000008
p1k_00301,-0.21605449400000065
p1k_00302,-0.1521407289999992
p1k_00303,-0.09836457900000097
p1k_00304,-0.23378481700000095
p1k_00305,-0.10824313900000072
p1k_00306,-0.1973971110000008
p1k_00307,-0.39367726700000105
p1k_00308,-0.5658289890000008
p1k_00309,0.05690820999999958
p1k_00310,0.12628447799999964
p1k_00311,0.041399802999999125
p1k_00312,0.07743412899999935
p1k_00313,-0.4768319489999993
p1k_00314,-0.5673595330000003
p1k_00315,-0.4207341200000005
p1k_00316,-0.2795928470000009
p1k_00317,-0.4709030310000006
p1k_00318,-0.4277424880000007
p1k_00319,-0.4291783600000008
p1k_00320,-0.3567668889999993
p1k_00321,-0.27016304200000096
p1k_00322,-0.16124513700000165
p1k_00323,-0.08364603400000092
p1k_00324,0.06833909399999882
p1k_00325,0.2201968109999992
p1k_00326,0.11909881099999975
p1k_00327,-0.03208206000000047
p1k_00328,0.015033444999999368
p1k_00329,-0.8212875180000001
p1k_00330,-0.5774474210000013
p1k_00331,0.00590392699999942
p1k_00332,0.007229103999999431
p1k_00333,-0.6688578470000008
p1k_00334,-0.5117291740000011
p1k_00335,-0.7977003800000011
p1k_00336,-0.7399613580000004
p1k_00337,0.2274489349999991
p1k_00338,0.24136316799999855
p1k_00339,0.11983053799999865
p1k_00340,0.181374224999999
p1k_00341,-0.3365971699999992
p1k_00342,-0.3164158600000011
p1k_00343,-0.4822885480000005
p1k_00344,-0.7236242689999992
p1k_00345,-0.260665833
p1k_00346,-0.5238136540000005
p1k_00347,-0.4079145460000007
p1k_00348,-0.6373312570000014
p1k_00349,-0.2553703850000009
p1k_00350,-0.24841976900000076
p1k_00351,-0.3208503960000009
p1k_00352,-0.3209241400000007
p1k_00353,-0.057718135000000885
p1k_00354,-0.1200931340000002
p1k_00355,-0.2288843030000001
p1k_00356,-0.08329905500000034
p1k_00357,0.07144396999999891
p1k_00358,0.2324869649999997
p1k_00359,0.4437564219999999
p1k_00360,0.4965800809999994
p1k_00361,-0.0842332860000008
p1k_00362,-0.2486449620000011
p1k_00363,0.3065547869999996
p1k_00364,0.03068231999999949
p1k_00365,0.3947670110000008
p1k_00366,0.3618812120000001
p1k_00367,-0.4073701120000015
p1k_00368,-0.4631129260000009
p1k_00369,-0.21210623000000076
p1k_00370,-0.12010403800000002
p1k_00371,-0.12850497200000088
p1k_00372,-0.16574235000000034
p1k_00373,0.444221432
p1k_00374,0.3025533929999984
p1k_00375,0.02560086899999892
p1k_00376,0.15487365299999833
p1k_00377,0.9204328619999992
p1k_00378,1.1035936759999991
p1k_00379,-0.08466843700000037
p1k_00380,0.016844929999998648
p1k_00381,-0.3797809190000008
p1k_00382,-0.5019100660000007
p1k_00383,-0.006098073000000426
p1k_00384,0.4223160489999991
p1k_00385,-0.07889235300000053
p1k_00386,-0.08639603100000137
p1k_00387,-0.5344867550000005
p1k_00388,-0.3863876480000004
p1k_00389,-0.3843643129999999
p1k_00390,-0.5445780900000008
p1k_00391,-0.2511405280000005
p1k_00392,-0.5007763520000008
p1k_00393,-0.201860978
p1k_00394,-0.4067280490000007
p1k_00395,-0.26617418600000065
p1k_00396,-0.4653003590000005
p1k_00397,-0.5027294010000007
p1k_00398,-0.11251378800000024
p1k_00399,-0.43660675000000093
p1k_00400,-0.5615890440000006
p1k_00401,-0.5569398200000011
p1k_00402,-0.5935507850000006
p1k_00403,-0.6244736230000001
p1k_00404,-0.4933635590000005
p1k_00405,-0.4481526990000004
p1k_00406,-0.3973940010000003
p1k_00407,-0.3302382740000009
p1k_00408,-0.22912464900000096
p1k_00409,0.229797112
p1k_00410,0.19857746999999915
p1k_00411,-0.1841846330000001
p1k_00412,-0.43835498400000095
p1k_00413,-0.22397761900000024
p1k_00414,-0.31312228800000064
p1k_00415,0.4563052559999994
p1k_00416,0.4279074449999989
p1k_00417,-0.4171948910000012
p1k_00418,-0.4937809040000003
p1k_00419,-0.5174154680000003
p1k_00420,-0.5116569370000015
p1k_00421,-0.2931255960000012
p1k_00422,-0.2564765960000006
p1k_00423,-0.3821467910000012
p1k_00424,-0.3291629840000008
p1k_00425,0.32949472899999943
p1k_00426,0.06467865799999918
p1k_00427,0.16182171899999884
p1k_00428,-0.2079272550000004
p1k_00429,-0.2350125910000012
p1k_00430,-0.3172700250000009
p1k_00431,-0.461547996000001
p1k_00432,-0.3611073540000005
p1k_00433,0.07691290499999948
p1k_00434,0.1402434649999993
p1k_00435,-0.4007485440000007
p1k_00436,-0.26127110200000114
p1k_00437,-0.361806723
p1k_00438,-0.33678591200000163
p1k_00439,0.049392679999999516
p1k_00440,0.2620384989999991
p1k_00441,-0.395215383
p1k_00442,-0.2610196370000004
p1k_00443,-0.455236762000001
p1k_00444,-0.3785186660000006
p1k_00445,-0.02791867600000142
p1k_00446,-0.13101430800000013
p1k_00447,-0.2835753340000009
p1k_00448,-0.5637706390000004
p1k_00449,0.16384629999999945
p1k_00450,0.23320248999999915
p1k_00451,0.280135327
p1k_00452,0.3656276399999996
p1k_00453,0.23004149599999926
p1k_00454,0.3257174179999991
p1k_00455,-0.5280692820000015
p1k_00456,-0.5510994360000003
p1k_00457,-0.9481055080000004
p1k_00458,-1.219919410000001
p1k_00459,-1.5874056580000009
p1k_00460,-1.4169667600000009
p1k_00461,0.19657878399999884
p1k_00462,0.3056897869999995
p1k_00463,-1.6738942580000007
p1k_00464,-1.483251612000001
p1k_00465,-0.2424375430000003
p1k_00466,-0.32910284200000106
p1k_00467,-0.9204920839999992
p1k_00468,-0.7089814050000012
p1k_00469,-1.4255456250000007
p1k_00470,-1.4742900690000005
p1k_00471,-0.5039134070000015
p1k_00472,-0.7222519750000007
p1k_00473,-0.5463837710000004
p1k_00474,-0.4429043550000005
p1k_00475,-0.6336148600000007
p1k_00476,-0.3621120100000006
p1k_00477,-0.04710606900000069
p1k_00478,-0.11478605700000165
p1k_00479,-1.0859977570000003
p1k_00480,-1.2444347990000004
p1k_00481,-0.6571491900000009
p1k_00482,-0.5844304770000015
p1k_00483,-0.7226207350000005
p1k_00484,-0.6157844360000011
p1k_00485,-0.913789308
p1k_00486,-0.7303736930000007
p1k_00487,-0.8106872130000005
p1k_00488,-0.672549643
p1k_00489,-0.7761901620000016
p1k_00490,-0.773766997000001
p1k_00491,-1.4555075300000009
p1k_00492,-1.4381061140000009
p1k_00493,-0.7648250910000014
p1k_00494,-0.5605272020000012
p1k_00495,-1.581202138000001
p1k_00496,-1.5347165710000006
p1k_00497,-0.5284383780000006
p1k_00498,-0.4158322320000014
p1k_00499,-0.1088702200000009
p1k_00500,-0.1359707890000008
p1k_00501,-0.065552320000001
p1k_00502,-0.02929423900000039
p1k_00503,0.08359373099999967
p1k_00504,0.04669609799999908
p1k_00505,-0.9542897960000012
p1k_00506,-0.832726203
p1k_00507,-1.6831339830000012
p1k_00508,-1.762285793000001
p1k_00509,-1.0332201600000008
p1k_00510,-1.0943513770000015
p1k_00612,-0.4136397250000004
p1k_00613,-0.5850597420000003
p1k_00614,-0.8384877989999993
p1k_00615,-0.6267690080000001
p1k_00558,-0.4932404330000004
p1k_00559,-0.5281561700000008
p1k_00562,-0.8533380250000011
p1k_00563,-0.6933735100000007
p1k_00564,-0.9008282400000011
p1k_00565,-0.809338168
p1k_00566,0.14851386700000013
p1k_00567,-0.1062322610000006
p1k_00540,0.9459360159999992
p1k_00541,0.9861249529999992
p1k_00542,0.6441059519999994
p1k_00543,0.3805953319999995
p1k_00544,0.5500335319999996
p1k_00545,0.5427301689999977
p1k_00546,0.5535988639999978
p1k_00547,0.6730517129999987
p1k_00548,0.9917845989999988
p1k_00549,0.9093819949999996
p1k_00550,0.9979779669999987
p1k_00551,1.1229576409999993
p1k_00568,0.29741231700000004
p1k_00569,0.20820847100000076
p1k_00570,0.6527319069999988
p1k_00571,0.6261981069999996
p1k_00572,0.6858589029999989
p1k_00573,-0.11724812600000067
p1k_00574,0.6174895439999979
p1k_00575,0.6093694869999995
p1k_00586,0.34544276899999904
p1k_00587,0.4321805629999984
p1k_00588,0.4807127089999978
p1k_00589,0.3710942939999988
p1k_00590,0.4838173759999993
p1k_00591,0.6195896169999999
p1k_00592,0.5937236729999986
p1k_00593,-0.07951314300000067
p1k_00576,-0.6205752620000009
p1k_00577,-0.5762724750000006
p1k_00578,-0.020056574000000715
p1k_00579,-0.06247003900000081
p1k_00582,-0.9273426250000004
p1k_00583,-1.0896212640000007
p1k_00584,-0.3601035900000005
p1k_00585,-0.3825558080000002
p1k_00511,0.8498416499999992
p1k_00512,0.7495016249999988
p1k_00513,0.8133601570000001
p1k_00514,0.5393217129999979
p1k_00515,0.5431520679999986
p1k_00516,0.4761096429999992
p1k_00517,0.4932031370000001
p1k_00600,0.4734527209999992
p1k_00601,0.8560859129999985
p1k_00602,0.6432387769999997
p1k_00603,0.7137526169999999
p1k_00604,0.7952973399999994
p1k_00605,0.950465423999999
p1k_00606,0.9070434819999988
p1k_00607,0.3063402869999994
p1k_00608,0.36494758999999893
p1k_00609,0.3754720449999995
p1k_00610,0.32466772299999835
p1k_00611,0.1505855269999996
p1k_00552,0.5914637070000001
p1k_00553,0.677924022
p1k_00554,0.5789668479999985
p1k_00555,0.6278307209999996
p1k_00556,0.07075687499999894
p1k_00557,-0.08629159200000114
p1k_00594,0.28760204699999997
p1k_00595,0.3032043120000001
p1k_00596,0.5254277809999994
p1k_00597,0.5506238279999991
p1k_00598,0.5456367579999979
p1k_00599,0.4940980539999993
p1k_00518,-0.9553369870000008
p1k_00519,-0.9628820600000011
p1k_00520,-0.8087535860000008
p1k_00521,-0.8694571800000004
p1k_00522,-0.16724866600000074
p1k_00523,0.2705182589999993
p1k_00524,0.5596980120000001
p1k_00525,0.4420261460000008
p1k_00526,-0.1687549560000008
p1k_00527,-0.01298137200000138
p1k_00528,-0.39490100200000106
p1k_00529,-0.06803643100000034
p1k_00530,-0.4049138150000005
p1k_00531,-0.3777308040000005
p1k_00532,-0.467262828
p1k_00533,-0.5893190410000004
p1k_00534,0.34232541999999894
p1k_00535,0.23988631599999974
p1k_00536,0.7867619689999978
p1k_00537,0.8603235159999993
p1k_00538,0.20849885699999948
p1k_00539,0.38112389399999896
p1k_00616,-0.3405616180000006
p1k_00617,-0.3679546930000006
p1k_00618,-0.8187565620000017
p1k_00619,-1.1974771350000006
p1k_00620,-0.3492271530000002
p1k_00621,-0.18869683300000076
p1k_00622,-0.7037602620000012
p1k_00623,-1.0230540330000002
p1k_00624,-0.6456249450000007
p1k_00625,-0.7864105290000003
p1k_00626,-0.518022257000001
p1k_00627,-0.7169444810000014
p1k_00628,-0.4843525640000008
p1k_00629,-0.5489549980000001
p1k_00630,-0.7298580050000005
p1k_00631,-0.5900764260000004
p1k_00632,-0.3349706060000006
p1k_00633,-0.2393666720000009
p1k_00634,-1.2435967140000006
p1k_00635,-1.6713125690000004
p1k_00636,-0.4551177500000012
p1k_00637,-0.4873570130000005
p1k_00638,-0.6467373129999999
p1k_00639,-0.5846548900000004
p1k_00640,-0.16999854400000025
p1k_00641,-0.3817645850000009
p1k_00642,-0.3996655770000004
p1k_00643,-0.3709083780000002
p1k_00644,-0.4706860510000004
p1k_00645,-0.454137407000001
p1k_00646,-1.1829509440000008
p1k_00647,-0.8112062329999999
p1k_00648,-0.7034599550000005
p1k_00649,-0.7096735830000007
p1k_00650,-0.6204004450000005
p1k_00651,-0.5610401850000004
p1k_00652,-0.5019166880000006
p1k_00653,-0.467308495000001
p1k_00654,-0.979459609000001
p1k_00655,-1.5998657110000014
p1k_00656,-0.3551929240000007
p1k_00657,-0.5575549440000005
p1k_00658,-1.5253409930000004
p1k_00659,-1.6331560420000004
p1k_00660,-0.7722608010000007
p1k_00661,-0.9377389900000006
p1k_00662,-1.3390413320000016
p1k_00663,-0.9453335510000008
p1k_00664,-0.6233838150000004
p1k_00665,-0.7094100280000006
p1k_00666,-0.4929425789999993
p1k_00667,-0.6970723430000012
p1k_00668,-0.3672682520000015
p1k_00669,-0.3099242510000009
p1k_00670,-0.5025554460000006
p1k_00671,-0.2780828400000006
p1k_00672,-0.6394657610000012
p1k_00673,-0.9420319120000008
p1k_00674,-0.2436775100000004
p1k_00675,-0.511544820000001
p1k_00676,-0.8513128370000009
p1k_00677,-0.779819336000001
p1k_00678,-0.5577966310000004
p1k_00679,-1.0003975800000005
p1k_00680,-0.2930191620000011
p1k_00681,-0.9386802780000004
p1k_00682,-0.42677544000000106
p1k_00683,-0.4161277250000008
p1k_00684,-1.012599641000001
p1k_00685,-0.9094828680000004
p1k_00686,-0.8796908280000002
p1k_00687,-1.5343536680000005
p1k_00688,-1.502351062000001
p1k_00689,-1.9290826020000005
p1k_00690,-0.9850925200000012
p1k_00691,-1.0376420580000003
p1k_00692,-0.4894209920000003
p1k_00693,-0.6236817410000004
p1k_00694,-0.36786533700000135
p1k_00695,-0.2726259210000004
p1k_00696,-0.2749337720000016
p1k_00697,-0.23418524900000026
p1k_00698,-0.4730629520000012
p1k_00699,-0.3210111590000002
p1k_00700,-0.6024742130000007
p1k_00701,-0.7291348689999992
p1k_00702,-0.5680906650000006
p1k_00703,-0.5193279140000007
p1k_00704,-0.4442609940000004
p1k_00705,-0.6883079350000011
p1k_00706,-0.3711485690000007
p1k_00707,-0.4974603290000008
p1k_00708,-1.0795683690000004
p1k_00709,-0.940869643
p1k_00710,-0.5027732760000011
p1k_00711,-0.6892322190000009
p1k_00712,-0.7899052240000008
p1k_00713,-0.8148946180000003
p1k_00714,-0.9635984340000006
p1k_00715,-0.8169458220000009
p1k_00716,-0.16064425200000088
p1k_00717,-0.5991334140000006
p1k_00718,-0.7008730389999993
p1k_00719,-0.7274937570000004
p1k_00721,-0.6615572360000009
p1k_00722,-0.6187007010000007
p1k_00723,-0.6186689770000013
p1k_00724,-0.6542051750000004
p1k_00725,-1.0761969010000012
p1k_00726,-0.9598639190000008
p1k_00727,-0.4134463100000012
p1k_00728,-0.6764715640000007
p1k_00729,-0.5617880339999992
p1k_00730,-0.6966427930000005
p1k_00731,-0.5467161210000011
p1k_00732,-0.7576118040000006
p1k_00733,-0.5160065900000008
p1k_00734,-0.8515052780000003
p1k_00735,-0.07958305400000043
p1k_00736,-0.2806495940000007
p1k_00737,-0.5980638240000005
p1k_00738,-0.6056028160000011
p1k_00739,-0.5987504400000008
p1k_00740,-0.5668102720000014
p1k_00741,-0.615111971000001
p1k_00742,-0.5924669329999999
p1k_00743,-0.9465633040000004
p1k_00744,-0.6224419650000009
p1k_00745,-0.5940126590000006
p1k_00746,-0.7429765510000008
p1k_00747,-0.9402342630000008
p1k_00748,-1.058112695000001
p1k_00749,-1.4335643730000005
p1k_00750,-1.3089100190000007
p1k_00751,-1.2546394900000006
p1k_00752,-1.0001527940000008
p1k_00753,-0.3042924230000006
p1k_00754,0.06338936099999959
p1k_00755,-0.8330115740000004
p1k_00756,-0.9731321889999992
p1k_00757,-0.8516629900000003
p1k_00758,-0.9272231320000008
p1k_00759,-0.8010370770000009
p1k_00760,-1.0374186020000016
p1k_00761,-1.3789338020000017
p1k_00762,-1.5108342220000006
p1k_00763,-0.44267410600000107
p1k_00764,-0.42506402500000107
p1k_00765,-0.5981442800000005
p1k_00766,-0.8888371510000006
p1k_00767,-0.8793205620000011
p1k_00768,-0.8084396310000006
p1k_00769,-0.6110589860000006
p1k_00770,-0.5677768320000016
p1k_00771,-0.6342338720000011
p1k_00772,-0.7494785260000008
p1k_00773,0.10340291100000076
p1k_00774,-0.0025503770000003807
p1k_00775,-0.8641592640000004
p1k_00776,-0.9072379800000006
p1k_00777,-0.4310912900000004
p1k_00778,-1.162574160000001
p1k_00779,-0.6043747490000007
p1k_00780,-0.6841651300000011
p1k_00781,-0.13542341900000032
p1k_00782,-0.2032811600000004
p1k_00783,-0.848648186000001
p1k_00784,-0.746155636000001
p1k_00785,-0.2468788929999999
p1k_00786,-0.09200366100000056
p1k_00787,-0.7197991320000003
p1k_00788,-0.712800145000001
p1k_00789,-0.2751601370000012
p1k_00790,-0.2256600370000008
p1k_00791,0.16745365199999984
p1k_00792,0.5382581399999989
p1k_00793,-0.005764267000000878
p1k_00794,-0.030750646000001325
p1k_00795,-0.2898547190000009
p1k_00796,-0.364463228
p1k_00797,-0.8373926960000011
p1k_00798,-0.7146399820000013
p1k_00799,-0.5656328050000008
p1k_00800,-0.5028383810000011
p1k_00801,-0.606762186000001
p1k_00802,-0.507046248
p1k_00803,-0.5123737020000014
p1k_00804,-0.3476682940000009
p1k_00805,-0.2361153680000001
p1k_00806,-0.22086484000000084
p1k_00807,-0.2967187340000006
p1k_00808,-0.2119671090000006
p1k_00809,-0.2707925480000002
p1k_00810,-0.1228475350000009
p1k_00811,-0.14550177400000042
p1k_00812,-0.19478832900000054
p1k_00813,0.059162825999999676
p1k_00814,-0.079797762000001
p1k_00815,0.1443267119999998
p1k_00816,0.013927628999997664
p1k_00817,-0.17117105600000038
p1k_00818,-0.1130298310000004
p1k_00819,-0.12252027100000085
p1k_00820,0.0235921699999988
p1k_00826,-6.862370070000001
p1k_00827,-6.862370070000001
p1k_00828,-0.08433347161730964
p1k_00829,0.08885470969296261
p1k_00830,-6.862370070000001
p1k_00831,-6.862370070000001
p1k_00832,-6.862370070000001
p1k_00833,-6.862370070000001
p1k_00834,-6.862370070000001
p1k_00835,-6.862370070000001
p1k_00836,-6.862370070000001
p1k_00837,-6.862370070000001
p1k_00838,-6.862370070000001
p1k_00839,-6.862370070000001
p1k_00840,-6.862370070000001
p1k_00841,-6.862370070000001
p1k_00842,-6.862370070000001
p1k_00843,-6.862370070000001
p1k_00844,-6.862370070000001
p1k_00845,-6.862370070000001
p1k_00846,-6.862370070000001
p1k_00847,-6.862370070000001
p1k_00848,-6.74643642321334
p1k_00849,-6.862370070000001
p1k_00850,-6.862370070000001
p1k_00851,-6.862370070000001
p1k_00852,-6.862370070000001
p1k_00853,-6.862370070000001
p1k_00854,-0.05515590431919648
p1k_00855,0.027207737598760492
p1k_00858,-0.6387651936304017
p1k_00859,-0.11422203606189285
p1k_00860,-0.06242538715182721
p1k_00861,-0.008615233540631095
p1k_00862,0.18592485172399087
p1k_00863,0.03277291694628559
p1k_00864,-0.09477372428820717
p1k_00865,0.1503751521797616
p1k_00866,0.3269318303696078
p1k_00867,0.4298247668801638
p1k_00868,0.2776855651625052
p1k_00869,0.3027586025809379
p1k_00870,0.3257055342605764
p1k_00871,0.4320425652061495
p1k_00872,-0.1311732713109679
p1k_00873,-0.01455660802110259
p1k_00874,-0.4691390548477594
p1k_00875,-0.5192183833551685
p1k_00876,-0.22290818737815687
p1k_00877,0.0018387629664315954
p1k_00878,0.028829140795963326
p1k_00879,-0.0033026204375001806
p1k_00880,-0.08155826528853094
p1k_00881,0.02622500697274166
p1k_00882,-0.4709030312767775
p1k_00883,-0.4277424882201819
p1k_00884,-0.27016304233564536
p1k_00885,-0.1612451369677661
p1k_00890,-0.5263814835888612
p1k_00891,-0.5929238489355644
p1k_00892,-1.653695272653664
p1k_00893,-1.5011133848089324
p1k_00894,-1.3482646834174723
p1k_00895,-1.4581599133279033
p1k_00896,-1.1634382075859984
p1k_00897,-0.8723536684055828
p1k_00898,-0.5914093930454722
p1k_00899,0.11399181312001885
p1k_00900,-1.2340875131962443
p1k_00901,-2.449698087697154
p1k_00902,-1.4911889407806491
p1k_00903,-1.3038248278868323
p1k_00904,-1.0881895431880588
p1k_00905,-0.8776096189998039
p1k_00906,-1.881846999843474
p1k_00907,-1.5745533366943059
p1k_00908,-1.8342639067672597
p1k_00909,-1.439556311696105
p1k_00910,-0.12814138818789278
p1k_00911,-0.17335370936549754
p1k_00912,-1.1443688947640682
p1k_00913,-1.1766546251403902
p1k_00914,-0.7338605160188525
p1k_00915,-0.4474517196463017
p1k_00916,-0.8606727630624649
p1k_00917,-0.796565301520177
p1k_00918,-1.3232456950258795
p1k_00919,-1.3683620082090826
p1k_00920,-0.03633862510089792
p1k_00921,-0.03139626931801054
p1k_00922,0.03459417850721547
p1k_00923,-0.2418941675305648
p1k_00924,-0.021196986414371292
p1k_00925,0.08511292952090876
p1k_00926,-0.0257874917393357
p1k_00927,-0.039282324732352165
p1k_00928,-0.06878262146099523
p1k_00929,-0.008209783053134245
p1k_00930,0.014368016419681771
p1k_00931,0.13429477799906042
p1k_00932,-0.5466988742945107
p1k_00933,-0.3000308129918654
p1k_00934,-0.7129354367839396
p1k_00935,-0.5433007719120271
p1k_00936,-0.4306775889667449
p1k_00937,-0.10983799113270276
p1k_00938,-1.0088000580758008
p1k_00939,-1.3472297198129706
p1k_00940,-1.195490763879988
p1k_00941,-1.6908714021802371
p1k_00942,-1.237690560384757
p1k_00943,-1.0988069587418394
p1k_00944,-0.8204881527988404
p1k_00945,-0.8588916690862494
p1k_00946,-0.8506791673510845
p1k_00947,-0.4255742256890232
p1k_00948,-0.5202942681146281
p1k_00949,-1.0239952029197497
p1k_00950,-1.2542674061423789
p1k_00951,-0.9885397759915849
p1k_00952,-1.3385649926017562
p1k_00953,-0.4023739611898254
p1k_00954,-0.467340752685053
p1k_00955,-1.1789443676792084
p1k_00956,-1.5060679633634244
p1k_00957,-0.8409267769813633
p1k_00958,-0.972802451376472
p1k_00959,-0.2915111448841614
p1k_00960,-0.2786705407354342
p1k_00961,-0.5919603526500685
p1k_00962,-0.5234290195703153
p1k_00963,-0.7840224162704308
p1k_00964,-0.8952120560621983
p1k_00965,-1.525430658312496
p1k_00966,-1.1790287948368263
p1k_00967,-1.4816592341172568
p1k_00968,-1.0579087909161131
p1k_00969,-0.7502777664814886
p1k_00970,-0.9567802497193308
p1k_00971,-1.0893214098257635
p1k_00972,-0.28211231434470285
p1k_00973,-1.5863435108619672
p1k_00974,-1.4569048518832837
p1k_00975,-0.9193056039161602
p1k_00976,-0.8154727291074639
p1k_00977,-0.43514628207181616
p1k_00978,-0.4559186779631528
p1k_00979,-1.5855770815541197
p1k_00980,-1.1715099767232378
p1k_00981,-0.7290260300763673
p1k_00982,-0.9534677157271618
p1k_00983,-0.5478209587143343
p1k_00984,-0.624302218364913
p1k_00985,-0.40839500296980796
p1k_00986,-0.6209768714441131
p1k_00987,-1.2761855708080765
p1k_00988,-1.134584819503953
p1k_00989,-1.1117614372056872
p1k_00990,-1.218415391470549
p1k_00991,-1.13512582289792
p1k_00992,-1.2361016169225512
p1k_00993,-1.0186440104062535
p1k_00994,-1.122457460188247
p1k_00995,-1.0008288988273728
p1k_00996,-0.4660147644456814
p1k_00997,-0.6359049990529035
p1k_00998,-0.4692375666894417
p1k_00999,-1.3611887610598243
p1k_01000,-1.1565787571879822
p1k_01001,-0.7914575788115936
p1k_01002,-1.062859020129438
p1k_01003,-0.4654581262313684
p1k_01004,-0.408613860779492
p1k_01005,-1.0906259761980444
p1k_01006,-1.309575532700169
p1k_01007,-0.8230903570713393
p1k_01008,-0.8595456186728603
p1k_01009,-0.5615716749993984
p1k_01010,-0.7273618708092641
p1k_01011,-0.6709122246206629
p1k_01012,-0.5596799635582776
p1k_01013,-0.5809660129994487
p1k_01014,-0.7221675327679788
p1k_01015,-0.9640450313947876
p1k_01016,-1.1124452904594513
p1k_01017,-0.9499307187769076
p1k_01018,-0.4428187025905848
p1k_01019,-0.5889239464769194
p1k_01020,-0.9415042096329485
p1k_01021,-1.0732017446123212
p1k_01022,-1.3365988113106209
p1k_01023,-0.873283426488003
p1k_01024,-1.2048439768346126
p1k_01025,-0.6002099009946322
p1k_01026,-0.6631483914709237
p1k_01027,-1.187654266708674
p1k_01028,-1.3096470014433228
p1k_01029,-1.0376758264680364
p1k_01030,-0.9189580774132446
p1k_01031,-0.8819301783587186
p1k_01032,-0.44567279601391263
p1k_01033,-0.4573672295266338
p1k_01034,-1.1970260352956164
p1k_01035,-1.166876575530197
p1k_01036,-0.8498315135395407
p1k_01037,-1.0590317342380624
p1k_01038,-1.1767475254305992
p1k_01039,-0.7211750695298003
p1k_01040,-0.570865185552563
p1k_01041,-1.1124537982055482
p1k_01042,-1.4209264678790072
p1k_01043,-1.0114348134275124
p1k_01044,-0.9322715801814844
p1k_01045,-0.0751171381490483
p1k_01046,-0.0009131163437325896
p1k_01047,-0.5903330596301846
p1k_01048,-0.6947928943445758
p1k_01049,-0.4256036921339295
p1k_01050,-0.3340878369539828
p1k_01051,-0.8252594431996805
p1k_01052,-0.4229634075124285
p1k_01053,-1.3670099626255734
p1k_01054,-0.9100119553645404
p1k_01055,-0.8142525809342187
