,condition,X_avg,X_std,n,rep1_idx,rep1_X,rep2_idx,rep2_X,rep3_idx,rep3_X,rep4_idx,rep4_X,rep5_idx,rep5_X,rep6_idx,rep6_X,rep7_idx,rep7_X,rep8_idx,rep8_X,rep9_idx,rep9_X,rep10_idx,rep10_X,rep11_idx,rep11_X,rep12_idx,rep12_X,rep13_idx,rep13_X,rep14_idx,rep14_X,rep15_idx,rep15_X,rep16_idx,rep16_X,rep17_idx,rep17_X,rep18_idx,rep18_X
0,aat__00m_00s,0.0,0.3496444272369201,3.0,0.0,0.1715210314,6.0,0.23076219650000002,12.0,-0.40228322790000004,,,,,,,,,,,,,,,,,,,,,,,,,,,,,,
1,aat__00m_30s,0.3656216379333334,0.29289862950695456,3.0,1.0,0.23534589900000003,7.0,0.7010570861000001,13.0,0.1604619287,,,,,,,,,,,,,,,,,,,,,,,,,,,,,,
2,aat__01m_00s,0.13455143103333334,0.0743124815263179,3.0,2.0,0.0530418858,8.0,0.1520792702,14.0,0.1985331371,,,,,,,,,,,,,,,,,,,,,,,,,,,,,,
3,aat__02m_00s,-0.011282444033333333,0.08369579662658033,3.0,3.0,0.0616776532,9.0,0.0071247056000000005,15.0,-0.1026496909,,,,,,,,,,,,,,,,,,,,,,,,,,,,,,
4,aat__05m_00s,0.0946536964,0.09583763280538642,3.0,4.0,0.08532202650000001,10.0,0.0038232392,16.0,0.1948158235,,,,,,,,,,,,,,,,,,,,,,,,,,,,,,
5,aat__10m_00s,0.3261466335666667,0.05598657073762253,3.0,5.0,0.3399567982,11.0,0.3739357522,17.0,0.2645473503,,,,,,,,,,,,,,,,,,,,,,,,,,,,,,
6,abx_mega__dmso-2,0.31066677355000005,0.5838709648028115,2.0,18.0,-0.102192345,71.0,0.7235258921000001,,,,,,,,,,,,,,,,,,,,,,,,,,,,,,,,
7,abx_mega__ery_dmso,0.30566426573333333,0.48582968520255787,3.0,19.0,0.8274959343,70.0,0.22307191640000001,205.0,-0.1335750535,,,,,,,,,,,,,,,,,,,,,,,,,,,,,,
8,abx_mega__nal_naoh,-0.0029379041624999942,0.25467775921077224,8.0,20.0,-0.2993581166,32.0,0.0700213716,55.0,0.3367149997,67.0,-0.036083073300000004,126.0,0.14101172780000001,147.0,0.0597296753,203.0,0.1503687253,210.0,-0.4459085431,,,,,,,,,,,,,,,,,,,,
9,abx_mega__dmso-5,0.2127272591,0.2992595656109699,3.0,21.0,-0.0435864529,34.0,0.1401759977,61.0,0.5415922325,,,,,,,,,,,,,,,,,,,,,,,,,,,,,,
10,abx_mega__rif_dmso,0.12554077265,0.32247386951529844,8.0,22.0,0.0962847035,104.0,0.3884609579,111.0,-0.48874940240000003,133.0,-0.16336759850000002,165.0,0.0992291208,238.0,0.2622741429,265.0,0.301582544,270.0,0.5086117130000001,,,,,,,,,,,,,,,,,,,,
11,abx_mega__novo_h2o,-0.6348483982428571,0.27536128021851924,7.0,23.0,-0.5050890716,56.0,-0.5970795117000001,82.0,-0.9785978811,118.0,-1.0591550504,134.0,-0.3267163715,137.0,-0.5084768038,227.0,-0.4688240976,,,,,,,,,,,,,,,,,,,,,,
12,abx_mega__rach_dmso,0.06200773105,0.36093338453287094,4.0,24.0,0.2554914829,101.0,0.4086614759,139.0,-0.41703432360000003,149.0,0.000912289,,,,,,,,,,,,,,,,,,,,,,,,,,,,
13,abx_mega__metro_dmso,0.739651830375,0.21435330574975886,4.0,25.0,0.8093614885,123.0,0.9570409472,155.0,0.7452863918,191.0,0.44691849400000005,,,,,,,,,,,,,,,,,,,,,,,,,,,,
14,abx_mega__dmso-6,0.09757557186666667,0.06383135996920511,3.0,26.0,0.16348834780000002,59.0,0.0360522101,159.0,0.09318615770000001,,,,,,,,,,,,,,,,,,,,,,,,,,,,,,
15,abx_mega__chl_h2o,-0.02219302764000001,0.12424906660129806,5.0,27.0,-0.2072305006,76.0,-0.0566789465,146.0,0.1320783381,162.0,0.0244795057,262.0,-0.0036135349,,,,,,,,,,,,,,,,,,,,,,,,,,
16,abx_mega__cst_h2o,0.25929615105,0.09760269878737188,4.0,28.0,0.1133808805,94.0,0.3184237566,186.0,0.3062586749,231.0,0.2991212922,,,,,,,,,,,,,,,,,,,,,,,,,,,,
17,abx_mega__tec_h2o,0.5830617788333333,0.025295568920753374,3.0,29.0,0.5882539112,49.0,0.605358425,260.0,0.5555730003,,,,,,,,,,,,,,,,,,,,,,,,,,,,,,
18,abx_mega__str_h2o,0.029003797640000016,0.2278206818657332,5.0,30.0,-0.2850561934,77.0,0.12594502100000002,172.0,-0.1331189451,259.0,0.24491074940000002,280.0,0.1923383563,,,,,,,,,,,,,,,,,,,,,,,,,,
19,abx_mega__ctx_h2o,-0.040949113725000014,0.1863108665492824,4.0,31.0,-0.0730680498,40.0,0.1119322734,138.0,-0.2916446682,192.0,0.0889839897,,,,,,,,,,,,,,,,,,,,,,,,,,,,
20,abx_mega__phos_h2o,0.03848073102857145,0.4755955621482617,7.0,33.0,0.0001692677,39.0,0.20580972250000001,58.0,-0.0151666067,122.0,0.46266919310000004,170.0,-0.9240688827,244.0,0.034196536300000004,261.0,0.5057558870000001,,,,,,,,,,,,,,,,,,,,,,
21,abx_mega__polmyx_h2o,-0.025079644485714283,0.20954848353200478,7.0,35.0,-0.1007563481,79.0,-0.3257036848,92.0,-0.0883700308,208.0,-0.095880923,251.0,0.3032436848,263.0,0.1962859107,299.0,-0.0643761202,,,,,,,,,,,,,,,,,,,,,,
22,abx_mega__h2o-8b,0.22327094316666665,0.21602657757843569,3.0,36.0,0.0373040199,234.0,0.46023256220000003,275.0,0.1722762474,,,,,,,,,,,,,,,,,,,,,,,,,,,,,,
23,abx_mega__h2o-6,0.186747577,0.11038653570729155,3.0,37.0,0.2675401503,214.0,0.23173048770000002,307.0,0.060972093000000005,,,,,,,,,,,,,,,,,,,,,,,,,,,,,,
24,abx_mega__thio_dmso,0.332095961775,0.36800360721969755,4.0,38.0,0.23995162550000002,102.0,0.8752260676,248.0,0.130108311,269.0,0.083097843,,,,,,,,,,,,,,,,,,,,,,,,,,,,
25,abx_mega__lzd_dmso,0.6545020538,0.2074160280289314,4.0,41.0,0.46752567850000004,178.0,0.9074742034000001,249.0,0.5033275371,309.0,0.7396807962,,,,,,,,,,,,,,,,,,,,,,,,,,,,
26,abx_mega__naoh-9,0.49409663115,0.06341327864902825,2.0,42.0,0.5389365905,294.0,0.4492566718,,,,,,,,,,,,,,,,,,,,,,,,,,,,,,,,
27,abx_mega__dox_dmso,0.39074615702500004,0.402320243666052,8.0,43.0,0.7332853960000001,142.0,0.043654164100000004,166.0,0.8090947696,177.0,0.1835929131,221.0,0.8389188873000001,256.0,-0.2444620164,282.0,0.19021161020000002,305.0,0.5716735323000001,,,,,,,,,,,,,,,,,,,,
28,abx_mega__phos_ethanol,0.3707717723,0.1286346706325866,2.0,44.0,0.2798133244,154.0,0.46173022020000004,,,,,,,,,,,,,,,,,,,,,,,,,,,,,,,,
29,abx_mega__teix_dmso,0.2603203448111111,0.17190363430116268,18.0,45.0,0.1531941949,54.0,0.3952321533,106.0,0.31218349770000003,108.0,0.3719698135,135.0,0.2266432068,143.0,0.2572515201,150.0,0.31523496300000003,183.0,0.27405174320000003,204.0,0.2530390074,226.0,-0.0024954964,253.0,0.3651530776,255.0,0.6828943041000001,257.0,0.1937949586,264.0,0.3593943202,268.0,0.2782991476,284.0,-0.0951856314,300.0,0.0344503831,306.0,0.3106610433
30,abx_mega__dmso-10,0.38638034503333335,0.11733061480804372,3.0,46.0,0.47049717760000004,57.0,0.4362987847,66.0,0.2523450728,,,,,,,,,,,,,,,,,,,,,,,,,,,,,,
31,abx_mega__van_dmso,-0.002730841619999997,0.17226370066424854,5.0,47.0,-0.2281097451,72.0,0.24688135730000002,112.0,0.0479480455,156.0,-0.0507454161,212.0,-0.0296284497,,,,,,,,,,,,,,,,,,,,,,,,,,
32,abx_mega__ramo_h2o,0.23126597883333333,0.1771483905845064,3.0,48.0,0.1560465681,184.0,0.1041392812,266.0,0.4336120872,,,,,,,,,,,,,,,,,,,,,,,,,,,,,,
33,abx_mega__h2o-7,0.2724803893,0.0743309977721009,3.0,50.0,0.29910661510000003,245.0,0.32983113070000003,258.0,0.1885034221,,,,,,,,,,,,,,,,,,,,,,,,,,,,,,
34,abx_mega__cro_h2o,-0.019047348325000005,0.24086161658422178,4.0,51.0,0.0399544462,119.0,0.2868041799,120.0,-0.2737844944,278.0,-0.129163525,,,,,,,,,,,,,,,,,,,,,,,,,,,,
35,abx_mega__tric_ethanol,0.4784930318,0.15160205636851193,2.0,52.0,0.5856918739,182.0,0.3712941897,,,,,,,,,,,,,,,,,,,,,,,,,,,,,,,,
36,abx_mega__nor_naoh,0.05780742196000001,0.15648249401055714,5.0,53.0,0.12460268370000001,90.0,-0.0024889829,100.0,-0.1803968772,216.0,0.22962810790000002,293.0,0.1176921783,,,,,,,,,,,,,,,,,,,,,,,,,,
37,abx_mega__rfp_ethanol,0.77727930755,0.381252125170722,2.0,60.0,0.5076933445,78.0,1.0468652706,,,,,,,,,,,,,,,,,,,,,,,,,,,,,,,,
38,abx_mega__amyc-d_dmso,0.4683093221875,0.31555073508193593,8.0,62.0,-0.1597177746,91.0,0.8954847254,103.0,0.6301098702,105.0,0.3775289258,117.0,0.41672932,141.0,0.4352227487,174.0,0.7472100174,201.0,0.40390674460000003,,,,,,,,,,,,,,,,,,,,
39,abx_mega__sxt_dmso,0.1264148024,0.22405169041180073,4.0,63.0,-0.146016632,181.0,0.0452137398,207.0,0.24299397990000002,239.0,0.3634681219,,,,,,,,,,,,,,,,,,,,,,,,,,,,
40,abx_mega__dmso-1,-0.06275617835,0.03969614872438168,2.0,64.0,-0.0346867624,180.0,-0.0908255943,,,,,,,,,,,,,,,,,,,,,,,,,,,,,,,,
41,abx_mega__pen_h2o,0.07430584612,0.33121445315294323,5.0,65.0,-0.3191458613,69.0,0.007600077,211.0,0.014662497100000001,233.0,0.5996345656000001,308.0,0.0687779522,,,,,,,,,,,,,,,,,,,,,,,,,,
42,abx_mega__cip_naoh,0.0978552782,0.09610395042739939,5.0,68.0,0.0285845354,81.0,0.11341359840000001,128.0,0.0327304026,217.0,0.2587652542,240.0,0.0557826004,,,,,,,,,,,,,,,,,,,,,,,,,,
43,abx_mega__h2o-1b,0.006155203900000003,0.258916525015901,2.0,73.0,-0.1769264267,95.0,0.1892368345,,,,,,,,,,,,,,,,,,,,,,,,,,,,,,,,
44,abx_mega__ery_h2o,1.167358246225,0.1545123375239259,4.0,74.0,1.0256567309,124.0,1.0638373029000001,131.0,1.2166235313,196.0,1.3633154198000002,,,,,,,,,,,,,,,,,,,,,,,,,,,,
45,abx_mega__bacit_h2o,0.3354202664,0.19774806652746296,5.0,75.0,0.1906243002,87.0,0.3910839076,89.0,0.0827449219,127.0,0.4352895768,194.0,0.5773586255000001,,,,,,,,,,,,,,,,,,,,,,,,,,
46,abx_mega__tric_h2o,0.7854787366,0.19882170054159093,2.0,80.0,0.9260669093,243.0,0.6448905639,,,,,,,,,,,,,,,,,,,,,,,,,,,,,,,,
47,abx_mega__bacit_dmso,0.1477996081,0.1473846664186063,3.0,83.0,0.0832164519,85.0,0.0437313613,304.0,0.3164510111,,,,,,,,,,,,,,,,,,,,,,,,,,,,,,
48,abx_mega__gen_h2o,0.08599314865,0.17955304945167092,2.0,84.0,0.21295632750000001,121.0,-0.0409700302,,,,,,,,,,,,,,,,,,,,,,,,,,,,,,,,
49,abx_mega__chl_dmso,0.47319426866666675,0.10691783729449938,3.0,86.0,0.561748695,148.0,0.3544186722,202.0,0.5034154388000001,,,,,,,,,,,,,,,,,,,,,,,,,,,,,,
50,abx_mega__lvx_dmso,0.2270179646,0.09521472964383569,2.0,88.0,0.2943449456,168.0,0.1596909836,,,,,,,,,,,,,,,,,,,,,,,,,,,,,,,,
51,abx_mega__naoh-6,0.34096195908000004,0.11541766909578803,5.0,93.0,0.4407087344,144.0,0.2942559976,153.0,0.3051422278,200.0,0.1914210248,252.0,0.47328181080000004,,,,,,,,,,,,,,,,,,,,,,,,,,
52,abx_mega__rfp_h2o,0.14330291043333332,0.15424400281455872,3.0,96.0,-0.0314852897,237.0,0.2603285178,285.0,0.2010655032,,,,,,,,,,,,,,,,,,,,,,,,,,,,,,
53,abx_mega__tet_h2o,0.05405153415,0.2929967489119811,4.0,97.0,-0.239264472,169.0,0.4226479221,179.0,-0.11167093500000001,215.0,0.1444936215,,,,,,,,,,,,,,,,,,,,,,,,,,,,
54,abx_mega__flavo_dmso,-0.044617000375,0.13918311200615713,4.0,98.0,-0.0639198348,132.0,0.0904754411,223.0,0.0255304397,297.0,-0.2305540475,,,,,,,,,,,,,,,,,,,,,,,,,,,,
55,abx_mega__zeocin_h2o,0.17565904888,0.18717013263294305,5.0,99.0,0.0767024214,173.0,0.44078870540000004,193.0,0.2013834794,213.0,0.2228368741,292.0,-0.0634162359,,,,,,,,,,,,,,,,,,,,,,,,,,
56,abx_mega__valin_dmso,0.2583366809666667,0.27159007228490367,3.0,107.0,0.2084100244,140.0,0.5514262185000001,276.0,0.0151738,,,,,,,,,,,,,,,,,,,,,,,,,,,,,,
57,abx_mega__ethanol-10,0.010344206733333333,0.34054787256324626,3.0,109.0,0.4033385042,115.0,-0.1979624774,286.0,-0.1743434066,,,,,,,,,,,,,,,,,,,,,,,,,,,,,,
58,abx_mega__inh_h2o,0.20616986750000002,0.3071050494867983,4.0,110.0,-0.13009783290000002,145.0,0.22411688370000002,185.0,0.12152860630000001,272.0,0.6091318129000001,,,,,,,,,,,,,,,,,,,,,,,,,,,,
59,abx_mega__doxo_dmso,-1.6734752312,1.0058596522202858,3.0,113.0,-0.8583967084,283.0,-1.3644331007,301.0,-2.7975958845,,,,,,,,,,,,,,,,,,,,,,,,,,,,,,
60,abx_mega__tmp_dmso,0.2781894516,0.22950167072605093,6.0,114.0,0.17225132440000002,116.0,0.1557603532,206.0,-0.068108709,218.0,0.4010029302,222.0,0.5092473465,224.0,0.4989834643,,,,,,,,,,,,,,,,,,,,,,,,
61,abx_mega__sacet_h2o,0.36389545460000006,0.15874709433791462,2.0,125.0,0.2516443077,289.0,0.47614660150000004,,,,,,,,,,,,,,,,,,,,,,,,,,,,,,,,
62,abx_mega__ethanol-8,-0.4161991929666667,0.22577255726796533,3.0,129.0,-0.18949326700000002,161.0,-0.6410266596,188.0,-0.4180776523,,,,,,,,,,,,,,,,,,,,,,,,,,,,,,
63,abx_mega__h2o-8a,-0.04961084026666667,0.2440967358619241,3.0,130.0,0.1976839188,247.0,-0.056137798600000004,281.0,-0.290378641,,,,,,,,,,,,,,,,,,,,,,,,,,,,,,
64,abx_mega__naoh-2,-0.57022925345,0.10581281051278858,2.0,136.0,-0.6450502093,287.0,-0.4954082976,,,,,,,,,,,,,,,,,,,,,,,,,,,,,,,,
65,abx_mega__ceru_ethanol,0.3853959794,0.02773848501274736,3.0,151.0,0.36058663960000004,197.0,0.4153447664,225.0,0.3802565322,,,,,,,,,,,,,,,,,,,,,,,,,,,,,,
66,abx_mega__dmso-7,-0.06265728053333333,0.12188225074149014,3.0,152.0,0.0440802215,236.0,-0.1954653939,295.0,-0.0365866692,,,,,,,,,,,,,,,,,,,,,,,,,,,,,,
67,abx_mega__h2o-10,0.16378655593333333,0.1723512094162976,3.0,157.0,-7.94443e-05,158.0,0.1479141888,246.0,0.3435249233,,,,,,,,,,,,,,,,,,,,,,,,,,,,,,
68,abx_mega__mem_dmso,0.13780167471666668,0.21318036429651516,6.0,160.0,-0.10469771580000001,167.0,0.0773561589,209.0,0.2657895354,220.0,0.012547834,242.0,0.0785784068,302.0,0.497235829,,,,,,,,,,,,,,,,,,,,,,,,
69,abx_mega__van_h2o,0.05914157542,0.07988514715246978,5.0,163.0,0.09549670290000001,232.0,0.061203977400000005,254.0,-0.0793585441,288.0,0.1069409268,296.0,0.1114248141,,,,,,,,,,,,,,,,,,,,,,,,,,
70,abx_mega__dcs_h2o,0.549195305,0.09358855379906288,4.0,164.0,0.6736921958000001,230.0,0.4471484632,274.0,0.5305064974,279.0,0.5454340636,,,,,,,,,,,,,,,,,,,,,,,,,,,,
71,abx_mega__monac_dmso,-0.182179983425,0.1437150767565817,4.0,171.0,-0.0944410168,189.0,-0.0377628915,250.0,-0.3550885916,290.0,-0.2414274338,,,,,,,,,,,,,,,,,,,,,,,,,,,,
72,abx_mega__fidax_dmso,-0.0850967634,0.1807536284559417,4.0,175.0,-0.1547433598,198.0,-0.207756304,228.0,0.1837247535,267.0,-0.1616121433,,,,,,,,,,,,,,,,,,,,,,,,,,,,
73,abx_mega__h2o-1a,0.0,0.09245416865406417,3.0,176.0,-0.051838751200000005,229.0,-0.054903462800000004,303.0,0.106742214,,,,,,,,,,,,,,,,,,,,,,,,,,,,,,
74,abx_mega__dmso-9,0.09251522033333333,0.19179051372762956,3.0,187.0,-0.0370793309,190.0,0.001789056,241.0,0.31283593590000003,,,,,,,,,,,,,,,,,,,,,,,,,,,,,,
75,abx_mega__reta_dmso,0.426885589225,0.17116912313552443,4.0,195.0,0.6549111262,219.0,0.4065320602,235.0,0.4064847788,271.0,0.2396143917,,,,,,,,,,,,,,,,,,,,,,,,,,,,
76,abx_mega__novo_dmso,0.3118357441,0.1827792324490811,3.0,199.0,0.5213188757,273.0,0.1848262418,298.0,0.22936211480000002,,,,,,,,,,,,,,,,,,,,,,,,,,,,,,
77,abx_mega__h2o-2,0.425178933,0.08851770760134635,2.0,277.0,0.3625874617,291.0,0.4877704043,,,,,,,,,,,,,,,,,,,,,,,,,,,,,,,,
78,abx_mega__daro,0.4619951711666667,0.12823198146642217,3.0,310.0,0.329074354,312.0,0.47195351480000003,313.0,0.5849576447,,,,,,,,,,,,,,,,,,,,,,,,,,,,,,
79,abx_mega__solv,0.3996736956666667,0.04055011899909225,3.0,311.0,0.38830459,314.0,0.4446948692,315.0,0.3660216278,,,,,,,,,,,,,,,,,,,,,,,,,,,,,,
80,abx_mega__dmso-4,0.28876499113333337,0.12505256232818962,3.0,316.0,0.3158367212,320.0,0.3980643182,321.0,0.152393934,,,,,,,,,,,,,,,,,,,,,,,,,,,,,,
81,abx_mega__kirr_dmso,0.30894392623333333,0.07246044836736557,3.0,317.0,0.22784511640000002,318.0,0.3316676794,319.0,0.36731898290000004,,,,,,,,,,,,,,,,,,,,,,,,,,,,,,
82,ackA_pta__dnaA46_del_ackA,0.051087410699999995,0.11722614020892555,3.0,322.0,0.1824673467,323.0,-0.0428240431,324.0,0.0136189285,,,,,,,,,,,,,,,,,,,,,,,,,,,,,,
83,ackA_pta__dnaA46_del_pta,-0.0508588518,0.31514863794119896,3.0,325.0,-0.015600541400000001,326.0,-0.3821539163,327.0,0.2451779023,,,,,,,,,,,,,,,,,,,,,,,,,,,,,,
84,ackA_pta__dnaA46,-0.10593074303333333,0.42471190973441575,3.0,328.0,0.2320324857,329.0,-0.5826717574,330.0,0.0328470426,,,,,,,,,,,,,,,,,,,,,,,,,,,,,,
85,ackA_pta__del_ackA,0.32445168026666665,0.1390304904615757,3.0,331.0,0.330063853,332.0,0.1827000833,333.0,0.4605911045,,,,,,,,,,,,,,,,,,,,,,,,,,,,,,
86,ackA_pta__del_pta,0.22697696750000004,0.24715287794313798,3.0,334.0,-0.0556272577,335.0,0.3338453176,336.0,0.4027128426,,,,,,,,,,,,,,,,,,,,,,,,,,,,,,
87,ackA_pta__wt,-2.8912057932946783e-19,0.010700182462298799,3.0,337.0,-0.007776019,338.0,0.0122032997,339.0,-0.0044272807,,,,,,,,,,,,,,,,,,,,,,,,,,,,,,
88,anticancer__5fu,0.16805514123333334,0.2633148879424177,3.0,340.0,0.0596178766,341.0,-0.023725718200000002,348.0,0.4682732653,,,,,,,,,,,,,,,,,,,,,,,,,,,,,,
89,anticancer__cap,0.41220367080000003,0.027280846438910024,3.0,342.0,0.418250964,343.0,0.4359534675,344.0,0.3824065809,,,,,,,,,,,,,,,,,,,,,,,,,,,,,,
90,anticancer__wt,0.0,0.3248701670474591,3.0,345.0,-0.2505886205,346.0,-0.1164589377,347.0,0.3670475582,,,,,,,,,,,,,,,,,,,,,,,,,,,,,,
91,bio_pln__aero_pln,0.0,0.13746750757627904,2.0,349.0,0.0972042068,350.0,-0.0972042068,,,,,,,,,,,,,,,,,,,,,,,,,,,,,,,,
92,bio_pln__anaero_pln,0.2855008008,0.010882659599285976,2.0,351.0,0.2931960032,352.0,0.2778055984,,,,,,,,,,,,,,,,,,,,,,,,,,,,,,,,
93,biocide__bzcl_12h,0.19881266556666666,0.09869936544282872,3.0,353.0,0.1868836193,354.0,0.10661997740000001,355.0,0.3029344,,,,,,,,,,,,,,,,,,,,,,,,,,,,,,
94,biocide__etoh_12h,0.038683723999999996,0.08838092069784348,3.0,356.0,0.1399919268,357.0,-0.0013086150000000002,358.0,-0.0226321398,,,,,,,,,,,,,,,,,,,,,,,,,,,,,,
95,biocide__gluald_12h,0.13945054033333334,0.3091619600852511,3.0,359.0,0.2656149286,360.0,0.3655793901,361.0,-0.2128426977,,,,,,,,,,,,,,,,,,,,,,,,,,,,,,
96,biocide__h2o2_12h,0.10518578183333332,0.12741018883758468,3.0,362.0,0.2230445174,363.0,0.1225148238,364.0,-0.030001995700000002,,,,,,,,,,,,,,,,,,,,,,,,,,,,,,
97,biocide__2ppoh_12h,0.16054622529999998,0.14847530213712368,3.0,365.0,0.0017343236,366.0,0.2958896435,367.0,0.1840147088,,,,,,,,,,,,,,,,,,,,,,,,,,,,,,
98,biocide__paa_12h,0.216981294,0.06183348370928204,3.0,368.0,0.2667968237,369.0,0.1477769214,370.0,0.2363701369,,,,,,,,,,,,,,,,,,,,,,,,,,,,,,
99,biocide__phe_12h,0.22902386223333335,0.10468184789137684,3.0,371.0,0.2643702753,372.0,0.11124439920000001,373.0,0.3114569122,,,,,,,,,,,,,,,,,,,,,,,,,,,,,,
100,biocide__pvp-i_12h,0.0186922078,0.18321829813439655,3.0,374.0,-0.0571017671,375.0,0.2276459104,376.0,-0.11446751990000001,,,,,,,,,,,,,,,,,,,,,,,,,,,,,,
101,biocide__bleach_12h,-0.060957607100000005,0.043204987617208306,3.0,377.0,-0.0115610694,378.0,-0.07960133200000001,379.0,-0.0917104199,,,,,,,,,,,,,,,,,,,,,,,,,,,,,,
102,biocide__chx_12h,0.22078435586666667,0.10520652626470085,3.0,380.0,0.3133300275,381.0,0.106358111,382.0,0.2426649291,,,,,,,,,,,,,,,,,,,,,,,,,,,,,,
103,biocide__bzcl_30m,-0.1124590211,0.079267065011463,3.0,383.0,-0.1889561579,384.0,-0.0306856478,385.0,-0.1177352576,,,,,,,,,,,,,,,,,,,,,,,,,,,,,,
104,biocide__phe_30m,-0.20468447676666668,0.25445595969252155,3.0,386.0,-0.2664762774,387.0,-0.42255385830000003,388.0,0.0749767054,,,,,,,,,,,,,,,,,,,,,,,,,,,,,,
105,biocide__pvp-i_30m,-0.15075128963333334,0.1828339299184703,3.0,389.0,-0.3238636555,390.0,-0.1688484751,391.0,0.040458261700000005,,,,,,,,,,,,,,,,,,,,,,,,,,,,,,
106,biocide__ctrl_12h,0.002645138266666666,0.1301743891888759,3.0,392.0,0.0243149867,393.0,-0.1370043226,394.0,0.1206247507,,,,,,,,,,,,,,,,,,,,,,,,,,,,,,
107,biocide__ctrl_30m,0.0,0.15231894888979797,3.0,395.0,0.074322465,396.0,-0.1752126381,397.0,0.10089017310000001,,,,,,,,,,,,,,,,,,,,,,,,,,,,,,
108,clpP__wt,-3.33333360913457e-11,0.10269202034943498,3.0,398.0,-0.09936235040000001,400.0,-0.0063633923,402.0,0.1057257426,,,,,,,,,,,,,,,,,,,,,,,,,,,,,,
109,clpP__wt_DPTA,-0.47376207223333333,0.1470734534161066,3.0,399.0,-0.4347341489,401.0,-0.35013897860000004,403.0,-0.6364130892000001,,,,,,,,,,,,,,,,,,,,,,,,,,,,,,
110,clpP__delclpP,-0.18259482016666664,0.10375122303232762,3.0,404.0,-0.1289501937,406.0,-0.11664856750000001,408.0,-0.3021856993,,,,,,,,,,,,,,,,,,,,,,,,,,,,,,
111,clpP__delclpP_DPTA,-0.7084608572666666,0.17484114755009822,3.0,405.0,-0.5636139729,407.0,-0.6590895461,409.0,-0.9026790528,,,,,,,,,,,,,,,,,,,,,,,,,,,,,,
112,colombos2__delydcR,-0.05639199880000001,0.23552931859466703,3.0,410.0,-0.2992934835,411.0,0.1709984031,412.0,-0.040880916,,,,,,,,,,,,,,,,,,,,,,,,,,,,,,
113,colombos2__delyjiR,-0.30926609253333337,0.20648845841846958,3.0,413.0,-0.37792124730000004,414.0,-0.4726816206,415.0,-0.07719540970000001,,,,,,,,,,,,,,,,,,,,,,,,,,,,,,
114,colombos2__wt,0.0,0.19322902373129044,3.0,416.0,-0.18134789780000002,417.0,-0.0218967426,418.0,0.2032446404,,,,,,,,,,,,,,,,,,,,,,,,,,,,,,
115,crp_k100__ar1_ar2,0.9875052099,0.39178264583106326,3.0,419.0,1.3732183481,420.0,0.9993744888,421.0,0.5899227928,,,,,,,,,,,,,,,,,,,,,,,,,,,,,,
116,crp_k100__wt,0.0,0.10012800392892085,3.0,422.0,0.1135405047,423.0,-0.0378749483,424.0,-0.0756655564,,,,,,,,,,,,,,,,,,,,,,,,,,,,,,
117,crp_k100__K100Q,0.0829558557,0.5776699697527538,2.0,425.0,0.49143020860000003,426.0,-0.32551849720000003,,,,,,,,,,,,,,,,,,,,,,,,,,,,,,,,
118,crp_k100__K100R,0.08466028283333334,0.18179114325568674,3.0,427.0,-0.0230555851,428.0,0.2945502283,429.0,-0.0175137947,,,,,,,,,,,,,,,,,,,,,,,,,,,,,,
119,csrA__wt_t00,0.0,0.017250974286416684,2.0,430.0,0.0121982809,440.0,-0.0121982809,,,,,,,,,,,,,,,,,,,,,,,,,,,,,,,,
120,csrA__wt_t02_30,-1.4722514379,0.3674774182818196,2.0,431.0,-1.2124056635,441.0,-1.7320972123,,,,,,,,,,,,,,,,,,,,,,,,,,,,,,,,
121,csrA__wt_t05,-3.26025700785,0.17144939601140177,2.0,432.0,-3.1390239773,442.0,-3.3814900384,,,,,,,,,,,,,,,,,,,,,,,,,,,,,,,,
122,csrA__wt_t10,-2.567766097,0.27482348588696726,2.0,433.0,-2.7620956475,443.0,-2.3734365465,,,,,,,,,,,,,,,,,,,,,,,,,,,,,,,,
123,csrA__wt_t15,-2.88980826475,0.3063291744798795,2.0,434.0,-3.1064157013,444.0,-2.6732008282,,,,,,,,,,,,,,,,,,,,,,,,,,,,,,,,
124,csrA__delcsrA_t00,0.44428836865,0.010903068751600672,2.0,435.0,0.4519980025,445.0,0.43657873480000003,,,,,,,,,,,,,,,,,,,,,,,,,,,,,,,,
125,csrA__delcsrA_t02_30,-1.6800500966,0.16842899356749333,2.0,436.0,-1.5609528131000001,446.0,-1.7991473801,,,,,,,,,,,,,,,,,,,,,,,,,,,,,,,,
126,csrA__delcsrA_t05,-2.6029369230499997,0.09703337116194156,2.0,437.0,-2.6715498778,447.0,-2.5343239683,,,,,,,,,,,,,,,,,,,,,,,,,,,,,,,,
127,csrA__delcsrA_t10,-2.0888677771,0.10350171055804391,2.0,438.0,-2.1620545385,448.0,-2.0156810157,,,,,,,,,,,,,,,,,,,,,,,,,,,,,,,,
128,csrA__delcsrA_t15,-2.053867044,0.0494457148909397,2.0,439.0,-2.0189036437,449.0,-2.0888304443,,,,,,,,,,,,,,,,,,,,,,,,,,,,,,,,
129,cstr_pfr__str_0005m,-0.0235151785,0.11574123721832723,2.0,450.0,-0.1053565922,478.0,0.0583262352,,,,,,,,,,,,,,,,,,,,,,,,,,,,,,,,
130,cstr_pfr__str_0010m,-0.046721899850000005,0.10916744712936798,2.0,451.0,-0.12391494200000001,479.0,0.0304711423,,,,,,,,,,,,,,,,,,,,,,,,,,,,,,,,
131,cstr_pfr__str_0025m,0.11496809875,0.02556789077833829,2.0,452.0,0.0968888698,480.0,0.1330473277,,,,,,,,,,,,,,,,,,,,,,,,,,,,,,,,
132,cstr_pfr__str_0045m,0.17797943985,0.06985163325278497,2.0,453.0,0.1285868763,481.0,0.2273720034,,,,,,,,,,,,,,,,,,,,,,,,,,,,,,,,
133,cstr_pfr__str_0075m,0.10983957150000001,0.018973755671649394,2.0,454.0,0.0964231002,482.0,0.1232560428,,,,,,,,,,,,,,,,,,,,,,,,,,,,,,,,
134,cstr_pfr__str_0120m,0.2005654978,0.004277721244483454,2.0,455.0,0.1975406921,483.0,0.2035903035,,,,,,,,,,,,,,,,,,,,,,,,,,,,,,,,
135,cstr_pfr__str_0210m,0.18196445784999998,0.03286097244182681,2.0,456.0,0.1587282414,484.0,0.2052006743,,,,,,,,,,,,,,,,,,,,,,,,,,,,,,,,
136,cstr_pfr__str_0330m,0.13307516385,0.013844898550643754,2.0,457.0,0.1428649855,485.0,0.12328534220000001,,,,,,,,,,,,,,,,,,,,,,,,,,,,,,,,
137,cstr_pfr__str_1500m,0.1496808282,0.005211767865973485,2.0,458.0,0.1459955518,486.0,0.1533661046,,,,,,,,,,,,,,,,,,,,,,,,,,,,,,,,
138,cstr_pfr__str_1560m,0.16171440185000002,0.01992795137158004,2.0,459.0,0.1476232123,487.0,0.17580559140000002,,,,,,,,,,,,,,,,,,,,,,,,,,,,,,,,
139,cstr_pfr__str_1680m,0.20487223125,0.08470135988442623,2.0,460.0,0.14497932530000002,488.0,0.2647651372,,,,,,,,,,,,,,,,,,,,,,,,,,,,,,,,
140,cstr_pfr__str_ref1,0.0,0.07276327333993732,2.0,461.0,0.051451404000000006,489.0,-0.051451404000000006,,,,,,,,,,,,,,,,,,,,,,,,,,,,,,,,
141,cstr_pfr__str_ref2,0.04760789940000001,0.1386429620085011,2.0,462.0,0.14564327800000001,490.0,-0.0504274792,,,,,,,,,,,,,,,,,,,,,,,,,,,,,,,,
142,cstr_pfr__str_ref3,0.016747695400000002,0.0682265820150189,2.0,463.0,0.0649911742,491.0,-0.0314957834,,,,,,,,,,,,,,,,,,,,,,,,,,,,,,,,
143,cstr_pfr__pfr_P5_0005m,-0.26633978150000004,0.055949384240967674,2.0,464.0,-0.3059019705,492.0,-0.2267775925,,,,,,,,,,,,,,,,,,,,,,,,,,,,,,,,
144,cstr_pfr__pfr_P5_0010m,-0.1803555662,0.12983266579051525,2.0,465.0,-0.2721611246,493.0,-0.0885500078,,,,,,,,,,,,,,,,,,,,,,,,,,,,,,,,
145,cstr_pfr__pfr_P5_0025m,0.0019879048499999996,0.01827534241478414,2.0,466.0,0.0149105234,494.0,-0.010934713700000001,,,,,,,,,,,,,,,,,,,,,,,,,,,,,,,,
146,cstr_pfr__pfr_P3_0025m,0.10878884165000001,0.18105593307303391,2.0,467.0,-0.0192370364,495.0,0.2368147197,,,,,,,,,,,,,,,,,,,,,,,,,,,,,,,,
147,cstr_pfr__pfr_P1_0025m,0.2482257074,0.02895856275856852,2.0,468.0,0.2277489113,496.0,0.2687025035,,,,,,,,,,,,,,,,,,,,,,,,,,,,,,,,
148,cstr_pfr__pfr_P5_0045m,0.24054233370000003,0.35427030664257164,2.0,469.0,-0.009964602500000001,497.0,0.49104926990000003,,,,,,,,,,,,,,,,,,,,,,,,,,,,,,,,
149,cstr_pfr__pfr_P5_0120m,0.08431074605,0.04520918791976107,2.0,470.0,0.052343022700000005,498.0,0.1162784694,,,,,,,,,,,,,,,,,,,,,,,,,,,,,,,,
150,cstr_pfr__pfr_P3_0120m,0.3076256382,0.057282444006592124,2.0,471.0,0.3481304428,499.0,0.2671208336,,,,,,,,,,,,,,,,,,,,,,,,,,,,,,,,
151,cstr_pfr__pfr_P1_0120m,0.048441605400000004,0.033820664907031686,2.0,472.0,0.0245267839,500.0,0.0723564269,,,,,,,,,,,,,,,,,,,,,,,,,,,,,,,,
152,cstr_pfr__pfr_P5_0210m,-0.10022781495000001,0.16032933294708562,2.0,473.0,0.013142143600000001,501.0,-0.2135977735,,,,,,,,,,,,,,,,,,,,,,,,,,,,,,,,
153,cstr_pfr__pfr_P5_1500m,0.12526965315,0.045081153226262466,2.0,474.0,0.09339246400000001,502.0,0.1571468423,,,,,,,,,,,,,,,,,,,,,,,,,,,,,,,,
154,cstr_pfr__pfr_P3_1680m,0.027275452349999993,0.16509424100573303,2.0,475.0,0.1440147097,503.0,-0.08946380500000001,,,,,,,,,,,,,,,,,,,,,,,,,,,,,,,,
155,cstr_pfr__pfr_P5_1680m,0.147240428,0.1767576855793528,2.0,476.0,0.0222538699,504.0,0.2722269861,,,,,,,,,,,,,,,,,,,,,,,,,,,,,,,,
156,cstr_pfr__pfr_P1_1680m,0.1916874408,0.06290450167280368,2.0,477.0,0.2361676405,505.0,0.1472072411,,,,,,,,,,,,,,,,,,,,,,,,,,,,,,,,
157,darobactin__daro_30m,0.051129566800000005,0.10845741667007641,3.0,506.0,-0.0426366301,507.0,0.0261173492,514.0,0.1699079813,,,,,,,,,,,,,,,,,,,,,,,,,,,,,,
158,darobactin__solv_1h,0.0023734573333333286,0.16505404572122384,3.0,508.0,-0.027508460300000002,509.0,0.1803271189,511.0,-0.1456982866,,,,,,,,,,,,,,,,,,,,,,,,,,,,,,
159,darobactin__daro_1h,0.14638713613333335,0.09584293655632191,3.0,510.0,0.2251622201,512.0,0.1743177425,513.0,0.0396814458,,,,,,,,,,,,,,,,,,,,,,,,,,,,,,
160,darobactin__solv_30m,-0.11087016216666667,0.06656775526937732,3.0,515.0,-0.14747349980000002,522.0,-0.0340329247,523.0,-0.151104062,,,,,,,,,,,,,,,,,,,,,,,,,,,,,,
161,darobactin__solv_15m,0.0,0.06255703715900146,3.0,516.0,-0.0625636818,517.0,1.3291400000000001e-05,519.0,0.0625503904,,,,,,,,,,,,,,,,,,,,,,,,,,,,,,
162,darobactin__daro_15m,-0.05401865916666667,0.12668566789901653,3.0,518.0,-0.1550844002,520.0,-0.0950747915,521.0,0.0881032142,,,,,,,,,,,,,,,,,,,,,,,,,,,,,,
163,ddp__pNT3_aroP,0.741262363,0.28236512053379037,2.0,524.0,0.9409246545000001,525.0,0.5416000715,,,,,,,,,,,,,,,,,,,,,,,,,,,,,,,,
164,ddp__pNT3_bamC,1.39344236425,0.4149098719682615,2.0,526.0,1.6868279483,527.0,1.1000567802,,,,,,,,,,,,,,,,,,,,,,,,,,,,,,,,
165,ddp__pNT3_cusA,1.70050871485,0.35450457543253,2.0,528.0,1.9511813041,529.0,1.4498361256,,,,,,,,,,,,,,,,,,,,,,,,,,,,,,,,
166,ddp__pNT3_hemX,0.7259405788000001,0.04913838294931208,2.0,530.0,0.7606866626000001,531.0,0.6911944950000001,,,,,,,,,,,,,,,,,,,,,,,,,,,,,,,,
167,ddp__pNT3_empty,0.0,0.19032609583261112,2.0,532.0,0.13458087300000002,533.0,-0.13458087300000002,,,,,,,,,,,,,,,,,,,,,,,,,,,,,,,,
168,ddp__pNT3_topA,1.9931162795500001,0.045376287010229076,2.0,534.0,1.9610303993,535.0,2.0252021598,,,,,,,,,,,,,,,,,,,,,,,,,,,,,,,,
169,ddp__pNT3_yicR,0.5622135764,0.24340205352180597,2.0,536.0,0.734324819,537.0,0.39010233380000003,,,,,,,,,,,,,,,,,,,,,,,,,,,,,,,,
170,ddp__pNT3_yqjD,0.08001736935,0.09576130755863302,2.0,538.0,0.1477308393,539.0,0.0123038994,,,,,,,,,,,,,,,,,,,,,,,,,,,,,,,,
171,ecomics__del_gabT,0.0,0.08138330423508999,2.0,540.0,0.057546686300000004,541.0,-0.057546686300000004,,,,,,,,,,,,,,,,,,,,,,,,,,,,,,,,
172,ecomics__del_putP,0.50727976665,0.20395981185188464,2.0,542.0,0.6515011327,543.0,0.3630584006,,,,,,,,,,,,,,,,,,,,,,,,,,,,,,,,
173,ecomics__del_entF,0.6295747105666667,0.22400480556422278,3.0,544.0,0.8870673748000001,545.0,0.5220721732,546.0,0.4795845837,,,,,,,,,,,,,,,,,,,,,,,,,,,,,,
174,ecomics__del_cysA,0.73659891265,0.065111512398088,2.0,547.0,0.6905581207,548.0,0.7826397046,,,,,,,,,,,,,,,,,,,,,,,,,,,,,,,,
175,elyC__wt_21C,-0.2963433665333333,0.09009206865328451,3.0,549.0,-0.3971663227,550.0,-0.2237366307,551.0,-0.2681271462,,,,,,,,,,,,,,,,,,,,,,,,,,,,,,
176,elyC__wt_37C,3.333333146541643e-11,0.04876751418284638,3.0,552.0,0.0431212241,553.0,0.0098032281,554.0,-0.052924452100000005,,,,,,,,,,,,,,,,,,,,,,,,,,,,,,
177,elyC__delelyC_21C,-0.3573773675333334,0.016843943904501515,3.0,555.0,-0.3390673832,556.0,-0.3608510921,557.0,-0.3722136273,,,,,,,,,,,,,,,,,,,,,,,,,,,,,,
178,elyC__delelyC_37C,0.05616924566666667,0.008789850309526646,3.0,558.0,0.0660569227,559.0,0.053209557000000005,560.0,0.0492412573,,,,,,,,,,,,,,,,,,,,,,,,,,,,,,
179,evo_acid_w__F9_2,0.2706121307666667,0.16087132973041882,3.0,561.0,0.1859239403,578.0,0.4561362439,589.0,0.16977620810000002,,,,,,,,,,,,,,,,,,,,,,,,,,,,,,
180,evo_acid_w__F11_1,0.17398810166666667,0.07061854038421349,3.0,562.0,0.1187080915,563.0,0.2535421569,564.0,0.1497140566,,,,,,,,,,,,,,,,,,,,,,,,,,,,,,
181,evo_acid_w__wt,-1.2335811384723961e-17,0.4166061226777414,9.0,565.0,0.4514519039,569.0,0.2793992399,574.0,0.29970074950000003,579.0,0.1807593663,580.0,0.15248790010000002,581.0,-0.4635008614,587.0,0.2612772303,590.0,-0.5411784631000001,592.0,-0.6203970655000001,,,,,,,,,,,,,,,,,,
182,evo_acid_w__F11_2,0.010357513433333335,0.1533643451562899,3.0,566.0,-0.1630360556,568.0,0.1282251983,577.0,0.0658833976,,,,,,,,,,,,,,,,,,,,,,,,,,,,,,
183,evo_acid_w__B11_2,-0.08102985663333334,0.02228286551100336,3.0,567.0,-0.059155308600000005,573.0,-0.08023451770000001,576.0,-0.1036997436,,,,,,,,,,,,,,,,,,,,,,,,,,,,,,
184,evo_acid_w__B11_1,0.018671543733333327,0.1468607991685826,3.0,570.0,-0.1429044979,585.0,0.1440463497,591.0,0.0548727794,,,,,,,,,,,,,,,,,,,,,,,,,,,,,,
185,evo_acid_w__H9_1,0.23193176460000003,0.03618551876572894,2.0,571.0,0.2575187903,582.0,0.20634473890000002,,,,,,,,,,,,,,,,,,,,,,,,,,,,,,,,
186,evo_acid_w__H9_2,0.7735035906666666,0.04873862532289524,3.0,572.0,0.7300434067,575.0,0.8261991942,586.0,0.7642681711,,,,,,,,,,,,,,,,,,,,,,,,,,,,,,
187,evo_acid_w__F9_1,0.5420596701,0.05054527599618876,3.0,583.0,0.6003197557000001,584.0,0.5099052687,588.0,0.5159539859,,,,,,,,,,,,,,,,,,,,,,,,,,,,,,
188,evo_bz__c3_1_bz,-0.58256244935,0.15096999893266755,6.0,593.0,-0.5003386154,594.0,-0.7589788055000001,595.0,-0.6726643284,596.0,-0.5893053017000001,613.0,-0.6446267888,614.0,-0.3294608563,,,,,,,,,,,,,,,,,,,,,,,,
189,evo_bz__g5_1_bz,-0.33841182603333336,0.46547401698073815,6.0,597.0,-0.0365950055,598.0,0.2198193448,599.0,0.0236740265,600.0,-0.6284133101,601.0,-0.9289217195,602.0,-0.6800342924,,,,,,,,,,,,,,,,,,,,,,,,
190,evo_bz__w3110d13,-3.6140072416183483e-19,0.13785359992394386,6.0,603.0,0.1164989308,604.0,0.0618263192,605.0,-0.0689249612,606.0,0.1303840313,607.0,-0.2363496082,608.0,-0.0034347119000000003,,,,,,,,,,,,,,,,,,,,,,,,
191,evo_bz__w3110d13_bz,-0.51446213895,0.4203621954826967,6.0,609.0,-0.16194673710000002,610.0,-0.0056943117,611.0,-0.9652322160000001,612.0,-0.2889039358,621.0,-0.9809001692,622.0,-0.6840954639,,,,,,,,,,,,,,,,,,,,,,,,
192,evo_bz__g5_2_bz,-0.64150493695,0.20912226190288938,6.0,615.0,-0.6205241224,616.0,-0.8349358017,617.0,-0.8465075230000001,618.0,-0.6659695993,619.0,-0.6099741051,620.0,-0.2711184702,,,,,,,,,,,,,,,,,,,,,,,,
193,evo_bz__a1_1_bz,-0.7785809129666666,0.4962357855382601,6.0,623.0,-1.6552328327999999,624.0,-0.8723586916,625.0,-0.4514905648,626.0,-0.8614080973,627.0,-0.220011639,628.0,-0.6109836523000001,,,,,,,,,,,,,,,,,,,,,,,,
194,evo_metab__wt,0.0,0.6212208452638017,3.0,629.0,-0.7122198624,647.0,0.4300862064,666.0,0.282133656,,,,,,,,,,,,,,,,,,,,,,,,,,,,,,
195,evo_metab__del_zwf,0.2943242120333333,0.3380436878317514,3.0,630.0,-0.0702515449,648.0,0.355835756,667.0,0.597388425,,,,,,,,,,,,,,,,,,,,,,,,,,,,,,
196,evo_metab__zwf_ale1,0.1934239381666667,0.38856597196635784,3.0,631.0,-0.2544842601,649.0,0.44012004720000003,668.0,0.39463602740000003,,,,,,,,,,,,,,,,,,,,,,,,,,,,,,
197,evo_metab__zwf_ale2,0.29916930683333337,0.24181417669242908,3.0,632.0,0.0500931864,650.0,0.5330001423,669.0,0.31441459180000003,,,,,,,,,,,,,,,,,,,,,,,,,,,,,,
198,evo_metab__del_ppk,0.35344919590000007,0.18081029526202458,3.0,633.0,0.5427940409,651.0,0.33495918690000004,670.0,0.1825943599,,,,,,,,,,,,,,,,,,,,,,,,,,,,,,
199,evo_metab__ppk_ale1,0.5818852854000001,0.20745566783911606,3.0,634.0,0.8167680643,652.0,0.42369571500000003,671.0,0.5051920769,,,,,,,,,,,,,,,,,,,,,,,,,,,,,,
200,evo_metab__ppk_ale2,0.09253411473333334,0.598722401711116,3.0,635.0,-0.5824634961,653.0,0.30060269440000004,672.0,0.5594631459,,,,,,,,,,,,,,,,,,,,,,,,,,,,,,
201,evo_metab__ppk_ale3,0.06289489043333336,0.6460698266328386,3.0,636.0,-0.6475234886,654.0,0.6152981872000001,673.0,0.2209099727,,,,,,,,,,,,,,,,,,,,,,,,,,,,,,
202,evo_metab__del_dapF,0.09781207940000002,0.622510000815878,3.0,637.0,-0.6201893032,655.0,0.4272456935,674.0,0.4863798479,,,,,,,,,,,,,,,,,,,,,,,,,,,,,,
203,evo_metab__dapF_ale1,-0.09419119980000003,0.3152978056336935,3.0,638.0,-0.45253751900000005,656.0,0.1406923078,675.0,0.0292716118,,,,,,,,,,,,,,,,,,,,,,,,,,,,,,
204,evo_metab__dapF_ale3,0.4121312504666667,0.30300676477944516,3.0,639.0,0.06350967190000001,657.0,0.6121392326,676.0,0.5607448469,,,,,,,,,,,,,,,,,,,,,,,,,,,,,,
205,evo_metab__del_entC,0.38523413206666673,0.22663377604857746,3.0,640.0,0.4948047138,658.0,0.5362608529,677.0,0.1246368295,,,,,,,,,,,,,,,,,,,,,,,,,,,,,,
206,evo_metab__entC_ale1,0.19457036370000003,0.0231453238575608,3.0,641.0,0.2103391594,659.0,0.1679986753,678.0,0.2053732564,,,,,,,,,,,,,,,,,,,,,,,,,,,,,,
207,evo_metab__entC_ale2,-0.09908903873333332,0.3024910290420837,3.0,642.0,-0.2898419404,660.0,-0.25711112880000003,679.0,0.24968595300000002,,,,,,,,,,,,,,,,,,,,,,,,,,,,,,
208,evo_metab__del_dgk,0.063835691,0.058951892851840895,3.0,643.0,0.045118909000000006,662.0,0.0165143923,681.0,0.1298737717,,,,,,,,,,,,,,,,,,,,,,,,,,,,,,
209,evo_metab__dgk_ale1,0.5013442572333333,0.2085568912676602,3.0,644.0,0.6684467097,663.0,0.2676146215,682.0,0.5679714405,,,,,,,,,,,,,,,,,,,,,,,,,,,,,,
210,evo_metab__dgk_ale2,0.19280624016666667,0.09522027275116682,3.0,645.0,0.1542695279,664.0,0.1228944881,683.0,0.3012547045,,,,,,,,,,,,,,,,,,,,,,,,,,,,,,
211,evo_metab__dgk_ale3,-0.027692538833333336,0.07687238975086777,3.0,646.0,0.0464342806,665.0,-0.1070439526,684.0,-0.0224679445,,,,,,,,,,,,,,,,,,,,,,,,,,,,,,
212,evo_metab__entC_ale3,0.59883686015,0.14779323580327758,2.0,661.0,0.4943312609,680.0,0.7033424594000001,,,,,,,,,,,,,,,,,,,,,,,,,,,,,,,,
213,flag_reg__wt,0.0,0.15916900147830348,2.0,685.0,-0.1125494803,689.0,0.1125494803,,,,,,,,,,,,,,,,,,,,,,,,,,,,,,,,
214,flag_reg__del_fliA,-0.33282615165,0.14523740527232523,2.0,686.0,-0.4355245058,690.0,-0.2301277975,,,,,,,,,,,,,,,,,,,,,,,,,,,,,,,,
215,flag_reg__del_flhC,-0.35423426215000003,0.17565214399666823,2.0,687.0,-0.47843908430000004,691.0,-0.23002944,,,,,,,,,,,,,,,,,,,,,,,,,,,,,,,,
216,flag_reg__del_flhD,-0.40613315325,0.15445717755206534,2.0,688.0,-0.5153508709,692.0,-0.2969154356,,,,,,,,,,,,,,,,,,,,,,,,,,,,,,,,
217,flgM__27C,-0.4182701705333334,0.09542604433236443,3.0,693.0,-0.5276551336,694.0,-0.3520743274,695.0,-0.3750810506,,,,,,,,,,,,,,,,,,,,,,,,,,,,,,
218,flgM__32C,-0.3130436741,0.23220892426104167,3.0,696.0,-0.0449556216,697.0,-0.4512807406,698.0,-0.4428946601,,,,,,,,,,,,,,,,,,,,,,,,,,,,,,
219,flgM__37C,3.333333377838107e-11,0.02856600443278533,3.0,699.0,-0.0217382104,700.0,-0.0106158724,701.0,0.032354082900000004,,,,,,,,,,,,,,,,,,,,,,,,,,,,,,
220,flgM__42C,0.08989090296666667,0.1559716885063786,3.0,702.0,-0.0348591498,703.0,0.0397704367,704.0,0.264761422,,,,,,,,,,,,,,,,,,,,,,,,,,,,,,
221,histone__untreated,-1.1564823173178713e-18,0.1042990374625392,3.0,705.0,0.11581237900000001,706.0,-0.08652277330000001,707.0,-0.029289605700000002,,,,,,,,,,,,,,,,,,,,,,,,,,,,,,
222,histone__10ug_H2A,-0.005376745333333333,0.05178965553057215,3.0,708.0,-0.0569084749,709.0,0.046667039,710.0,-0.0058888001,,,,,,,,,,,,,,,,,,,,,,,,,,,,,,
223,histone__50ug_H2A,0.06858424006666668,0.05198765014627505,3.0,711.0,0.026262519,712.0,0.052875469300000005,713.0,0.1266147319,,,,,,,,,,,,,,,,,,,,,,,,,,,,,,
224,histone__100ug_H2A,0.07047460510000002,0.01643465200507613,3.0,714.0,0.0663371571,715.0,0.0885826224,716.0,0.056504035800000005,,,,,,,,,,,,,,,,,,,,,,,,,,,,,,
225,hns__del_hns_spike,-0.38683288420000006,0.12313340858349053,2.0,717.0,-0.29976441600000003,718.0,-0.47390135240000003,,,,,,,,,,,,,,,,,,,,,,,,,,,,,,,,
226,hns__del_hns,-0.4633365504,0.10685431141420008,2.0,719.0,-0.38777914220000004,720.0,-0.5388939586,,,,,,,,,,,,,,,,,,,,,,,,,,,,,,,,
227,hns__wt_spike,0.0005491594499999995,0.0290749790512561,2.0,721.0,-0.0200099554,722.0,0.0211082743,,,,,,,,,,,,,,,,,,,,,,,,,,,,,,,,
228,hns__wt,0.0,0.04143778815249388,2.0,723.0,0.029300941,724.0,-0.029300941,,,,,,,,,,,,,,,,,,,,,,,,,,,,,,,,
229,hns_stpA__evo100G4_delhns_delstpA,-2.4238685259999997,0.19979969186963267,2.0,725.0,-2.565148243,726.0,-2.282588809,,,,,,,,,,,,,,,,,,,,,,,,,,,,,,,,
230,hns_stpA__evo100G12_delhns_delstpA,-1.4231298037000002,0.044052841704797716,2.0,727.0,-1.3919797406,728.0,-1.4542798668,,,,,,,,,,,,,,,,,,,,,,,,,,,,,,,,
231,hns_stpA__delhns_delstpA_delrpoS,-2.0640266136000003,0.2568840123343109,2.0,729.0,-1.8823821865,730.0,-2.2456710407,,,,,,,,,,,,,,,,,,,,,,,,,,,,,,,,
232,hns_stpA__wt,0.0,0.21789731777349736,2.0,731.0,0.154076671,732.0,-0.154076671,,,,,,,,,,,,,,,,,,,,,,,,,,,,,,,,
233,hns_stpA__delhns_delstpA,-2.4849016822500003,0.1665240001692692,2.0,733.0,-2.602651932,734.0,-2.3671514325,,,,,,,,,,,,,,,,,,,,,,,,,,,,,,,,
234,hu__wt_log_pH7,0.4998361464666667,0.09308209108002907,3.0,735.0,0.4122073938,736.0,0.4897508293,737.0,0.5975502163,,,,,,,,,,,,,,,,,,,,,,,,,,,,,,
235,hu__wt_lag_pH7,-4.625929269271485e-18,0.11392227883469835,3.0,738.0,-0.11970713120000001,739.0,0.012620762700000001,740.0,0.1070863685,,,,,,,,,,,,,,,,,,,,,,,,,,,,,,
236,hu__delhupA_lag_pH7,-0.026985675633333334,0.12128200292739548,3.0,741.0,-0.1159281132,742.0,0.1111672187,743.0,-0.0761961324,,,,,,,,,,,,,,,,,,,,,,,,,,,,,,
237,hu__delhupB_lag_pH7,0.030378712800000002,0.20397057246360226,3.0,744.0,0.2491791703,745.0,-0.0035313558,746.0,-0.1545116761,,,,,,,,,,,,,,,,,,,,,,,,,,,,,,
238,hu__delhupAhupB_lag_pH7,0.27315404466666665,0.2647793797732476,3.0,747.0,0.1894386176,748.0,0.0603513659,749.0,0.5696721505,,,,,,,,,,,,,,,,,,,,,,,,,,,,,,
239,hu__hupAE34K_hupB_lag_pH7,0.0075523245666666685,0.10139913610160171,3.0,750.0,-0.1058204227,751.0,0.08957148200000001,752.0,0.0389059144,,,,,,,,,,,,,,,,,,,,,,,,,,,,,,
240,hu__hupAE34K_delhupB_lag_pH7,-0.1093491439,0.14041370957299246,3.0,753.0,-0.2504661466,754.0,-0.1079318278,755.0,0.0303505427,,,,,,,,,,,,,,,,,,,,,,,,,,,,,,
241,hu__wt_lag_pH5,0.2815486144666667,0.2501288697934881,3.0,756.0,0.026352690300000002,757.0,0.5262821037000001,758.0,0.2920110494,,,,,,,,,,,,,,,,,,,,,,,,,,,,,,
242,hu__delhupA_lag_pH5,0.18986977950000003,0.3193070034496557,3.0,759.0,-0.019962771100000002,760.0,0.0322318928,761.0,0.5573402168,,,,,,,,,,,,,,,,,,,,,,,,,,,,,,
243,hu__delhupAhupB_lag_pH5,0.33475565496666665,0.33280250905783726,3.0,762.0,0.2578939574,763.0,0.0471087222,764.0,0.6992642853000001,,,,,,,,,,,,,,,,,,,,,,,,,,,,,,
244,hu__hupAE34K_hupB_lag_pH5,0.45113580696666666,0.3468532195084847,3.0,765.0,0.1042254843,766.0,0.45125004150000003,767.0,0.7979318951000001,,,,,,,,,,,,,,,,,,,,,,,,,,,,,,
245,hu__hupAE34K_delhupB_lag_pH5,0.38009546713333336,0.13961698672992176,3.0,768.0,0.45411283150000004,769.0,0.2190546306,770.0,0.46711893930000004,,,,,,,,,,,,,,,,,,,,,,,,,,,,,,
246,hyperpersistence__low_GFP,-2.3066269373,0.2404867935429089,2.0,771.0,-2.4766767798,780.0,-2.1365770948,,,,,,,,,,,,,,,,,,,,,,,,,,,,,,,,
247,hyperpersistence__wt,0.0,0.006074947255903538,2.0,772.0,0.0042956364,779.0,-0.0042956364,,,,,,,,,,,,,,,,,,,,,,,,,,,,,,,,
248,hyperpersistence__high_GFP,-2.0263183254,0.18795224333301655,2.0,773.0,-2.1592206312,778.0,-1.8934160196,,,,,,,,,,,,,,,,,,,,,,,,,,,,,,,,
249,hyperpersistence__pth_mut,-0.3410668251,0.004487243913395468,2.0,774.0,-0.3442397857,775.0,-0.33789386450000003,,,,,,,,,,,,,,,,,,,,,,,,,,,,,,,,
250,hyperpersistence__metG_mut,-0.19717488935,0.007163703679237696,2.0,776.0,-0.1921093859,777.0,-0.2022403928,,,,,,,,,,,,,,,,,,,,,,,,,,,,,,,,
251,kan_efg__cpxAF218Y,-0.2872038905,0.11039051480883326,2.0,781.0,-0.3652617721,782.0,-0.2091460089,,,,,,,,,,,,,,,,,,,,,,,,,,,,,,,,
252,kan_efg__cyaAN600Y,-0.3441639059,0.24045898953858705,2.0,783.0,-0.514194088,784.0,-0.1741337238,,,,,,,,,,,,,,,,,,,,,,,,,,,,,,,,
253,kan_efg__fusAA608E,0.05340316935,0.11016898228479617,2.0,785.0,-0.0244980651,786.0,0.1313044038,,,,,,,,,,,,,,,,,,,,,,,,,,,,,,,,
254,kan_efg__fusAA608E_cpxAF218Y,-0.2919810977,0.025734697480152214,2.0,787.0,-0.2737839186,788.0,-0.3101782768,,,,,,,,,,,,,,,,,,,,,,,,,,,,,,,,
255,kan_efg__fusAA608E_cyaAN600Y,-0.28334165730000005,0.005271047173024785,2.0,789.0,-0.2796144641,790.0,-0.28706885050000003,,,,,,,,,,,,,,,,,,,,,,,,,,,,,,,,
256,kan_efg__fusAA608E_rpoDL261Q,0.28886908425,0.1886492699534838,2.0,791.0,0.1554739062,792.0,0.4222642623,,,,,,,,,,,,,,,,,,,,,,,,,,,,,,,,
257,kan_efg__fusAA608E_topAS180L,-0.05692609489999999,0.28873624328337044,2.0,793.0,0.14724126070000002,794.0,-0.2610934505,,,,,,,,,,,,,,,,,,,,,,,,,,,,,,,,
258,kan_efg__rpoDL261Q,0.26455766715,0.03469088842400524,2.0,795.0,0.2400275047,796.0,0.2890878296,,,,,,,,,,,,,,,,,,,,,,,,,,,,,,,,
259,kan_efg__wt,0.0,0.1532761135710375,2.0,797.0,0.1083825793,798.0,-0.1083825793,,,,,,,,,,,,,,,,,,,,,,,,,,,,,,,,
260,lrp__wt_min_log,0.0,0.09059706059175712,2.0,799.0,0.0640617959,800.0,-0.0640617959,,,,,,,,,,,,,,,,,,,,,,,,,,,,,,,,
261,lrp__wt_min_trans,-0.5468485208,0.25652928118666296,2.0,801.0,-0.7282421151,802.0,-0.3654549265,,,,,,,,,,,,,,,,,,,,,,,,,,,,,,,,
262,lrp__wt_min_stat,-2.06582857525,0.16172459647198692,2.0,803.0,-2.1801851341,804.0,-1.9514720164,,,,,,,,,,,,,,,,,,,,,,,,,,,,,,,,
263,lrp__wt_liv_log,-0.28063173645,0.09057969072580932,2.0,805.0,-0.2165822229,806.0,-0.34468125,,,,,,,,,,,,,,,,,,,,,,,,,,,,,,,,
264,lrp__wt_liv_trans,-1.2777631472,0.08071345208177706,2.0,807.0,-1.3348361765,808.0,-1.2206901179,,,,,,,,,,,,,,,,,,,,,,,,,,,,,,,,
265,lrp__wt_liv_stat,-2.4854725275000003,0.04951738200169043,2.0,809.0,-2.5204866041000002,810.0,-2.4504584509000003,,,,,,,,,,,,,,,,,,,,,,,,,,,,,,,,
266,lrp__wt_rich_log,-0.5022005455,0.07271119266276126,2.0,811.0,-0.4507859681,812.0,-0.5536151229,,,,,,,,,,,,,,,,,,,,,,,,,,,,,,,,
267,lrp__wt_rich_trans,-1.86890937255,0.3663882585247773,2.0,813.0,-1.6098337504,814.0,-2.1279849947,,,,,,,,,,,,,,,,,,,,,,,,,,,,,,,,
268,lrp__wt_rich_stat,-1.2473811238499999,0.3860041682700139,2.0,815.0,-0.9744349589,816.0,-1.5203272888,,,,,,,,,,,,,,,,,,,,,,,,,,,,,,,,
269,lrp__dellrp_min_log,-0.13410145395,0.25755645582184494,2.0,817.0,-0.31622137040000003,818.0,0.048018462500000005,,,,,,,,,,,,,,,,,,,,,,,,,,,,,,,,
270,lrp__dellrp_min_trans,-1.34464070475,0.1598461678734503,2.0,819.0,-1.2316123955,820.0,-1.457669014,,,,,,,,,,,,,,,,,,,,,,,,,,,,,,,,
271,lrp__dellrp_min_stat,-2.45340680675,0.12493611629881027,2.0,821.0,-2.5417499818,822.0,-2.3650636317,,,,,,,,,,,,,,,,,,,,,,,,,,,,,,,,
272,lrp__dellrp_liv_log,-0.20665804795,0.18371135817990283,2.0,823.0,-0.0767545008,824.0,-0.3365615951,,,,,,,,,,,,,,,,,,,,,,,,,,,,,,,,
273,lrp__dellrp_liv_trans,-1.3177139166,0.2555191278137856,2.0,825.0,-1.4983932246,826.0,-1.1370346086,,,,,,,,,,,,,,,,,,,,,,,,,,,,,,,,
274,lrp__dellrp_liv_stat,-2.2292020089499998,0.0855753493814055,2.0,827.0,-2.1686910991,828.0,-2.2897129188,,,,,,,,,,,,,,,,,,,,,,,,,,,,,,,,
275,lrp__dellrp_rich_log,-0.5497775051,0.03476508690632209,2.0,829.0,-0.5743601338000001,830.0,-0.5251948764000001,,,,,,,,,,,,,,,,,,,,,,,,,,,,,,,,
276,lrp__dellrp_rich_trans,-1.6045545699000001,0.13211411145462412,2.0,831.0,-1.5111357858,832.0,-1.6979733540000002,,,,,,,,,,,,,,,,,,,,,,,,,,,,,,,,
277,lrp__dellrp_rich_stat,-0.8682442546,0.16638460276477163,2.0,833.0,-0.9858959355,834.0,-0.7505925737,,,,,,,,,,,,,,,,,,,,,,,,,,,,,,,,
278,mazF_circuit__t0,0.0,0.16757447043735735,2.0,835.0,0.11849304440000001,840.0,-0.11849304440000001,,,,,,,,,,,,,,,,,,,,,,,,,,,,,,,,
279,mazF_circuit__t2,-0.1126473832,0.17102639193626326,2.0,836.0,-0.23358130470000002,841.0,0.0082865383,,,,,,,,,,,,,,,,,,,,,,,,,,,,,,,,
280,mazF_circuit__t4,0.6058613816,0.43943241157805407,2.0,837.0,0.9165870197,842.0,0.2951357435,,,,,,,,,,,,,,,,,,,,,,,,,,,,,,,,
281,mazF_circuit__t6,1.2027229691999999,0.12130493481630308,2.0,838.0,1.1169474272,843.0,1.2884985112,,,,,,,,,,,,,,,,,,,,,,,,,,,,,,,,
282,mazF_circuit__t8,0.9288379978500001,0.0742460859474484,2.0,839.0,0.9813379087,844.0,0.876338087,,,,,,,,,,,,,,,,,,,,,,,,,,,,,,,,
283,mazF_ribo__emptyvec_mrna_5m,0.0,0.047932204020340693,2.0,845.0,0.0338931865,846.0,-0.0338931865,,,,,,,,,,,,,,,,,,,,,,,,,,,,,,,,
284,mazF_ribo__mazF_mrna_5m,0.49854746940000005,0.019844095366267075,2.0,847.0,0.48451557500000003,848.0,0.5125793638,,,,,,,,,,,,,,,,,,,,,,,,,,,,,,,,
285,mazF_ribo__emptyvec_total_5m,-0.029547099549999997,0.13315020454479445,2.0,849.0,-0.1236985121,850.0,0.06460431300000001,,,,,,,,,,,,,,,,,,,,,,,,,,,,,,,,
286,mazF_ribo__mazF_total_60m,-0.17091730100000002,0.042307927170207066,2.0,851.0,-0.1410010788,852.0,-0.2008335232,,,,,,,,,,,,,,,,,,,,,,,,,,,,,,,,
287,mercury__ctrl_t00,-4.625929269271485e-18,0.14459570186149062,3.0,853.0,-0.1663780183,863.0,0.0953002959,873.0,0.0710777224,,,,,,,,,,,,,,,,,,,,,,,,,,,,,,
288,mercury__ctrl_t10,-0.24727339243333335,0.10093976791757968,3.0,854.0,-0.3478961807,864.0,-0.1460196033,874.0,-0.2479043933,,,,,,,,,,,,,,,,,,,,,,,,,,,,,,
289,mercury__ctrl_t30,-0.10843351603333334,0.13945594559919322,3.0,855.0,0.0340657367,865.0,-0.2446326073,875.0,-0.1147336775,,,,,,,,,,,,,,,,,,,,,,,,,,,,,,
290,mercury__ctrl_t60,-0.26407768766666667,0.09829020318589674,3.0,856.0,-0.27914455250000003,866.0,-0.35396451100000004,876.0,-0.1591239995,,,,,,,,,,,,,,,,,,,,,,,,,,,,,,
291,mercury__hg_t10,-0.3994223096,0.3511962268254269,3.0,857.0,-0.5996212404,867.0,-0.6047390861,877.0,0.0060933977,,,,,,,,,,,,,,,,,,,,,,,,,,,,,,
292,mercury__hg_t30,-0.875818502,0.0828225645994872,3.0,858.0,-0.8475167013,868.0,-0.8108566141,878.0,-0.9690821906,,,,,,,,,,,,,,,,,,,,,,,,,,,,,,
293,mercury__hg_t60,0.15567866053333335,0.05858654897427039,3.0,859.0,0.0975524559,869.0,0.15476857530000002,879.0,0.21471495040000002,,,,,,,,,,,,,,,,,,,,,,,,,,,,,,
294,mercury__pma_t10,0.44993624523333337,0.08438949913995479,3.0,860.0,0.4243964122,870.0,0.3812667655,880.0,0.5441455580000001,,,,,,,,,,,,,,,,,,,,,,,,,,,,,,
295,mercury__pma_t30,0.5724686871333333,0.14561077736211445,3.0,861.0,0.4065570667,871.0,0.6318130777000001,881.0,0.679035917,,,,,,,,,,,,,,,,,,,,,,,,,,,,,,
296,mercury__pma_t60,-0.07126744330000001,0.08501414794771653,3.0,862.0,0.0257037037,872.0,-0.13297621,882.0,-0.1065298236,,,,,,,,,,,,,,,,,,,,,,,,,,,,,,
297,ml_abx__az_lolcde,-0.0128690852,0.01212675158441775,3.0,883.0,-5.13709e-05,884.0,-0.014395550100000001,885.0,-0.0241603346,,,,,,,,,,,,,,,,,,,,,,,,,,,,,,
298,ml_abx__b01,0.23615265210000003,0.09984876126543991,3.0,886.0,0.2839925663,887.0,0.3030802711,888.0,0.1213851189,,,,,,,,,,,,,,,,,,,,,,,,,,,,,,
299,ml_abx__cro,0.015819021066666668,0.037125323115725084,3.0,889.0,0.0008386802,890.0,-0.0114755991,891.0,0.058093982100000004,,,,,,,,,,,,,,,,,,,,,,,,,,,,,,
300,ml_abx__chl,-0.5547968620333333,0.19035172846755555,3.0,892.0,-0.6104948842,893.0,-0.3428091036,894.0,-0.7110865983,,,,,,,,,,,,,,,,,,,,,,,,,,,,,,
301,ml_abx__cip,-0.009942249666666667,0.10522575547631656,3.0,895.0,0.11031638590000001,896.0,-0.055043093,897.0,-0.0851000419,,,,,,,,,,,,,,,,,,,,,,,,,,,,,,
302,ml_abx__clr,1.0066033535666667,0.16851835064743395,3.0,898.0,0.9017762675000001,899.0,1.2009918804,900.0,0.9170419128,,,,,,,,,,,,,,,,,,,,,,,,,,,,,,
303,ml_abx__cst,-0.015907137733333333,0.06123358822249945,3.0,901.0,-0.0270783079,902.0,-0.070786055,903.0,0.0501429497,,,,,,,,,,,,,,,,,,,,,,,,,,,,,,
304,ml_abx__ctrl,1.1564823173178713e-18,0.11603910569330808,6.0,904.0,-0.0574824569,905.0,-0.0716134407,906.0,0.212228297,907.0,0.0142755734,908.0,-0.1154267482,909.0,0.0180187754,,,,,,,,,,,,,,,,,,,,,,,,
305,ml_abx__dox,-0.3526546724,0.03178279498932822,3.0,910.0,-0.3638856688,911.0,-0.3167812067,912.0,-0.3772971417,,,,,,,,,,,,,,,,,,,,,,,,,,,,,,
306,ml_abx__glob,-0.07493172306666666,0.05734680330962649,3.0,913.0,-0.048037100900000004,914.0,-0.0359751667,915.0,-0.1407829016,,,,,,,,,,,,,,,,,,,,,,,,,,,,,,
307,ml_abx__lvx,-0.12245004466666666,0.14057556329405538,3.0,916.0,-0.2794150743,917.0,-0.0797861507,918.0,-0.008148909000000001,,,,,,,,,,,,,,,,,,,,,,,,,,,,,,
308,ml_abx__mec,-0.008941813066666667,0.031398435196242955,3.0,919.0,-0.041601234,920.0,0.0210218037,921.0,-0.0062460089,,,,,,,,,,,,,,,,,,,,,,,,,,,,,,
309,ml_abx__mem,-0.05907320653333333,0.045802674955548114,3.0,922.0,-0.0979301164,923.0,-0.0085724094,924.0,-0.0707170938,,,,,,,,,,,,,,,,,,,,,,,,,,,,,,
310,ml_abx__nit,-0.2827632798333333,0.24038048945448082,3.0,925.0,-0.0054760245,926.0,-0.4106081468,927.0,-0.4322056682,,,,,,,,,,,,,,,,,,,,,,,,,,,,,,
311,ml_abx__ntx,-0.6422746129000001,0.09616806274420393,2.0,928.0,-0.5742735236000001,929.0,-0.7102757022,,,,,,,,,,,,,,,,,,,,,,,,,,,,,,,,
312,ml_abx__nor,-0.16587005413333333,0.09822655012260087,3.0,930.0,-0.0530702242,931.0,-0.21199359210000002,932.0,-0.2325463461,,,,,,,,,,,,,,,,,,,,,,,,,,,,,,
313,ml_abx__pb,-0.021913598433333334,0.01962276277444939,3.0,933.0,-0.0439159781,934.0,-0.015600082400000001,935.0,-0.0062247348,,,,,,,,,,,,,,,,,,,,,,,,,,,,,,
314,ml_abx__tmp,-0.4004095798666667,0.19992621558418058,3.0,936.0,-0.20586215400000002,937.0,-0.3900544584,938.0,-0.6053121272,,,,,,,,,,,,,,,,,,,,,,,,,,,,,,
315,mut_abx__del_mutS_000nor,0.0,0.14767809991032388,3.0,939.0,-0.07362159780000001,940.0,-0.09639474320000001,941.0,0.17001634100000002,,,,,,,,,,,,,,,,,,,,,,,,,,,,,,
316,mut_abx__del_mutS_125nor,-0.17098785126666668,0.11589315230201827,3.0,942.0,-0.302434552,943.0,-0.0835263685,944.0,-0.1270026333,,,,,,,,,,,,,,,,,,,,,,,,,,,,,,
317,mut_abx__del_mutS_250nor,-0.20616770316666666,0.042790181483751064,3.0,945.0,-0.2209634606,946.0,-0.15794319340000001,947.0,-0.2395964555,,,,,,,,,,,,,,,,,,,,,,,,,,,,,,
318,mut_abx__del_mutS_375nor,0.035352821766666674,0.08859978458254111,3.0,948.0,0.07604673270000001,949.0,-0.0662832845,950.0,0.0962950171,,,,,,,,,,,,,,,,,,,,,,,,,,,,,,
319,mut_abx__del_mutS_500nor,0.31773170293333336,0.031823403454227704,3.0,951.0,0.3253721638,952.0,0.3450393784,953.0,0.28278356660000004,,,,,,,,,,,,,,,,,,,,,,,,,,,,,,
320,mut_abx__del_mutS_625nor,0.36231158706666666,0.08110253676029651,3.0,954.0,0.3557175799,955.0,0.2847073498,956.0,0.4465098315,,,,,,,,,,,,,,,,,,,,,,,,,,,,,,
321,mut_abx__del_mutS_750nor,0.3534536980333334,0.16300955978611859,3.0,957.0,0.3134224147,958.0,0.5327497178,959.0,0.2141889616,,,,,,,,,,,,,,,,,,,,,,,,,,,,,,
322,mut_abx__del_mutS_875nor,0.46727960789999995,0.10398834196050864,3.0,960.0,0.4632752705,961.0,0.3653512747,962.0,0.5732122785,,,,,,,,,,,,,,,,,,,,,,,,,,,,,,
323,nit_yeaG__wt_Nminus,0.0,0.49492579213106547,2.0,963.0,0.34996538380000003,964.0,-0.34996538380000003,,,,,,,,,,,,,,,,,,,,,,,,,,,,,,,,
324,nit_yeaG__wt_Nplus,0.75863317625,0.3990418999751605,2.0,965.0,1.0407984097,966.0,0.47646794280000004,,,,,,,,,,,,,,,,,,,,,,,,,,,,,,,,
325,nit_yeaG__del_yeaG_Nminus_24h,-0.5455944775333333,0.40094809328335185,3.0,967.0,-0.9615374857000001,968.0,-0.1615464731,969.0,-0.5136994738,,,,,,,,,,,,,,,,,,,,,,,,,,,,,,
326,nit_yeaG__del_yeaG_Nminus,-0.2393092234,0.14344191839003345,2.0,970.0,-0.1378804702,971.0,-0.3407379766,,,,,,,,,,,,,,,,,,,,,,,,,,,,,,,,
327,nit_yeaG__del_yeaG_Nplus,0.57077063485,0.5786683831024538,2.0,972.0,0.9799509726000001,973.0,0.1615902971,,,,,,,,,,,,,,,,,,,,,,,,,,,,,,,,
328,opex__amp,0.023891754100000006,0.10320664660186522,3.0,974.0,0.1423888238,975.0,-0.0463315362,976.0,-0.024382025300000002,,,,,,,,,,,,,,,,,,,,,,,,,,,,,,
329,opex__bak_amp,0.33719571523333336,0.01385252638851427,3.0,977.0,0.3419983827,978.0,0.34800775640000003,979.0,0.3215810066,,,,,,,,,,,,,,,,,,,,,,,,,,,,,,
330,opex__bak_kan,0.29864798693333333,0.170821524127586,3.0,980.0,0.4523996572,981.0,0.11476602570000001,982.0,0.3287782779,,,,,,,,,,,,,,,,,,,,,,,,,,,,,,
331,opex__bak_nor,0.40818664560000006,0.22373394788426668,3.0,983.0,0.6427069025000001,984.0,0.1970805462,985.0,0.38477248810000003,,,,,,,,,,,,,,,,,,,,,,,,,,,,,,
332,opex__bak_rif,0.13104910516666668,0.08139321008923786,3.0,986.0,0.0373623498,987.0,0.1714157128,988.0,0.1843692529,,,,,,,,,,,,,,,,,,,,,,,,,,,,,,
333,opex__chx_amp,0.15941192646666666,0.010303048940239397,3.0,989.0,0.1491281169,990.0,0.15937355490000002,991.0,0.16973410760000002,,,,,,,,,,,,,,,,,,,,,,,,,,,,,,
334,opex__chx_kan,0.12544166806666668,0.03806413658052111,3.0,992.0,0.1435508097,993.0,0.15107027380000002,994.0,0.0817039207,,,,,,,,,,,,,,,,,,,,,,,,,,,,,,
335,opex__chx_nor,0.2858835913666667,0.07747654425858104,3.0,995.0,0.2349390191,996.0,0.3750434181,997.0,0.2476683369,,,,,,,,,,,,,,,,,,,,,,,,,,,,,,
336,opex__chx_rif,0.041448191966666666,0.13610060606557764,3.0,998.0,-0.06366758460000001,999.0,-0.0071689172,1000.0,0.1951810777,,,,,,,,,,,,,,,,,,,,,,,,,,,,,,
337,opex__ctrl,-4.625929269271485e-18,0.28988272517980984,3.0,1001.0,0.3149883596,1002.0,-0.2555693772,1003.0,-0.0594189824,,,,,,,,,,,,,,,,,,,,,,,,,,,,,,
338,opex__etoh_amp,0.17982115743333335,0.17331929991182332,3.0,1004.0,0.2881221476,1005.0,-0.0200782703,1006.0,0.271419595,,,,,,,,,,,,,,,,,,,,,,,,,,,,,,
339,opex__etoh_kan,0.18722158590000001,0.15470521574149487,3.0,1007.0,0.0091417077,1008.0,0.2884832889,1009.0,0.2640397611,,,,,,,,,,,,,,,,,,,,,,,,,,,,,,
340,opex__etoh_nor,0.09760696840000001,0.15107043179424093,3.0,1010.0,-0.0459765278,1011.0,0.08360763260000001,1012.0,0.2551898004,,,,,,,,,,,,,,,,,,,,,,,,,,,,,,
341,opex__etoh_rif,0.2388056379,0.105331016351709,3.0,1013.0,0.3593131027,1014.0,0.1928027371,1015.0,0.1643010739,,,,,,,,,,,,,,,,,,,,,,,,,,,,,,
342,opex__glual_amp,0.022898481800000006,0.23142036096251972,3.0,1016.0,-0.2408886674,1017.0,0.1917736519,1018.0,0.11781046090000001,,,,,,,,,,,,,,,,,,,,,,,,,,,,,,
343,opex__glual_kan,0.00028394773333333356,0.04098148288851028,3.0,1019.0,0.0437129205,1020.0,-0.0051540162,1021.0,-0.0377070611,,,,,,,,,,,,,,,,,,,,,,,,,,,,,,
344,opex__glual_nor,0.017065039599999998,0.2955793629164485,3.0,1022.0,-0.2918221783,1023.0,0.045776096100000004,1024.0,0.297241201,,,,,,,,,,,,,,,,,,,,,,,,,,,,,,
345,opex__glual_rif,-0.03876811853333334,0.1667362562093155,3.0,1025.0,-0.032594794,1026.0,-0.2085053034,1027.0,0.1247957418,,,,,,,,,,,,,,,,,,,,,,,,,,,,,,
346,opex__h2o2_amp,0.027809867733333337,0.06449350285550148,3.0,1028.0,-0.021119402500000002,1029.0,0.1008940133,1030.0,0.0036549924000000003,,,,,,,,,,,,,,,,,,,,,,,,,,,,,,
347,opex__h2o2_kan,0.02197615663333334,0.09887124048048304,3.0,1031.0,0.0989615256,1032.0,0.056493484600000005,1033.0,-0.0895265403,,,,,,,,,,,,,,,,,,,,,,,,,,,,,,
348,opex__h2o2_nor,0.10120938496666666,0.10244893572665989,3.0,1034.0,0.0591338775,1035.0,0.026497344000000003,1036.0,0.2179969334,,,,,,,,,,,,,,,,,,,,,,,,,,,,,,
349,opex__h2o2_rif,-0.15128744253333334,0.2299883204552832,3.0,1037.0,-0.3489567739,1038.0,0.101136787,1039.0,-0.20604234070000002,,,,,,,,,,,,,,,,,,,,,,,,,,,,,,
350,opex__ippoh_amp,0.13814560280000002,0.12875858206698138,3.0,1040.0,0.1834222993,1041.0,-0.0071356744,1042.0,0.2381501835,,,,,,,,,,,,,,,,,,,,,,,,,,,,,,
351,opex__ippoh_kan,0.3063773466,0.24248475906704192,3.0,1043.0,0.06826332460000001,1044.0,0.5530084254000001,1045.0,0.2978602898,,,,,,,,,,,,,,,,,,,,,,,,,,,,,,
352,opex__ippoh_nor,0.39831295726666666,0.2552468301382993,3.0,1046.0,0.2650391595,1047.0,0.23728889020000002,1048.0,0.6926108221,,,,,,,,,,,,,,,,,,,,,,,,,,,,,,
353,opex__ippoh_rif,0.23578068313333334,0.08954198165988564,3.0,1049.0,0.31152199880000003,1050.0,0.1369575331,1051.0,0.2588625175,,,,,,,,,,,,,,,,,,,,,,,,,,,,,,
354,opex__kan,-0.05910527403333333,0.0858974807466419,3.0,1052.0,-0.1170607729,1053.0,-0.0998358262,1054.0,0.039580777000000004,,,,,,,,,,,,,,,,,,,,,,,,,,,,,,
355,opex__nor,-0.11367394006666666,0.04633123432607105,3.0,1055.0,-0.063814886,1056.0,-0.15540047040000002,1057.0,-0.1218064638,,,,,,,,,,,,,,,,,,,,,,,,,,,,,,
356,opex__paa_amp,-0.10698329070000001,0.23214124477531659,3.0,1058.0,0.1175442738,1059.0,-0.34605435630000003,1060.0,-0.0924397896,,,,,,,,,,,,,,,,,,,,,,,,,,,,,,
357,opex__paa_kan,0.06610529990000001,0.11492844218463713,3.0,1061.0,0.19378998890000002,1062.0,0.033584066,1063.0,-0.0290581552,,,,,,,,,,,,,,,,,,,,,,,,,,,,,,
358,opex__paa_nor,0.08159602423333333,0.1770541794075579,3.0,1064.0,0.140320111,1065.0,-0.11735904280000001,1066.0,0.2218270045,,,,,,,,,,,,,,,,,,,,,,,,,,,,,,
359,opex__paa_rif,0.09378720603333333,0.030475206859789935,3.0,1067.0,0.11290150110000001,1068.0,0.0586425415,1069.0,0.1098175755,,,,,,,,,,,,,,,,,,,,,,,,,,,,,,
360,opex__phenol_amp,-0.06635077860000001,0.26706216633942925,3.0,1070.0,0.14383674940000002,1071.0,0.0239732227,1072.0,-0.3668623079,,,,,,,,,,,,,,,,,,,,,,,,,,,,,,
361,opex__phenol_kan,0.08635744996666667,0.14605231545982247,3.0,1073.0,-0.0031505187,1074.0,0.2548956074,1075.0,0.0073272612,,,,,,,,,,,,,,,,,,,,,,,,,,,,,,
362,opex__phenol_nor,0.14522107876666668,0.2995603057123548,3.0,1076.0,0.1612246995,1077.0,-0.16202025080000002,1078.0,0.4364587876,,,,,,,,,,,,,,,,,,,,,,,,,,,,,,
363,opex__phenol_rif,0.1348809512666667,0.06484557342894444,3.0,1079.0,0.07947359870000001,1080.0,0.2062019103,1081.0,0.1189673448,,,,,,,,,,,,,,,,,,,,,,,,,,,,,,
364,opex__pvpi_amp,0.08213050566666667,0.23067132911960778,3.0,1082.0,-0.1827802158,1083.0,0.1905859848,1084.0,0.23858574800000001,,,,,,,,,,,,,,,,,,,,,,,,,,,,,,
365,opex__pvpi_kan,-0.0757488093,0.13775862064421657,3.0,1085.0,0.0408548348,1086.0,-0.22775298030000002,1087.0,-0.040348282400000005,,,,,,,,,,,,,,,,,,,,,,,,,,,,,,
366,opex__pvpi_nor,0.056866298133333326,0.04908797658445311,3.0,1088.0,0.000206769,1089.0,0.0838166556,1090.0,0.0865754698,,,,,,,,,,,,,,,,,,,,,,,,,,,,,,
367,opex__pvpi_rif,0.04702009230000001,0.08227468541543888,3.0,1091.0,0.051362916800000005,1092.0,0.1270373579,1093.0,-0.037339997800000004,,,,,,,,,,,,,,,,,,,,,,,,,,,,,,
368,opex__rif,0.08211593653333334,0.15810318250235691,3.0,1094.0,0.2464064592,1095.0,0.0689132922,1096.0,-0.0689719418,,,,,,,,,,,,,,,,,,,,,,,,,,,,,,
369,opex__naocl_amp,0.15479032473333335,0.12174544215217567,3.0,1097.0,0.2437633677,1098.0,0.20456302510000002,1099.0,0.0160445814,,,,,,,,,,,,,,,,,,,,,,,,,,,,,,
370,opex__naocl_kan,0.11532462506666667,0.10739095283848862,3.0,1100.0,0.2384158361,1101.0,0.0667879425,1102.0,0.0407700966,,,,,,,,,,,,,,,,,,,,,,,,,,,,,,
371,opex__naocl_nor,0.12051994756666667,0.30365126733221204,3.0,1103.0,-0.0392581938,1104.0,-0.0698821235,1105.0,0.47070016000000003,,,,,,,,,,,,,,,,,,,,,,,,,,,,,,
372,opex__naocl_rif,0.05954995036666667,0.11574229049860055,3.0,1106.0,-0.0093682485,1107.0,-0.0051574224,1108.0,0.19317552200000002,,,,,,,,,,,,,,,,,,,,,,,,,,,,,,
373,phage_lysogen__wt_ctrl,2.3129646346357427e-18,0.03528748323308887,3.0,1109.0,-0.0137659088,1110.0,-0.0263297132,1111.0,0.040095622000000004,,,,,,,,,,,,,,,,,,,,,,,,,,,,,,
374,phage_lysogen__O104_H4,-0.056975637999999995,0.1437756283437349,3.0,1112.0,-0.0625651591,1113.0,0.08951323950000001,1114.0,-0.1978749944,,,,,,,,,,,,,,,,,,,,,,,,,,,,,,
375,phage_lysogen__O157_H7_PA8,-0.07502021186666667,0.09848787818381852,3.0,1115.0,-0.1610367012,1116.0,-0.0964381639,1117.0,0.0324142295,,,,,,,,,,,,,,,,,,,,,,,,,,,,,,
376,phage_resist__ygbE_oe,0.10140965577500001,0.3248326241167834,4.0,1118.0,0.587526878,1123.0,-0.0338975709,1124.0,-0.059908553,1125.0,-0.08808213100000001,,,,,,,,,,,,,,,,,,,,,,,,,,,,
377,phage_resist__wt,0.0,0.1617159961069114,4.0,1119.0,0.23584995500000003,1120.0,-0.12595827880000002,1121.0,-0.0764796565,1122.0,-0.033412019700000004,,,,,,,,,,,,,,,,,,,,,,,,,,,,
378,phage_resist__yahA_oe,0.49954973706666667,0.04859623197135105,3.0,1126.0,0.46704910850000003,1127.0,0.5554153971,1128.0,0.47618470560000004,,,,,,,,,,,,,,,,,,,,,,,,,,,,,,
379,phage_resist__yrfF_ko,-0.12051751906666668,0.040833582714819336,3.0,1129.0,-0.09501511630000001,1130.0,-0.098923385,1131.0,-0.1676140559,,,,,,,,,,,,,,,,,,,,,,,,,,,,,,
380,pollution__wt_ctrl,0.0,0.11741444714486238,3.0,1132.0,-0.06778239850000001,1133.0,-0.0677961266,1134.0,0.1355785251,,,,,,,,,,,,,,,,,,,,,,,,,,,,,,
381,pollution__wt_urban,0.0852421496,0.032970112758182846,3.0,1135.0,0.047641723600000005,1136.0,0.1092080483,1137.0,0.0988766769,,,,,,,,,,,,,,,,,,,,,,,,,,,,,,
382,pollution__wt_diesel,0.20219341513333333,0.1042161233743593,3.0,1138.0,0.2395554239,1139.0,0.2825783514,1140.0,0.0844464701,,,,,,,,,,,,,,,,,,,,,,,,,,,,,,
383,pollution__evo_diesel,-0.33007756336666666,0.1501408183581161,3.0,1141.0,-0.16062622470000001,1142.0,-0.44653567990000004,1143.0,-0.3830707855,,,,,,,,,,,,,,,,,,,,,,,,,,,,,,
384,ppGpp__wt_relAtrunc_00m,0.11995118060000003,0.08971645145251626,3.0,1144.0,0.0625088537,1145.0,0.22333375290000002,1171.0,0.0740109352,,,,,,,,,,,,,,,,,,,,,,,,,,,,,,
385,ppGpp__mut_delrelA_10m,0.7262671614666667,0.12111706205440709,3.0,1146.0,0.8617754638,1148.0,0.6285552447,1149.0,0.6884707759,,,,,,,,,,,,,,,,,,,,,,,,,,,,,,
386,ppGpp__mut_delrelA_05m,0.48672660440000004,0.12021366383089765,3.0,1147.0,0.46110018010000003,1152.0,0.6176871388,1153.0,0.3813924943,,,,,,,,,,,,,,,,,,,,,,,,,,,,,,
387,ppGpp__mut_delrelA_00m,0.4886309138333334,0.06489817837391425,3.0,1150.0,0.41435051370000003,1151.0,0.5343495854,1154.0,0.5171926424000001,,,,,,,,,,,,,,,,,,,,,,,,,,,,,,
388,ppGpp__wt_delrelA_10m,0.16643221936666666,0.05379729817283124,3.0,1155.0,0.22391984750000002,1158.0,0.11730388300000001,1159.0,0.1580729276,,,,,,,,,,,,,,,,,,,,,,,,,,,,,,
389,ppGpp__wt_delrelA_05m,0.19014002673333333,0.07663298754139113,3.0,1156.0,0.1241641893,1157.0,0.2741965898,1162.0,0.1720593011,,,,,,,,,,,,,,,,,,,,,,,,,,,,,,
390,ppGpp__wt_delrelA_00m,3.333333146541643e-11,0.0483442029053249,3.0,1160.0,0.0474403926,1161.0,0.0017595765,1163.0,-0.049199969,,,,,,,,,,,,,,,,,,,,,,,,,,,,,,
391,ppGpp__mut_relAtrunc_10m,0.32756577183333335,0.1423253774483903,3.0,1164.0,0.4918822237,1177.0,0.24797480130000002,1179.0,0.2428402905,,,,,,,,,,,,,,,,,,,,,,,,,,,,,,
392,ppGpp__mut_relAtrunc_05m,0.33731277396666665,0.12192908359912492,3.0,1165.0,0.3500163049,1166.0,0.2095292719,1178.0,0.4523927451,,,,,,,,,,,,,,,,,,,,,,,,,,,,,,
393,ppGpp__wt_relAtrunc_10m,0.07948599566666667,0.09299030261260302,3.0,1167.0,0.148394765,1168.0,0.11634698460000001,1169.0,-0.0262837626,,,,,,,,,,,,,,,,,,,,,,,,,,,,,,
394,ppGpp__mut_relAtrunc_00m,0.5294984531666667,0.06224082000443504,3.0,1170.0,0.538041443,1175.0,0.46342742210000004,1176.0,0.5870264944,,,,,,,,,,,,,,,,,,,,,,,,,,,,,,
395,ppGpp__wt_relAtrunc_05m,-0.009452555233333335,0.10390538168205829,3.0,1172.0,0.0574788508,1173.0,0.0433167028,1174.0,-0.1291532193,,,,,,,,,,,,,,,,,,,,,,,,,,,,,,
396,pressure__high_pressure,0.21121299254999998,0.057237393880009334,2.0,1180.0,0.1707400432,1181.0,0.2516859419,,,,,,,,,,,,,,,,,,,,,,,,,,,,,,,,
397,pressure__low_pressure,0.0,0.03418936169645085,2.0,1182.0,0.0241755295,1183.0,-0.0241755295,,,,,,,,,,,,,,,,,,,,,,,,,,,,,,,,
398,quantum_dots__ctrl,0.0,0.03250207183904353,2.0,1184.0,-0.0229824354,1185.0,0.0229824354,,,,,,,,,,,,,,,,,,,,,,,,,,,,,,,,
399,quantum_dots__cdte_light,0.039749799450000005,0.10397389376839242,2.0,1186.0,-0.0337708459,1187.0,0.11327044480000001,,,,,,,,,,,,,,,,,,,,,,,,,,,,,,,,
400,quantum_dots__cdte_dark,0.1168093567,0.0854305287507392,2.0,1188.0,0.0564008505,1189.0,0.1772178629,,,,,,,,,,,,,,,,,,,,,,,,,,,,,,,,
401,quantum_dots__cdse_light,0.0640676751,0.03432747492432306,2.0,1190.0,0.08834086540000001,1191.0,0.0397944848,,,,,,,,,,,,,,,,,,,,,,,,,,,,,,,,
402,quantum_dots__cdse_dark,0.23565066185,0.14708673798245095,2.0,1192.0,0.131644632,1193.0,0.3396566917,,,,,,,,,,,,,,,,,,,,,,,,,,,,,,,,
403,raman__wt,0.0,0.2166090966992232,3.0,1194.0,0.2364399648,1199.0,-0.047568669200000004,1204.0,-0.18887129560000002,,,,,,,,,,,,,,,,,,,,,,,,,,,,,,
404,raman__del_cyaA,0.07029936863333335,0.1330790263310676,3.0,1195.0,0.2110261273,1200.0,0.0533870117,1205.0,-0.053515033100000005,,,,,,,,,,,,,,,,,,,,,,,,,,,,,,
405,raman__del_cyaA_01mM,0.03624273016666667,0.06822118858448666,3.0,1196.0,-0.0030822789000000002,1201.0,0.1150177403,1206.0,-0.0032072709000000002,,,,,,,,,,,,,,,,,,,,,,,,,,,,,,
406,raman__del_cyaA_05mM,-0.03945609913333333,0.14179509411259147,3.0,1197.0,-0.048776577,1202.0,0.10676930230000001,1207.0,-0.1763610227,,,,,,,,,,,,,,,,,,,,,,,,,,,,,,
407,raman__del_cyaA_1mM,0.0015439016999999986,0.05737122186261768,3.0,1198.0,-0.0481753451,1203.0,0.0643173019,1208.0,-0.0115102517,,,,,,,,,,,,,,,,,,,,,,,,,,,,,,
408,rand_barrel__mut_nanE,-0.09454755886666666,0.24179915503186272,3.0,1209.0,-0.1818539143,1210.0,-0.2805681315,1211.0,0.1787793692,,,,,,,,,,,,,,,,,,,,,,,,,,,,,,
409,rand_barrel__mut_pdxJ_1,0.5377007219333333,0.26084958181349316,3.0,1212.0,0.753209612,1213.0,0.24771169440000002,1214.0,0.6121808594,,,,,,,,,,,,,,,,,,,,,,,,,,,,,,
410,rand_barrel__mut_pdxJ_2,0.22626329315,0.2039605594051737,2.0,1215.0,0.0820413985,1216.0,0.3704851878,,,,,,,,,,,,,,,,,,,,,,,,,,,,,,,,
411,rand_barrel__mut_pdxJ_3,-0.0367704322,0.04372060786649991,2.0,1217.0,-0.0058552939,1218.0,-0.0676855705,,,,,,,,,,,,,,,,,,,,,,,,,,,,,,,,
412,rand_barrel__del_serB,0.0,0.22296361482411903,2.0,1219.0,-0.157659084,1220.0,0.157659084,,,,,,,,,,,,,,,,,,,,,,,,,,,,,,,,
413,rockhopper__CV104_pHDB3,-0.5382078570666666,0.02807516957925995,3.0,1221.0,-0.5148918979,1222.0,-0.5303596919,1223.0,-0.5693719814,,,,,,,,,,,,,,,,,,,,,,,,,,,,,,
414,rockhopper__CV104_pLCV1,-0.5175483102666667,0.08294009652842452,3.0,1224.0,-0.422172382,1225.0,-0.5727618204,1226.0,-0.5577107284,,,,,,,,,,,,,,,,,,,,,,,,,,,,,,
415,rockhopper__wt_lb,-0.5156428997666668,0.05415235540229459,3.0,1227.0,-0.5486275566000001,1228.0,-0.45314527920000003,1229.0,-0.5451558635,,,,,,,,,,,,,,,,,,,,,,,,,,,,,,
416,rockhopper__wt_lb_aMG,0.032444907683333336,0.11685191805338145,6.0,1230.0,-0.037482791,1231.0,-0.1094290904,1232.0,-0.0096041172,1242.0,0.0057550069,1243.0,0.1460530015,1244.0,0.19937743630000002,,,,,,,,,,,,,,,,,,,,,,,,
417,rockhopper__del_sgrR_lb_aMG,0.23969290866666668,0.028585723310647876,3.0,1233.0,0.2680219071,1234.0,0.24019962150000002,1235.0,0.2108571974,,,,,,,,,,,,,,,,,,,,,,,,,,,,,,
418,rockhopper__del_sgrS_glyc_aMG,0.6798381577333333,0.10834382419686957,3.0,1236.0,0.6818006229,1237.0,0.7871874185000001,1238.0,0.5705264318000001,,,,,,,,,,,,,,,,,,,,,,,,,,,,,,
419,rockhopper__del_sgrS_glyc,-0.6102347457666667,0.1166899964616577,3.0,1239.0,-0.6175107346,1240.0,-0.49007700940000004,1241.0,-0.7231164933,,,,,,,,,,,,,,,,,,,,,,,,,,,,,,
420,rockhopper__wt_glyc_aMG,0.2460062944166667,0.18391782576661353,6.0,1245.0,0.44588926500000003,1246.0,0.30152565870000003,1247.0,0.0450082589,1257.0,0.4628744555,1258.0,0.1409220524,1259.0,0.079818076,,,,,,,,,,,,,,,,,,,,,,,,
421,rockhopper__wt_glyc,8.333334022836425e-12,0.26408500948258534,12.0,1248.0,-0.316537153,1249.0,-0.2984230375,1250.0,-0.4620009286,1254.0,-0.0918140142,1255.0,-0.042785910600000004,1256.0,0.3562839873,1260.0,0.0410674128,1261.0,-0.0744042366,1262.0,0.34588274410000003,1263.0,0.21873400980000002,1264.0,0.1677046782,1265.0,0.1562924484,,,,,,,,,,,,
422,rockhopper__CV108_glyc_aMG,-0.22014190716666668,0.24002539499614983,3.0,1251.0,-0.474979694,1252.0,-0.1870917959,1253.0,0.0016457684,,,,,,,,,,,,,,,,,,,,,,,,,,,,,,
423,rpoD__wt,0.0,0.2580523180378514,3.0,1266.0,0.2928606621,1267.0,-0.0988333428,1271.0,-0.1940273193,,,,,,,,,,,,,,,,,,,,,,,,,,,,,,
424,rpoD__rpoD_mut,0.6496426429000001,0.2993187325769251,3.0,1268.0,0.3577824069,1269.0,0.6352452659000001,1270.0,0.9559002559,,,,,,,,,,,,,,,,,,,,,,,,,,,,,,
425,rpoN_peptide__ctrl,0.0,0.07730327401101571,3.0,1272.0,-0.0429545095,1273.0,0.0892413954,1274.0,-0.046286885900000005,,,,,,,,,,,,,,,,,,,,,,,,,,,,,,
426,rpoN_peptide__nminus,0.13735323889999998,0.014879806215258865,3.0,1275.0,0.1334794383,1276.0,0.1247934539,1277.0,0.1537868245,,,,,,,,,,,,,,,,,,,,,,,,,,,,,,
427,rpoN_peptide__nplus,0.8801007103999999,0.028130094352247455,3.0,1278.0,0.8865738838,1279.0,0.8492982802,1280.0,0.9044299672,,,,,,,,,,,,,,,,,,,,,,,,,,,,,,
428,rpoN_peptide__s54_wt,-0.37013559133333335,0.11271876230432801,3.0,1281.0,-0.3037967063,1282.0,-0.3063262546,1283.0,-0.5002838131,,,,,,,,,,,,,,,,,,,,,,,,,,,,,,
429,rsd__wt_ee,0.0,0.20535832828011152,2.0,1284.0,0.14521026650000002,1285.0,-0.14521026650000002,,,,,,,,,,,,,,,,,,,,,,,,,,,,,,,,
430,rsd__del_rsd_ee,0.03448035965000001,0.1933098162637172,2.0,1286.0,0.17117104160000002,1287.0,-0.1022103223,,,,,,,,,,,,,,,,,,,,,,,,,,,,,,,,
431,rsd__del_ssrS_ee,0.561297373,0.2625580685118906,2.0,1288.0,0.7469539637,1289.0,0.37564078230000003,,,,,,,,,,,,,,,,,,,,,,,,,,,,,,,,
432,rsd__del_rsd_ssrS_ee,1.1117005502500001,0.09361750829049946,2.0,1290.0,1.0455029753,1291.0,1.1778981252,,,,,,,,,,,,,,,,,,,,,,,,,,,,,,,,
433,rsd__del_rpoS_ee,0.2040272601,0.10047629324213256,2.0,1292.0,0.1329797918,1293.0,0.2750747284,,,,,,,,,,,,,,,,,,,,,,,,,,,,,,,,
434,rsd__wt_me,-0.17193011705,0.08350573353421456,2.0,1294.0,-0.1128826466,1295.0,-0.2309775875,,,,,,,,,,,,,,,,,,,,,,,,,,,,,,,,
435,rsd__del_rpoS_me,0.6759323951,0.10908721730905026,2.0,1296.0,0.5987960840000001,1297.0,0.7530687062,,,,,,,,,,,,,,,,,,,,,,,,,,,,,,,,
436,rsd__wt_ts,-0.17140104255,0.138398828654681,2.0,1298.0,-0.2692637928,1299.0,-0.0735382923,,,,,,,,,,,,,,,,,,,,,,,,,,,,,,,,
437,rsd__del_rsd_ssrS_ts,0.40703135275,0.1148954012485514,2.0,1300.0,0.48827467010000003,1301.0,0.3257880354,,,,,,,,,,,,,,,,,,,,,,,,,,,,,,,,
438,rsd__del_rpoS_ts,0.0579715243,0.05144632687436045,2.0,1302.0,0.021593477700000002,1303.0,0.0943495709,,,,,,,,,,,,,,,,,,,,,,,,,,,,,,,,
439,rsd__wt_s,-0.25227972955,0.18820886772812617,2.0,1304.0,-0.3853634962,1305.0,-0.11919596290000001,,,,,,,,,,,,,,,,,,,,,,,,,,,,,,,,
440,rsd__del_rsd_s,-0.13201743180000003,0.09301279177331026,2.0,1306.0,-0.06624745600000001,1307.0,-0.19778740760000002,,,,,,,,,,,,,,,,,,,,,,,,,,,,,,,,
441,rsd__del_rsd_ssrS_s,0.06910366555,0.17832505161159515,2.0,1308.0,-0.0569911877,1309.0,0.1951985188,,,,,,,,,,,,,,,,,,,,,,,,,,,,,,,,
442,rsd__del_rsd_ls,-0.3866692461,0.0855457325674291,2.0,1310.0,-0.4471592137,1311.0,-0.3261792785,,,,,,,,,,,,,,,,,,,,,,,,,,,,,,,,
443,rsd__del_ssrS_ls,-0.25797114235,0.04445258521952639,2.0,1312.0,-0.2265384179,1313.0,-0.2894038668,,,,,,,,,,,,,,,,,,,,,,,,,,,,,,,,
444,rsd__del_rsd_ssrS_ls,0.77029323635,0.12484657593279423,2.0,1314.0,0.8585730968,1315.0,0.6820133759,,,,,,,,,,,,,,,,,,,,,,,,,,,,,,,,
445,rsd__del_rpoS_ls,0.21874133635,0.09691978322566795,2.0,1316.0,0.1502087004,1317.0,0.2872739723,,,,,,,,,,,,,,,,,,,,,,,,,,,,,,,,
446,sdsR_ryeA__wt_3h,0.0,0.19056335957334128,2.0,1318.0,0.1347486438,1320.0,-0.1347486438,,,,,,,,,,,,,,,,,,,,,,,,,,,,,,,,
447,sdsR_ryeA__wt_8h,-0.16852352055,0.08682790376719987,2.0,1319.0,-0.2299201201,1321.0,-0.107126921,,,,,,,,,,,,,,,,,,,,,,,,,,,,,,,,
448,starve_series__t00_growth1,8.673617379884035e-19,0.03900475187448683,4.0,1322.0,-0.0136800437,1323.0,0.0579890341,1324.0,-0.0261916365,1325.0,-0.0181173539,,,,,,,,,,,,,,,,,,,,,,,,,,,,
449,starve_series__t01_starve,-1.68423000675,0.10378066213261207,2.0,1326.0,-1.6108459968000002,1327.0,-1.7576140167,,,,,,,,,,,,,,,,,,,,,,,,,,,,,,,,
450,starve_series__t02_starve,-2.0942806358499997,0.25239348383920607,2.0,1328.0,-1.9158114919,1329.0,-2.2727497798,,,,,,,,,,,,,,,,,,,,,,,,,,,,,,,,
451,starve_series__t03_starve,-1.9853932657,0.08573851349334712,2.0,1330.0,-1.9247669814,1331.0,-2.04601955,,,,,,,,,,,,,,,,,,,,,,,,,,,,,,,,
452,starve_series__t04_starve,-2.0844445015,0.3207749167945828,2.0,1332.0,-2.3112666204,1333.0,-1.8576223826,,,,,,,,,,,,,,,,,,,,,,,,,,,,,,,,
453,starve_series__t05_starve,-2.3567551835,0.07153882036757714,2.0,1334.0,-2.3061695985,1335.0,-2.4073407685,,,,,,,,,,,,,,,,,,,,,,,,,,,,,,,,
454,starve_series__t06_starve,-1.85215919685,0.009840168182695239,2.0,1336.0,-1.8591172464999999,1337.0,-1.8452011472,,,,,,,,,,,,,,,,,,,,,,,,,,,,,,,,
455,starve_series__t07_starve,-1.7506955345,0.39526480686693394,2.0,1338.0,-1.4712011092,1339.0,-2.0301899598,,,,,,,,,,,,,,,,,,,,,,,,,,,,,,,,
456,starve_series__t08_starve,-1.77537955545,0.09842760386657724,2.0,1340.0,-1.7057807293,1341.0,-1.8449783816,,,,,,,,,,,,,,,,,,,,,,,,,,,,,,,,
457,starve_series__t09_starve,-1.82486829055,0.058492413805728234,2.0,1342.0,-1.8662286730000002,1343.0,-1.7835079081,,,,,,,,,,,,,,,,,,,,,,,,,,,,,,,,
458,starve_series__t10_starve,-1.48610461095,0.1691001259376336,2.0,1344.0,-1.6056764567,1345.0,-1.3665327652,,,,,,,,,,,,,,,,,,,,,,,,,,,,,,,,
459,starve_series__t11_starve,-1.3663555328,0.020128815730088463,2.0,1346.0,-1.3521223107,1347.0,-1.3805887549,,,,,,,,,,,,,,,,,,,,,,,,,,,,,,,,
460,starve_series__t12_starve,-1.27064949295,0.08275197198902663,2.0,1348.0,-1.2121350124,1349.0,-1.3291639735,,,,,,,,,,,,,,,,,,,,,,,,,,,,,,,,
461,starve_series__t14_starve,-1.07376224855,0.06579542282416052,2.0,1350.0,-1.0272378589,1351.0,-1.1202866382,,,,,,,,,,,,,,,,,,,,,,,,,,,,,,,,
462,starve_series__t16_starve,-1.1727665166499999,0.04552242590006774,2.0,1352.0,-1.1405773006,1353.0,-1.2049557327,,,,,,,,,,,,,,,,,,,,,,,,,,,,,,,,
463,starve_series__t17_starve,-1.1213535486500001,0.02573296895762558,2.0,1354.0,-1.1395495055,1355.0,-1.1031575918,,,,,,,,,,,,,,,,,,,,,,,,,,,,,,,,
464,starve_series__t18_starve,-1.4028578039,0.3849776397890085,2.0,1356.0,-1.1306375042,1357.0,-1.6750781036,,,,,,,,,,,,,,,,,,,,,,,,,,,,,,,,
465,starve_series__t20_starve,0.2244535284,0.009941053440619643,2.0,1358.0,0.2174241421,1359.0,0.23148291470000001,,,,,,,,,,,,,,,,,,,,,,,,,,,,,,,,
466,starve_series__t21_growth2,-0.043758791500000005,0.15812237850750108,2.0,1360.0,0.0680506146,1361.0,-0.1555681976,,,,,,,,,,,,,,,,,,,,,,,,,,,,,,,,
467,starve_series__t22_growth2,-0.19951155965,0.06014952561850664,2.0,1362.0,-0.2420436971,1363.0,-0.1569794222,,,,,,,,,,,,,,,,,,,,,,,,,,,,,,,,
468,starve_series__t23_growth2,0.039188185150000006,0.059256633460209776,2.0,1364.0,0.0810889525,1365.0,-0.0027125822,,,,,,,,,,,,,,,,,,,,,,,,,,,,,,,,
469,starve_series__t25_growth2,0.17405160435,0.029205367278965194,2.0,1366.0,0.1534002911,1367.0,0.1947029176,,,,,,,,,,,,,,,,,,,,,,,,,,,,,,,,
470,starve_series__t26_growth2,0.18364466595,0.12528446623202233,2.0,1368.0,0.2722341616,1369.0,0.0950551703,,,,,,,,,,,,,,,,,,,,,,,,,,,,,,,,
471,starve_series__t27_growth2,0.17906513965,0.0008821386905005935,2.0,1370.0,0.1796889059,1371.0,0.17844137340000002,,,,,,,,,,,,,,,,,,,,,,,,,,,,,,,,
472,starve_series__t28_growth2,-0.15612846345,0.07460658793495904,2.0,1372.0,-0.1033736392,1373.0,-0.2088832877,,,,,,,,,,,,,,,,,,,,,,,,,,,,,,,,
473,time_course__lb_4hr,-9.25185853854297e-18,0.1386823975960973,3.0,1374.0,0.1349123635,1375.0,0.00725525,1376.0,-0.1421676135,,,,,,,,,,,,,,,,,,,,,,,,,,,,,,
474,time_course__lb_8hr,0.0722561275,0.14311071463417815,3.0,1377.0,0.2372995312,1378.0,-0.0031113578,1379.0,-0.0174197909,,,,,,,,,,,,,,,,,,,,,,,,,,,,,,
475,time_course__lb_24hr,-0.037024805833333334,0.18166450146153135,3.0,1380.0,0.037554296,1381.0,-0.244109702,1382.0,0.0954809885,,,,,,,,,,,,,,,,,,,,,,,,,,,,,,
476,time_course__lb_72hr,0.9122479968,0.0700322638294442,3.0,1383.0,0.9931138302,1384.0,0.8715790325,1385.0,0.8720511277,,,,,,,,,,,,,,,,,,,,,,,,,,,,,,
477,time_course__lb_144hr,0.5717544040333333,0.06667617682227799,3.0,1386.0,0.5393215451,1387.0,0.6484422714,1388.0,0.5274993956,,,,,,,,,,,,,,,,,,,,,,,,,,,,,,
478,time_course__lb_192hr,0.7459192212333333,0.09546622857500812,3.0,1389.0,0.655600391,1390.0,0.7363458082000001,1391.0,0.8458114645,,,,,,,,,,,,,,,,,,,,,,,,,,,,,,
479,triclosan__wt,0.0,0.1834242821564431,3.0,1392.0,0.0363524807,1393.0,0.162526112,1394.0,-0.1988785927,,,,,,,,,,,,,,,,,,,,,,,,,,,,,,
480,triclosan__evo_amx_tcs,-1.0191076446,0.6661861798944096,3.0,1395.0,-1.0869425626,1396.0,-1.6487810566999999,1397.0,-0.3215993145,,,,,,,,,,,,,,,,,,,,,,,,,,,,,,
481,triclosan__evo_chl_tcs,-0.48046085203333333,0.10775079654152887,3.0,1398.0,-0.4354909819,1399.0,-0.6034122852,1400.0,-0.402479289,,,,,,,,,,,,,,,,,,,,,,,,,,,,,,
482,triclosan__evo_tet_tcs,-0.50375087555,0.1555729653241414,2.0,1401.0,-0.6137575743,1402.0,-0.3937441768,,,,,,,,,,,,,,,,,,,,,,,,,,,,,,,,
483,truHMM__48C_15m,0.012879683000000001,0.03915011219087019,3.0,1403.0,-0.0299373126,1404.0,0.0468484336,1405.0,0.021727928,,,,,,,,,,,,,,,,,,,,,,,,,,,,,,
484,truHMM__48C_30m,-0.52543585785,0.0865089107862225,2.0,1406.0,-0.5866068953,1407.0,-0.4642648204,,,,,,,,,,,,,,,,,,,,,,,,,,,,,,,,
485,truHMM__48C_60m,-0.49751151540000005,0.0009724618944342828,2.0,1408.0,-0.4981991498,1409.0,-0.496823881,,,,,,,,,,,,,,,,,,,,,,,,,,,,,,,,
486,truHMM__phos_0h,0.0,0.02051584016159056,2.0,1410.0,0.014506889700000001,1411.0,-0.014506889700000001,,,,,,,,,,,,,,,,,,,,,,,,,,,,,,,,
487,truHMM__phos_2h,-0.7126334974,0.04215987131388459,2.0,1412.0,-0.6828219665,1413.0,-0.7424450283,,,,,,,,,,,,,,,,,,,,,,,,,,,,,,,,
488,truHMM__phos_4h,-1.2603827510666668,0.7425189006056595,3.0,1414.0,-0.9275258377000001,1415.0,-0.7425312766000001,1416.0,-2.1110911389,,,,,,,,,,,,,,,,,,,,,,,,,,,,,,
489,control__wt_glc,0.0,0.02821451516349785,2.0,1417.0,0.019950675,1418.0,-0.019950675,,,,,,,,,,,,,,,,,,,,,,,,,,,,,,,,
490,fur__wt_dpd,-0.38733433500000003,0.10150406545325531,2.0,1419.0,-0.315560122,1420.0,-0.459108548,,,,,,,,,,,,,,,,,,,,,,,,,,,,,,,,
491,fur__wt_fe,-0.0266755005,0.042409519039937775,2.0,1421.0,0.003312558,1422.0,-0.056663559,,,,,,,,,,,,,,,,,,,,,,,,,,,,,,,,
492,fur__delfur_dpd,-0.579906837,0.051822624213149274,2.0,1423.0,-0.543262708,1424.0,-0.616550966,,,,,,,,,,,,,,,,,,,,,,,,,,,,,,,,
493,fur__delfur_fe2,-0.074330231,0.03619950717633844,2.0,1425.0,-0.09992714800000001,1426.0,-0.048733314,,,,,,,,,,,,,,,,,,,,,,,,,,,,,,,,
494,acid__wt_ph5,0.0125169095,0.10679851687078788,2.0,1427.0,0.088034865,1428.0,-0.063001046,,,,,,,,,,,,,,,,,,,,,,,,,,,,,,,,
495,acid__delgadx_ph5,0.037246302,,1.0,1429.0,0.037246302,,,,,,,,,,,,,,,,,,,,,,,,,,,,,,,,,,
496,acid__delgadw_ph5,-0.003922110000000006,0.17353532205431846,2.0,1430.0,-0.12663011300000002,1431.0,0.118785893,,,,,,,,,,,,,,,,,,,,,,,,,,,,,,,,
497,acid__delgade_ph5,0.018239062500000004,0.07671880675358465,2.0,1432.0,-0.036009326,1433.0,0.07248745100000001,,,,,,,,,,,,,,,,,,,,,,,,,,,,,,,,
498,oxidative__wt_pq,-0.28517107900000005,0.008725462920390661,2.0,1434.0,-0.279001245,1435.0,-0.29134091300000003,,,,,,,,,,,,,,,,,,,,,,,,,,,,,,,,
499,oxidative__deloxyr_pq,0.293164362,0.028662634186579886,2.0,1436.0,0.272896819,1437.0,0.313431905,,,,,,,,,,,,,,,,,,,,,,,,,,,,,,,,
500,oxidative__delsoxr_pq,-0.49085937300000004,0.11038537046557874,2.0,1438.0,-0.41280512900000005,1439.0,-0.568913617,,,,,,,,,,,,,,,,,,,,,,,,,,,,,,,,
501,oxidative__delsoxs_pq,-0.45706533150000006,0.05929244438816823,2.0,1440.0,-0.415139242,1441.0,-0.49899142100000005,,,,,,,,,,,,,,,,,,,,,,,,,,,,,,,,
502,nac_ntrc__wt_csn,-0.173994251,0.016086492595803716,2.0,1442.0,-0.185369119,1443.0,-0.162619383,,,,,,,,,,,,,,,,,,,,,,,,,,,,,,,,
503,nac_ntrc__wt_cytd,-0.16759401550000003,0.07999141148821455,2.0,1444.0,-0.11103154600000001,1445.0,-0.22415648500000002,,,,,,,,,,,,,,,,,,,,,,,,,,,,,,,,
504,nac_ntrc__wt_gln,-0.29853944200000004,0.026380157136519977,2.0,1446.0,-0.27988585400000004,1447.0,-0.31719303,,,,,,,,,,,,,,,,,,,,,,,,,,,,,,,,
505,nac_ntrc__bw_delnac_csn,-0.5962069040000001,0.23935535127522542,2.0,1448.0,-0.426957112,1449.0,-0.7654566960000001,,,,,,,,,,,,,,,,,,,,,,,,,,,,,,,,
506,nac_ntrc__bw_delnac_cytd,-0.1873297465,0.02021001053903041,2.0,1450.0,-0.17303911100000002,1451.0,-0.20162038200000001,,,,,,,,,,,,,,,,,,,,,,,,,,,,,,,,
507,nac_ntrc__bw_delnac_gln,-0.4711953360000001,0.20112895928016836,2.0,1452.0,-0.6134149870000001,1453.0,-0.328975685,,,,,,,,,,,,,,,,,,,,,,,,,,,,,,,,
508,nac_ntrc__bw_delnac_nh4,-0.2836614725,0.09112657411073614,2.0,1454.0,-0.34809769100000004,1455.0,-0.219225254,,,,,,,,,,,,,,,,,,,,,,,,,,,,,,,,
509,misc__wt_no_te,-0.34771734750000005,0.11242386244211057,2.0,1456.0,-0.427213023,1457.0,-0.268221672,,,,,,,,,,,,,,,,,,,,,,,,,,,,,,,,
510,misc__bw_delcbl,-0.1650854455,0.11974564910538138,2.0,1458.0,-0.24975840600000002,1459.0,-0.080412485,,,,,,,,,,,,,,,,,,,,,,,,,,,,,,,,
511,misc__bw_delfabr,0.005651795000000001,0.1028876810909929,2.0,1460.0,0.078404372,1461.0,-0.067100782,,,,,,,,,,,,,,,,,,,,,,,,,,,,,,,,
512,misc__bw_delfadr,-0.174447396,0.02969540748112327,2.0,1462.0,-0.19544522,1463.0,-0.153449572,,,,,,,,,,,,,,,,,,,,,,,,,,,,,,,,
513,misc__nitr_031,-0.5112498,,1.0,1464.0,-0.5112498,,,,,,,,,,,,,,,,,,,,,,,,,,,,,,,,,,
514,omics__wt_glu,0.23279359650000003,0.14021344319966797,2.0,1465.0,0.33193947300000004,1466.0,0.13364772,,,,,,,,,,,,,,,,,,,,,,,,,,,,,,,,
515,omics__wt_gly,0.6092922735,0.12010736109401592,2.0,1467.0,0.5243635440000001,1468.0,0.694221003,,,,,,,,,,,,,,,,,,,,,,,,,,,,,,,,
516,omics__wt_thr,0.0389506785,0.2871165980890786,2.0,1469.0,-0.164071415,1470.0,0.241972772,,,,,,,,,,,,,,,,,,,,,,,,,,,,,,,,
517,omics__bw_ac,-0.4397673825,0.028420261316512898,2.0,1471.0,-0.459863542,1472.0,-0.41967122300000004,,,,,,,,,,,,,,,,,,,,,,,,,,,,,,,,
518,omics__bw_fum,-0.1912079365,0.07303084749568577,2.0,1473.0,-0.24284854400000003,1474.0,-0.13956732900000002,,,,,,,,,,,,,,,,,,,,,,,,,,,,,,,,
519,omics__bw_glc,-0.109667183,0.04695071788774355,2.0,1475.0,-0.142866354,1476.0,-0.076468012,,,,,,,,,,,,,,,,,,,,,,,,,,,,,,,,
520,omics__bw_pyr,0.2920803295,0.2510001844448109,2.0,1477.0,0.114596397,1478.0,0.469564262,,,,,,,,,,,,,,,,,,,,,,,,,,,,,,,,
521,ompr__wt_nacl,-1.1099105704999999,0.0739850767831886,2.0,1479.0,-1.16222592,1480.0,-1.057595221,,,,,,,,,,,,,,,,,,,,,,,,,,,,,,,,
522,ompr__bw_delompr_nacl,-0.974718485,0.11467331406995514,2.0,1481.0,-1.055804763,1482.0,-0.893632207,,,,,,,,,,,,,,,,,,,,,,,,,,,,,,,,
523,minspan__wt_ade,-0.985236069,,1.0,1483.0,-0.985236069,,,,,,,,,,,,,,,,,,,,,,,,,,,,,,,,,,
524,minspan__wt_glc,-0.09712390966666667,0.1473258002061757,3.0,1484.0,-0.20191766300000002,1485.0,-0.16078130200000001,1486.0,0.071327236,,,,,,,,,,,,,,,,,,,,,,,,,,,,,,
525,minspan__wt_glc_anaero,-0.07145776400000001,0.19761015552067845,2.0,1487.0,-0.21118924500000003,1488.0,0.068273717,,,,,,,,,,,,,,,,,,,,,,,,,,,,,,,,
526,minspan__wt_trp,-0.588623156,,1.0,1489.0,-0.588623156,,,,,,,,,,,,,,,,,,,,,,,,,,,,,,,,,,
527,minspan__bw_delcra_glc,-0.259726668,,1.0,1490.0,-0.259726668,,,,,,,,,,,,,,,,,,,,,,,,,,,,,,,,,,
528,minspan__bw_delcra_trp,-0.410140999,,1.0,1491.0,-0.410140999,,,,,,,,,,,,,,,,,,,,,,,,,,,,,,,,,,
529,minspan__bw_delmntr,-0.406853467,,1.0,1492.0,-0.406853467,,,,,,,,,,,,,,,,,,,,,,,,,,,,,,,,,,
530,minspan__bw_delnac_ade,-0.762370246,,1.0,1493.0,-0.762370246,,,,,,,,,,,,,,,,,,,,,,,,,,,,,,,,,,
531,minspan__bw_delnac_glc,-0.19888333600000002,,1.0,1494.0,-0.19888333600000002,,,,,,,,,,,,,,,,,,,,,,,,,,,,,,,,,,
532,cra_crp__wt_ac,-0.0525328155,0.0568879376782383,2.0,1495.0,-0.092758662,1496.0,-0.012306969000000001,,,,,,,,,,,,,,,,,,,,,,,,,,,,,,,,
533,cra_crp__wt_fru,0.33156285500000005,0.16562387197514838,2.0,1497.0,0.448676618,1498.0,0.214449092,,,,,,,,,,,,,,,,,,,,,,,,,,,,,,,,
534,cra_crp__delcra_ac,-0.1242600505,0.0018125487325256857,2.0,1499.0,-0.125541716,1500.0,-0.12297838500000001,,,,,,,,,,,,,,,,,,,,,,,,,,,,,,,,
535,cra_crp__delcra_fru,0.16585707300000002,0.11215973048217294,2.0,1501.0,0.245165979,1502.0,0.08654816700000001,,,,,,,,,,,,,,,,,,,,,,,,,,,,,,,,
536,cra_crp__delcra_glc,0.13731156900000002,0.013584328782537684,2.0,1503.0,0.12770599800000002,1504.0,0.14691714,,,,,,,,,,,,,,,,,,,,,,,,,,,,,,,,
537,rpoB__wt_031,-0.378717888,,1.0,1505.0,-0.378717888,,,,,,,,,,,,,,,,,,,,,,,,,,,,,,,,,,
538,rpoB__wt_044,-0.341042161,,1.0,1506.0,-0.341042161,,,,,,,,,,,,,,,,,,,,,,,,,,,,,,,,,,
539,rpoB__wt_lb,-0.405861058,0.06999827935031783,2.0,1507.0,-0.3563648,1508.0,-0.455357316,,,,,,,,,,,,,,,,,,,,,,,,,,,,,,,,
540,rpoB__rpoBE546V_031,0.080347552,,1.0,1509.0,0.080347552,,,,,,,,,,,,,,,,,,,,,,,,,,,,,,,,,,
541,rpoB__rpoBE546V_044,-0.045064208,,1.0,1510.0,-0.045064208,,,,,,,,,,,,,,,,,,,,,,,,,,,,,,,,,,
542,rpoB__rpoBE546V_lb,0.11604710900000001,0.06060998160431072,2.0,1511.0,0.15890483800000002,1512.0,0.07318938,,,,,,,,,,,,,,,,,,,,,,,,,,,,,,,,
543,rpoB__rpoBE546V_glc,0.33503466800000004,,1.0,1513.0,0.33503466800000004,,,,,,,,,,,,,,,,,,,,,,,,,,,,,,,,,,
544,rpoB__rpoBE672K_glc,-0.0774851785,0.18209799697286466,2.0,1514.0,-0.206247907,1515.0,0.05127755,,,,,,,,,,,,,,,,,,,,,,,,,,,,,,,,
545,rpoB__rpoBE672K_lb,0.037216094,0.14865473616815567,2.0,1516.0,0.142330866,1517.0,-0.067898678,,,,,,,,,,,,,,,,,,,,,,,,,,,,,,,,
546,crp__wt_fru,-0.105362258,,1.0,1518.0,-0.105362258,,,,,,,,,,,,,,,,,,,,,,,,,,,,,,,,,,
547,crp__wt_glyc,-0.0977671355,0.019072048039717716,2.0,1519.0,-0.08428116100000001,1520.0,-0.11125311,,,,,,,,,,,,,,,,,,,,,,,,,,,,,,,,
548,crp__delar1_glyc,-0.20704369350000001,0.07551458127780697,2.0,1521.0,-0.15364682100000002,1522.0,-0.26044056600000004,,,,,,,,,,,,,,,,,,,,,,,,,,,,,,,,
549,crp__delar1ar2_glyc,0.16327212300000002,0.028448547624964196,3.0,1523.0,0.152146147,1524.0,0.195602243,1525.0,0.142067979,,,,,,,,,,,,,,,,,,,,,,,,,,,,,,
550,crp__delar2_glyc,-0.31837207933333334,0.17760798499853842,3.0,1526.0,-0.49341782900000003,1527.0,-0.323390198,1528.0,-0.13830821100000001,,,,,,,,,,,,,,,,,,,,,,,,,,,,,,
551,crp__delcrp_fru,-0.113758821,0.12598975615095673,3.0,1529.0,-0.22858177200000002,1530.0,-0.13371133,1531.0,0.021016639,,,,,,,,,,,,,,,,,,,,,,,,,,,,,,
552,crp__delcrp_glc,-0.10266374733333333,0.029395674749183514,3.0,1532.0,-0.111750316,1533.0,-0.069797656,1534.0,-0.12644327,,,,,,,,,,,,,,,,,,,,,,,,,,,,,,
553,crp__delcrp_glyc,-0.03376708166666667,0.07538360311922632,3.0,1535.0,-0.029620347,1536.0,0.039457566,1537.0,-0.111138464,,,,,,,,,,,,,,,,,,,,,,,,,,,,,,
554,glu__glu_ale3,-0.346322893,,1.0,1538.0,-0.346322893,,,,,,,,,,,,,,,,,,,,,,,,,,,,,,,,,,
555,glu__glu_ale4,-0.017668851000000003,,1.0,1539.0,-0.017668851000000003,,,,,,,,,,,,,,,,,,,,,,,,,,,,,,,,,,
556,glu__glu_ale5,-0.033270189,,1.0,1540.0,-0.033270189,,,,,,,,,,,,,,,,,,,,,,,,,,,,,,,,,,
557,glu__glu_ale6,0.13031464,,1.0,1541.0,0.13031464,,,,,,,,,,,,,,,,,,,,,,,,,,,,,,,,,,
558,glu__glu_ale8,-0.474302802,,1.0,1542.0,-0.474302802,,,,,,,,,,,,,,,,,,,,,,,,,,,,,,,,,,
559,glu__glu_ale9,-0.18204931700000002,,1.0,1543.0,-0.18204931700000002,,,,,,,,,,,,,,,,,,,,,,,,,,,,,,,,,,
560,glu__glu_ale10,-0.505231261,,1.0,1544.0,-0.505231261,,,,,,,,,,,,,,,,,,,,,,,,,,,,,,,,,,
561,42c__wt_42c,0.045657442,,1.0,1545.0,0.045657442,,,,,,,,,,,,,,,,,,,,,,,,,,,,,,,,,,
562,42c__42c_ale1,-0.563436899,,1.0,1546.0,-0.563436899,,,,,,,,,,,,,,,,,,,,,,,,,,,,,,,,,,
563,42c__42c_ale2,-0.18250806700000002,,1.0,1547.0,-0.18250806700000002,,,,,,,,,,,,,,,,,,,,,,,,,,,,,,,,,,
564,42c__42c_ale3,-0.22504411,,1.0,1548.0,-0.22504411,,,,,,,,,,,,,,,,,,,,,,,,,,,,,,,,,,
565,42c__42c_ale4,-0.041523971,,1.0,1549.0,-0.041523971,,,,,,,,,,,,,,,,,,,,,,,,,,,,,,,,,,
566,42c__42c_ale5,-0.032879462000000005,,1.0,1550.0,-0.032879462000000005,,,,,,,,,,,,,,,,,,,,,,,,,,,,,,,,,,
567,42c__42c_ale6,-1.192953929,,1.0,1551.0,-1.192953929,,,,,,,,,,,,,,,,,,,,,,,,,,,,,,,,,,
568,42c__42c_ale8,-0.588128756,,1.0,1552.0,-0.588128756,,,,,,,,,,,,,,,,,,,,,,,,,,,,,,,,,,
569,42c__42c_ale9,0.541763615,,1.0,1553.0,0.541763615,,,,,,,,,,,,,,,,,,,,,,,,,,,,,,,,,,
570,42c__42c_ale10,-0.947085283,,1.0,1554.0,-0.947085283,,,,,,,,,,,,,,,,,,,,,,,,,,,,,,,,,,
571,ssw__wt_ac,-0.568477442,,1.0,1555.0,-0.568477442,,,,,,,,,,,,,,,,,,,,,,,,,,,,,,,,,,
572,ssw__wt_glc,-0.06807604,,1.0,1556.0,-0.06807604,,,,,,,,,,,,,,,,,,,,,,,,,,,,,,,,,,
573,ssw__wt_glyc,-0.734647006,,1.0,1557.0,-0.734647006,,,,,,,,,,,,,,,,,,,,,,,,,,,,,,,,,,
574,ssw__wt_xyl,-1.002112801,,1.0,1558.0,-1.002112801,,,,,,,,,,,,,,,,,,,,,,,,,,,,,,,,,,
575,ssw__glc_ale1,-0.494895022,,1.0,1559.0,-0.494895022,,,,,,,,,,,,,,,,,,,,,,,,,,,,,,,,,,
576,ssw__glc_ale2,-0.581632253,,1.0,1560.0,-0.581632253,,,,,,,,,,,,,,,,,,,,,,,,,,,,,,,,,,
577,ssw__glc_ale3,-0.38505683100000004,,1.0,1561.0,-0.38505683100000004,,,,,,,,,,,,,,,,,,,,,,,,,,,,,,,,,,
578,ssw__glyc_ale1,-0.562917811,,1.0,1562.0,-0.562917811,,,,,,,,,,,,,,,,,,,,,,,,,,,,,,,,,,
579,ssw__glyc_ale2,-0.168909905,,1.0,1563.0,-0.168909905,,,,,,,,,,,,,,,,,,,,,,,,,,,,,,,,,,
580,ssw__xyl_ale1,-0.47372375600000005,,1.0,1564.0,-0.47372375600000005,,,,,,,,,,,,,,,,,,,,,,,,,,,,,,,,,,
581,ssw__xyl_ale2,-0.380661742,,1.0,1565.0,-0.380661742,,,,,,,,,,,,,,,,,,,,,,,,,,,,,,,,,,
582,ssw__xyl_ale3,-0.726897884,,1.0,1566.0,-0.726897884,,,,,,,,,,,,,,,,,,,,,,,,,,,,,,,,,,
583,ssw__glc_ac_ac2,-0.881976909,,1.0,1567.0,-0.881976909,,,,,,,,,,,,,,,,,,,,,,,,,,,,,,,,,,
584,ssw__glc_ac_glc1,-0.5979922360000001,,1.0,1568.0,-0.5979922360000001,,,,,,,,,,,,,,,,,,,,,,,,,,,,,,,,,,
585,ssw__glc_glyc_glc,-0.9471628350000001,,1.0,1569.0,-0.9471628350000001,,,,,,,,,,,,,,,,,,,,,,,,,,,,,,,,,,
586,ssw__glc_glyc_glyc,-0.887680365,,1.0,1570.0,-0.887680365,,,,,,,,,,,,,,,,,,,,,,,,,,,,,,,,,,
587,ssw__glc_xyl_glc,-0.26040192500000003,,1.0,1571.0,-0.26040192500000003,,,,,,,,,,,,,,,,,,,,,,,,,,,,,,,,,,
588,ssw__glc_xyl_xyl,-0.26781112300000004,,1.0,1572.0,-0.26781112300000004,,,,,,,,,,,,,,,,,,,,,,,,,,,,,,,,,,
589,ica__wt_glc,-0.3752449116666667,0.15375386932454463,6.0,1573.0,-0.47937731400000005,1574.0,-0.240753656,1575.0,-0.607505533,1576.0,-0.42304731700000003,1597.0,-0.219866989,1598.0,-0.280918661,,,,,,,,,,,,,,,,,,,,,,,,
590,ica__arg_sbt,-1.1305068020000002,0.1503242874034288,2.0,1577.0,-1.236802125,1578.0,-1.024211479,,,,,,,,,,,,,,,,,,,,,,,,,,,,,,,,
591,ica__cytd_rib,-1.2781190395,0.13494919726250737,2.0,1579.0,-1.373542532,1580.0,-1.182695547,,,,,,,,,,,,,,,,,,,,,,,,,,,,,,,,
592,ica__gth,-1.0332701495,0.19911245266767716,2.0,1581.0,-0.8924763840000001,1582.0,-1.174063915,,,,,,,,,,,,,,,,,,,,,,,,,,,,,,,,
593,ica__leu_glcr,-0.2510213975,0.016309448313659314,2.0,1583.0,-0.23948887600000002,1584.0,-0.262553919,,,,,,,,,,,,,,,,,,,,,,,,,,,,,,,,
594,ica__met_glc,-0.27847573600000003,0.15467041175376117,2.0,1585.0,-0.16910723900000002,1586.0,-0.38784423300000004,,,,,,,,,,,,,,,,,,,,,,,,,,,,,,,,
595,ica__no3_anaero,-0.46033712600000004,0.0037733240169508533,2.0,1587.0,-0.45766898300000003,1588.0,-0.46300526900000005,,,,,,,,,,,,,,,,,,,,,,,,,,,,,,,,
596,ica__phe_acgam,-0.41942868850000004,0.12030155100090614,2.0,1589.0,-0.33436264600000004,1590.0,-0.5044947310000001,,,,,,,,,,,,,,,,,,,,,,,,,,,,,,,,
597,ica__thm_gal,-0.4114191475,0.062041266845701985,2.0,1591.0,-0.455288948,1592.0,-0.367549347,,,,,,,,,,,,,,,,,,,,,,,,,,,,,,,,
598,ica__tyr_glcn,-0.423700683,0.006377370603677362,2.0,1593.0,-0.419191201,1594.0,-0.42821016500000003,,,,,,,,,,,,,,,,,,,,,,,,,,,,,,,,
599,ica__ura_pyr,-0.26067821550000003,0.010937360107086392,2.0,1595.0,-0.268412097,1596.0,-0.252944334,,,,,,,,,,,,,,,,,,,,,,,,,,,,,,,,
600,ica__bw_delpurR_cytd,-0.40705303000000004,0.13887411295252933,2.0,1599.0,-0.308854203,1600.0,-0.5052518570000001,,,,,,,,,,,,,,,,,,,,,,,,,,,,,,,,
601,ica__ade_glc,-0.194443557,0.02605475366688578,2.0,1601.0,-0.21286705,1602.0,-0.176020064,,,,,,,,,,,,,,,,,,,,,,,,,,,,,,,,
602,ytf__wt_glc,-0.2677802655,0.15816315226440325,2.0,1603.0,-0.379618503,1604.0,-0.155942028,,,,,,,,,,,,,,,,,,,,,,,,,,,,,,,,
603,ytf__delyafC,-0.5137764120000001,0.009724668441817524,2.0,1605.0,-0.5069000330000001,1606.0,-0.5206527910000001,,,,,,,,,,,,,,,,,,,,,,,,,,,,,,,,
604,ytf__delyeiE,-0.031106678,0.016339696220438127,2.0,1607.0,-0.042660588,1608.0,-0.019552768,,,,,,,,,,,,,,,,,,,,,,,,,,,,,,,,
605,ytf__delyiaJ,-0.348732859,0.05706275922328496,2.0,1609.0,-0.308383395,1610.0,-0.389082323,,,,,,,,,,,,,,,,,,,,,,,,,,,,,,,,
606,ytf__delyieP,-0.4732508275,0.14065731533942216,2.0,1611.0,-0.37379108600000005,1612.0,-0.5727105690000001,,,,,,,,,,,,,,,,,,,,,,,,,,,,,,,,
607,ytf__wt_ph5,-0.12118099500000001,0.13577902737531627,2.0,1613.0,-0.025170724000000002,1614.0,-0.21719126600000002,,,,,,,,,,,,,,,,,,,,,,,,,,,,,,,,
608,ytf__wt_ph8,-0.17313139500000002,0.010883581100843236,2.0,1615.0,-0.16543554100000002,1616.0,-0.18082724900000002,,,,,,,,,,,,,,,,,,,,,,,,,,,,,,,,
609,ytf__delybaO,-0.434080825,0.26008413141138004,2.0,1617.0,-0.617988078,1618.0,-0.250173572,,,,,,,,,,,,,,,,,,,,,,,,,,,,,,,,
610,ytf__delybaQ,-0.08284146550000002,0.16392602727623964,2.0,1619.0,0.03307174,1620.0,-0.19875467100000002,,,,,,,,,,,,,,,,,,,,,,,,,,,,,,,,
611,ytf__delybiH,-0.6931127745000001,0.11172661697209445,2.0,1621.0,-0.772115423,1622.0,-0.614110126,,,,,,,,,,,,,,,,,,,,,,,,,,,,,,,,
612,ytf__delydcI_ph5,-0.1370136645,0.036676939311034565,2.0,1623.0,-0.111079152,1624.0,-0.162948177,,,,,,,,,,,,,,,,,,,,,,,,,,,,,,,,
613,ytf__delydcI_ph8,-0.206297856,0.12170130210828359,2.0,1625.0,-0.12024204000000001,1626.0,-0.292353672,,,,,,,,,,,,,,,,,,,,,,,,,,,,,,,,
614,ytf__delyddM,-0.035943578000000004,0.08592645356624098,2.0,1627.0,0.0248156,1628.0,-0.096702756,,,,,,,,,,,,,,,,,,,,,,,,,,,,,,,,
615,ytf__delyheO,-0.538710212,0.0642790200989586,2.0,1629.0,-0.584162343,1630.0,-0.493258081,,,,,,,,,,,,,,,,,,,,,,,,,,,,,,,,
616,fps__bw_glc,-0.1795556485,0.014077656677674891,2.0,1631.0,-0.169601242,1632.0,-0.189510055,,,,,,,,,,,,,,,,,,,,,,,,,,,,,,,,
617,fps__fps_thrA_ale1,-0.36125243250000005,0.061972848607767916,2.0,1633.0,-0.405073854,1634.0,-0.31743101100000004,,,,,,,,,,,,,,,,,,,,,,,,,,,,,,,,
618,fps__fps_thrA_ale2,-0.1549674215,0.08628019716855839,2.0,1635.0,-0.215976734,1636.0,-0.09395810900000001,,,,,,,,,,,,,,,,,,,,,,,,,,,,,,,,
619,fps__fps_serB_ale1,-0.0885938805,0.12782660682213748,2.0,1637.0,-0.178980941,1638.0,0.0017931800000000001,,,,,,,,,,,,,,,,,,,,,,,,,,,,,,,,
620,fps__fps_serB_ale4,-0.6732528445,0.4599580023178932,2.0,1639.0,-0.998492267,1640.0,-0.348013422,,,,,,,,,,,,,,,,,,,,,,,,,,,,,,,,
621,fps__fps_ptsI_ale1,-0.7563138485,0.06571085264099849,2.0,1641.0,-0.802778438,1642.0,-0.7098492590000001,,,,,,,,,,,,,,,,,,,,,,,,,,,,,,,,
622,fps__fps_ptsI_ale3,-0.47215302000000003,0.006819047883982803,2.0,1643.0,-0.467331225,1644.0,-0.47697481500000005,,,,,,,,,,,,,,,,,,,,,,,,,,,,,,,,
623,pal__lyx_ale2_f6,-0.607436926,,1.0,1645.0,-0.607436926,,,,,,,,,,,,,,,,,,,,,,,,,,,,,,,,,,
624,pal__lyx_ale2,-0.243749662,0.17769371096845935,2.0,1646.0,-0.11810123400000001,1647.0,-0.36939809,,,,,,,,,,,,,,,,,,,,,,,,,,,,,,,,
625,pal__lyx_ale4,-0.6192390460000001,0.10301660362776598,2.0,1648.0,-0.546395307,1649.0,-0.6920827850000001,,,,,,,,,,,,,,,,,,,,,,,,,,,,,,,,
626,pal__5drib_ale10_f18,-0.7872043690000001,0.0741760429902632,2.0,1650.0,-0.8396547520000001,1651.0,-0.7347539860000001,,,,,,,,,,,,,,,,,,,,,,,,,,,,,,,,
627,pal__5drib_ale10,-0.542405555,,1.0,1652.0,-0.542405555,,,,,,,,,,,,,,,,,,,,,,,,,,,,,,,,,,
628,pal__arab_ale14_f9,-0.28531357749999997,0.004690853755403231,2.0,1653.0,-0.288630512,1654.0,-0.281996643,,,,,,,,,,,,,,,,,,,,,,,,,,,,,,,,
629,pal__arab_ale14,-0.251989359,0.05580178418567634,2.0,1655.0,-0.291447179,1656.0,-0.21253153900000002,,,,,,,,,,,,,,,,,,,,,,,,,,,,,,,,
630,pal__arab_ale16,-0.22083102450000003,0.19113349934674792,2.0,1657.0,-0.35598281800000003,1658.0,-0.08567923100000001,,,,,,,,,,,,,,,,,,,,,,,,,,,,,,,,
631,pal__tartr_ale26_f10,-0.9663369235,0.19064517988894172,2.0,1659.0,-0.8315304240000001,1660.0,-1.101143423,,,,,,,,,,,,,,,,,,,,,,,,,,,,,,,,
632,pal__tartr_ale26,-0.685839559,0.04161143519317704,2.0,1661.0,-0.7152632870000001,1662.0,-0.656415831,,,,,,,,,,,,,,,,,,,,,,,,,,,,,,,,
633,pal__tartr_ale28_f10,-0.877797307,0.1906371945320619,2.0,1663.0,-1.01259816,1664.0,-0.742996454,,,,,,,,,,,,,,,,,,,,,,,,,,,,,,,,
634,pal__tartr_ale28,-0.5904701945,0.03996035287992164,2.0,1665.0,-0.618726431,1666.0,-0.5622139580000001,,,,,,,,,,,,,,,,,,,,,,,,,,,,,,,,
635,efeU__delmenFentC_citr,-0.5330880955,0.27638844047295374,2.0,1667.0,-0.337651955,1668.0,-0.728524236,,,,,,,,,,,,,,,,,,,,,,,,,,,,,,,,
636,efeU__delmenFentC,-0.3110226555,0.04576226301450667,2.0,1669.0,-0.278663849,1670.0,-0.343381462,,,,,,,,,,,,,,,,,,,,,,,,,,,,,,,,
637,efeU__menFentC_ale39,-0.6691282385,0.007178161255196505,2.0,1671.0,-0.674203965,1672.0,-0.664052512,,,,,,,,,,,,,,,,,,,,,,,,,,,,,,,,
638,efeU__menFentC_ale29,-1.347428248,0.12244022869462368,2.0,1673.0,-1.4340065640000002,1674.0,-1.260849932,,,,,,,,,,,,,,,,,,,,,,,,,,,,,,,,
639,efeU__menFentC_ale30,0.02317997,0.012721788617137844,2.0,1675.0,0.032175633,1676.0,0.014184307,,,,,,,,,,,,,,,,,,,,,,,,,,,,,,,,
640,efeU__menFentCubiC_ale36,-0.3027316085,0.14021139824685674,2.0,1677.0,-0.203587178,1678.0,-0.401876039,,,,,,,,,,,,,,,,,,,,,,,,,,,,,,,,
641,efeU__menFentCubiC_ale37,-0.29229412800000004,0.07693234098068771,2.0,1679.0,-0.23789474800000002,1680.0,-0.34669350800000004,,,,,,,,,,,,,,,,,,,,,,,,,,,,,,,,
642,efeU__menFentCubiC_ale38,-0.0637034365,0.11027981144396291,2.0,1681.0,0.014276166000000002,1682.0,-0.141683039,,,,,,,,,,,,,,,,,,,,,,,,,,,,,,,,
643,misc2__salc_glc,-1.2655599945,0.02250653214397829,2.0,1683.0,-1.249645473,1684.0,-1.281474516,,,,,,,,,,,,,,,,,,,,,,,,,,,,,,,,
644,misc2__dbcn_glc,-0.9821920385,0.2063824833572058,2.0,1685.0,-1.128126492,1686.0,-0.836257585,,,,,,,,,,,,,,,,,,,,,,,,,,,,,,,,
645,misc2__tyr_glc,-0.3166534055,0.001533882192700756,2.0,1687.0,-0.315568787,1688.0,-0.317738024,,,,,,,,,,,,,,,,,,,,,,,,,,,,,,,,
646,misc2__arg_cytd,-0.1930549445,0.007247316298396556,2.0,1689.0,-0.198179571,1690.0,-0.187930318,,,,,,,,,,,,,,,,,,,,,,,,,,,,,,,,
647,misc2__delyheO_pyr,-0.24481593450000003,0.09412681969802929,2.0,1691.0,-0.31137364700000003,1692.0,-0.17825822200000002,,,,,,,,,,,,,,,,,,,,,,,,,,,,,,,,
648,nquinone__delubiC,-0.24940980750000002,0.048667549817940706,2.0,1693.0,-0.214996653,1694.0,-0.283822962,,,,,,,,,,,,,,,,,,,,,,,,,,,,,,,,
649,nquinone__ubiC_ale1,-0.18765901750000002,0.11627027018753772,2.0,1695.0,-0.269874514,1696.0,-0.10544352100000001,,,,,,,,,,,,,,,,,,,,,,,,,,,,,,,,
650,nquinone__ubiC_ale2,-0.272359251,0.08512322551764707,2.0,1697.0,-0.332550461,1698.0,-0.212168041,,,,,,,,,,,,,,,,,,,,,,,,,,,,,,,,
651,nquinone__ubiC_ale3,-0.0189400085,0.07863478611631484,2.0,1699.0,0.036663182,1700.0,-0.074543199,,,,,,,,,,,,,,,,,,,,,,,,,,,,,,,,
652,nquinone__ubiC_ale4,-0.116644463,0.15438910911985596,2.0,1701.0,-0.22581404900000002,1702.0,-0.007474877,,,,,,,,,,,,,,,,,,,,,,,,,,,,,,,,
653,nquinone__delpdhR,-0.479821387,0.06338335056664657,2.0,1703.0,-0.524640184,1704.0,-0.43500259,,,,,,,,,,,,,,,,,,,,,,,,,,,,,,,,
654,quinone__glu_ale4,-0.18214206100000002,0.047440901279024825,2.0,1705.0,-0.21568784400000002,1706.0,-0.148596278,,,,,,,,,,,,,,,,,,,,,,,,,,,,,,,,
655,quinone__delmenF,-0.006764730499999996,0.12494486243187625,2.0,1707.0,-0.09511409,1708.0,0.081584629,,,,,,,,,,,,,,,,,,,,,,,,,,,,,,,,
656,quinone__menF_ale5,-1.190612969,0.013093820122136956,2.0,1709.0,-1.18135424,1710.0,-1.199871698,,,,,,,,,,,,,,,,,,,,,,,,,,,,,,,,
657,quinone__menF_ale6,-1.1420780585,0.08825964077911354,2.0,1711.0,-1.079669068,1712.0,-1.204487049,,,,,,,,,,,,,,,,,,,,,,,,,,,,,,,,
658,quinone__menF_ale7,-1.0908503905,0.018865092027000162,2.0,1713.0,-1.104190025,1714.0,-1.077510756,,,,,,,,,,,,,,,,,,,,,,,,,,,,,,,,
659,quinone__menF_ale8,-0.5969588565,0.193841822970496,2.0,1715.0,-0.734025724,1716.0,-0.459891989,,,,,,,,,,,,,,,,,,,,,,,,,,,,,,,,
660,quinone__delmenFubiC,-0.033405724500000004,0.032856861393711675,2.0,1717.0,-0.010172415,1718.0,-0.056639034000000005,,,,,,,,,,,,,,,,,,,,,,,,,,,,,,,,
661,quinone__menFubiC_ale1,-0.817509946,0.18083364691458947,2.0,1719.0,-0.689641248,1720.0,-0.945378644,,,,,,,,,,,,,,,,,,,,,,,,,,,,,,,,
662,quinone__menFubiC_ale2,-0.979335845,0.01597002220944737,2.0,1721.0,-0.9906283560000001,1722.0,-0.9680433340000001,,,,,,,,,,,,,,,,,,,,,,,,,,,,,,,,
663,quinone__menFubiC_ale3,0.024207162999999997,0.09604000245343987,2.0,1723.0,-0.043703374,1724.0,0.0921177,,,,,,,,,,,,,,,,,,,,,,,,,,,,,,,,
664,quinone__menFubiC_ale4,-0.573506465,0.03788872729383709,2.0,1725.0,-0.546715089,1726.0,-0.600297841,,,,,,,,,,,,,,,,,,,,,,,,,,,,,,,,
665,oxyR__wt_glc,-0.154117985,0.00815052288188924,2.0,1727.0,-0.15988127500000002,1728.0,-0.148354695,,,,,,,,,,,,,,,,,,,,,,,,,,,,,,,,
666,oxyR__wt_h2o2,-0.23136151650000003,0.037215575073176306,2.0,1729.0,-0.20504613100000002,1730.0,-0.25767690200000004,,,,,,,,,,,,,,,,,,,,,,,,,,,,,,,,
667,oxyR__glu_ale4,0.264873908,0.015198307081663821,2.0,1731.0,0.254127082,1732.0,0.27562073400000003,,,,,,,,,,,,,,,,,,,,,,,,,,,,,,,,
668,oxyR__glu_ale4_h2o2,0.21794844550000003,0.011301730817218237,2.0,1733.0,0.22593997600000001,1734.0,0.20995691500000002,,,,,,,,,,,,,,,,,,,,,,,,,,,,,,,,
669,oxyR__oxyR_ale17,-0.141298049,0.14415791604904396,2.0,1735.0,-0.039363009000000004,1736.0,-0.243233089,,,,,,,,,,,,,,,,,,,,,,,,,,,,,,,,
670,oxyR__oxyR_ale17_h2o2,-0.07645035,0.013077855065231448,2.0,1737.0,-0.08569779,1738.0,-0.06720291,,,,,,,,,,,,,,,,,,,,,,,,,,,,,,,,
671,oxyR__oxyR_ale18,-0.481709932,0.06389419420386058,2.0,1739.0,-0.52688995,1740.0,-0.436529914,,,,,,,,,,,,,,,,,,,,,,,,,,,,,,,,
672,oxyR__oxyR_ale18_h2o2,-0.4538750905000001,0.011359555181356552,2.0,1741.0,-0.46190750900000005,1742.0,-0.44584267200000005,,,,,,,,,,,,,,,,,,,,,,,,,,,,,,,,
673,oxyR__oxyR_ale19,-0.5555091560000001,0.19067205772480156,2.0,1743.0,-0.42068365100000005,1744.0,-0.6903346610000001,,,,,,,,,,,,,,,,,,,,,,,,,,,,,,,,
674,oxyR__oxyR_ale19_h2o2,-0.5221893995,0.043294579142104876,2.0,1745.0,-0.5528032900000001,1746.0,-0.491575509,,,,,,,,,,,,,,,,,,,,,,,,,,,,,,,,
675,oxyR__oxyR_ale20,-0.8888674845,0.09900920817435929,2.0,1747.0,-0.818857402,1748.0,-0.958877567,,,,,,,,,,,,,,,,,,,,,,,,,,,,,,,,
676,oxyR__oxyR_ale20_h2o2,-0.5782503170000001,0.09942240672905242,2.0,1749.0,-0.5079480590000001,1750.0,-0.6485525750000001,,,,,,,,,,,,,,,,,,,,,,,,,,,,,,,,
677,svns_pgi__BmePgi24_15,-0.1266941185,0.0799404927289013,2.0,1751.0,-0.07016765400000001,1752.0,-0.18322058300000002,,,,,,,,,,,,,,,,,,,,,,,,,,,,,,,,
678,svns_pgi__BmePgi24_26,0.026851921,0.03776436418158908,2.0,1753.0,0.000148483,1754.0,0.053555359000000004,,,,,,,,,,,,,,,,,,,,,,,,,,,,,,,,
679,svns_pgi__BmePgi24_41,0.168538551,0.19416708006902653,2.0,1755.0,0.031241692,1756.0,0.30583541000000003,,,,,,,,,,,,,,,,,,,,,,,,,,,,,,,,
680,svns_pgi__BmePgi24_52,0.033846996500000004,0.12333048815295268,2.0,1757.0,0.121054821,1758.0,-0.053360828000000006,,,,,,,,,,,,,,,,,,,,,,,,,,,,,,,,
681,svns_pgi__PaePgi2_34,0.1288604325,0.005495901896851914,2.0,1759.0,0.132746622,1760.0,0.12497424300000001,,,,,,,,,,,,,,,,,,,,,,,,,,,,,,,,
682,svns_pgi__PaePgi2_63,0.3356124265,0.128692722119423,2.0,1761.0,0.426611923,1762.0,0.24461293,,,,,,,,,,,,,,,,,,,,,,,,,,,,,,,,
683,svns_pgi__PaePgi24_54,-0.19623724800000003,0.12072984911380473,2.0,1763.0,-0.110868353,1764.0,-0.28160614300000003,,,,,,,,,,,,,,,,,,,,,,,,,,,,,,,,
684,svns_pgi__PaePgi24_90,0.1263577015,0.12432941366009423,2.0,1765.0,0.214271873,1766.0,0.038443530000000004,,,,,,,,,,,,,,,,,,,,,,,,,,,,,,,,
685,abx_media__m9_ctrl,-1.1506840185,0.08502778377985637,2.0,1767.0,-1.210807741,1768.0,-1.090560296,,,,,,,,,,,,,,,,,,,,,,,,,,,,,,,,
686,abx_media__rpmi_ctrl,-0.847629324,0.42453058998567983,2.0,1769.0,-1.147817783,1770.0,-0.547440865,,,,,,,,,,,,,,,,,,,,,,,,,,,,,,,,
687,abx_media__camhb_ctrl,-1.470173123,0.028630053534530048,2.0,1771.0,-1.449928618,1772.0,-1.490417628,,,,,,,,,,,,,,,,,,,,,,,,,,,,,,,,
688,abx_media__m9_mero,-1.563569063,0.48228771816859495,2.0,1773.0,-1.904597979,1774.0,-1.2225401470000001,,,,,,,,,,,,,,,,,,,,,,,,,,,,,,,,
689,abx_media__rpmi_mero,-1.175698039,0.062091650325182025,2.0,1775.0,-1.2196034660000001,1776.0,-1.131792612,,,,,,,,,,,,,,,,,,,,,,,,,,,,,,,,
690,abx_media__camhb_mero,-1.7106637079999998,0.18155771577324312,2.0,1777.0,-1.8390444,1778.0,-1.5822830159999999,,,,,,,,,,,,,,,,,,,,,,,,,,,,,,,,
691,abx_media__m9_trisulf,-0.921165512,0.09527360618286443,2.0,1779.0,-0.988534125,1780.0,-0.853796899,,,,,,,,,,,,,,,,,,,,,,,,,,,,,,,,
692,abx_media__rpmi_trisulf,-1.1242294369999999,0.16335143018452705,2.0,1781.0,-1.239736341,1782.0,-1.008722533,,,,,,,,,,,,,,,,,,,,,,,,,,,,,,,,
693,abx_media__camhb_trisulf,-1.0534735485,0.09798219638586897,2.0,1783.0,-0.984189673,1784.0,-1.122757424,,,,,,,,,,,,,,,,,,,,,,,,,,,,,,,,
694,abx_media__m9_cef,-0.7923418865,0.0028980905777219236,2.0,1785.0,-0.790292627,1786.0,-0.794391146,,,,,,,,,,,,,,,,,,,,,,,,,,,,,,,,
695,abx_media__rpmi_cef,-0.7271743375,0.01110824236025504,2.0,1787.0,-0.719319624,1788.0,-0.735029051,,,,,,,,,,,,,,,,,,,,,,,,,,,,,,,,
696,abx_media__camhb_cef,-0.9486860495,0.007820311793249697,2.0,1789.0,-0.943156254,1790.0,-0.954215845,,,,,,,,,,,,,,,,,,,,,,,,,,,,,,,,
697,abx_media__m9_cipro,-1.1373723514999998,0.13723283396768834,2.0,1791.0,-1.234410619,1792.0,-1.040334084,,,,,,,,,,,,,,,,,,,,,,,,,,,,,,,,
698,abx_media__rpmi_cipro,-1.2999899419999998,0.0742302314113326,2.0,1793.0,-1.247501242,1794.0,-1.352478642,,,,,,,,,,,,,,,,,,,,,,,,,,,,,,,,
699,abx_media__camhb_cipro,-0.937607569,0.1061502802646689,2.0,1795.0,-0.862547986,1796.0,-1.012667152,,,,,,,,,,,,,,,,,,,,,,,,,,,,,,,,
700,hot_tale__42c_ale3_30c,-0.42356145050000005,0.030151393067146006,2.0,1797.0,-0.402241196,1798.0,-0.444881705,,,,,,,,,,,,,,,,,,,,,,,,,,,,,,,,
701,hot_tale__42c_ale3_37c,-0.066757465,0.07549357101401756,2.0,1799.0,-0.120139481,1800.0,-0.013375449000000001,,,,,,,,,,,,,,,,,,,,,,,,,,,,,,,,
702,hot_tale__42c_ale3_44c,-0.22961311950000002,0.1086677310194375,2.0,1801.0,-0.15277343000000002,1802.0,-0.306452809,,,,,,,,,,,,,,,,,,,,,,,,,,,,,,,,
703,hot_tale__hot_ale3_mid_30c,-0.231162467,0.043624036454915645,2.0,1803.0,-0.200315615,1804.0,-0.262009319,,,,,,,,,,,,,,,,,,,,,,,,,,,,,,,,
704,hot_tale__hot_ale3_mid_37c,-0.057167258500000005,0.20958765697496817,2.0,1805.0,0.09103359500000001,1806.0,-0.20536811200000002,,,,,,,,,,,,,,,,,,,,,,,,,,,,,,,,
705,hot_tale__hot_ale3_mid_44c,-0.216731416,0.09536347096947183,2.0,1807.0,-0.284163573,1808.0,-0.14929925900000002,,,,,,,,,,,,,,,,,,,,,,,,,,,,,,,,
706,hot_tale__hot_ale3_30c,-0.2282871475,0.0074365734283811415,2.0,1809.0,-0.22302869600000003,1810.0,-0.23354559900000002,,,,,,,,,,,,,,,,,,,,,,,,,,,,,,,,
707,hot_tale__hot_ale3_37c,-0.37268486900000003,0.17886759449225634,2.0,1811.0,-0.49916335800000006,1812.0,-0.24620638,,,,,,,,,,,,,,,,,,,,,,,,,,,,,,,,
708,hot_tale__hot_ale3_44c,-0.29132029800000003,0.05017035749603545,2.0,1813.0,-0.32679609800000003,1814.0,-0.25584449800000003,,,,,,,,,,,,,,,,,,,,,,,,,,,,,,,,
709,hot_tale__hot_ale4_30c,-0.6637225375,0.07349591303988566,2.0,1815.0,-0.6117530790000001,1816.0,-0.715691996,,,,,,,,,,,,,,,,,,,,,,,,,,,,,,,,
710,hot_tale__hot_ale4_37c,-0.45022283100000005,0.10025290647198318,2.0,1817.0,-0.521112341,1818.0,-0.379333321,,,,,,,,,,,,,,,,,,,,,,,,,,,,,,,,
711,hot_tale__hot_ale4_44c,0.015110362,0.01251726788017457,2.0,1819.0,0.023961407,1820.0,0.006259317,,,,,,,,,,,,,,,,,,,,,,,,,,,,,,,,
712,hot_tale__hot_ale8_30c,-0.46210081850000007,0.06606319970742311,2.0,1821.0,-0.415387082,1822.0,-0.5088145550000001,,,,,,,,,,,,,,,,,,,,,,,,,,,,,,,,
713,hot_tale__hot_ale8_37c,-0.3877119465,0.007414735142550989,2.0,1823.0,-0.392954956,1824.0,-0.382468937,,,,,,,,,,,,,,,,,,,,,,,,,,,,,,,,
714,hot_tale__hot_ale8_44c,0.1967814995,0.03303469874918009,2.0,1825.0,0.220140559,1826.0,0.17342244,,,,,,,,,,,,,,,,,,,,,,,,,,,,,,,,
715,hot_tale__hot_ale9_mid_30c,-0.6747210815,0.20789830392139474,2.0,1827.0,-0.8217273820000001,1828.0,-0.527714781,,,,,,,,,,,,,,,,,,,,,,,,,,,,,,,,
716,hot_tale__hot_ale9_30c,-0.5797948005,0.10844012890292275,2.0,1829.0,-0.50311605,1830.0,-0.656473551,,,,,,,,,,,,,,,,,,,,,,,,,,,,,,,,
717,hot_tale__hot_ale9_mid_37c,-0.41653167300000005,0.019401912646034466,2.0,1831.0,-0.430250897,1832.0,-0.402812449,,,,,,,,,,,,,,,,,,,,,,,,,,,,,,,,
718,hot_tale__hot_ale9_37c,-0.4419591075,0.03201146998196916,2.0,1833.0,-0.46459463500000003,1834.0,-0.41932358000000003,,,,,,,,,,,,,,,,,,,,,,,,,,,,,,,,
719,hot_tale__hot_ale9_mid_44c,-0.104359167,0.0153216802444181,2.0,1835.0,-0.11519323100000001,1836.0,-0.09352510300000001,,,,,,,,,,,,,,,,,,,,,,,,,,,,,,,,
720,hot_tale__hot_ale9_44c,-0.10273332200000002,0.053000727750216345,2.0,1837.0,-0.065256148,1838.0,-0.14021049600000002,,,,,,,,,,,,,,,,,,,,,,,,,,,,,,,,
721,hot_tale__hot_ale10_30c,-0.6283486490000001,0.014867325953739517,2.0,1839.0,-0.6178358620000001,1840.0,-0.638861436,,,,,,,,,,,,,,,,,,,,,,,,,,,,,,,,
722,hot_tale__hot_ale10_37c,-0.4952550885,0.0543879644817804,2.0,1841.0,-0.45679699,1842.0,-0.533713187,,,,,,,,,,,,,,,,,,,,,,,,,,,,,,,,
723,hot_tale__hot_ale10_44c,-0.34979613600000004,0.07654507698140814,2.0,1843.0,-0.40392167900000003,1844.0,-0.29567059300000004,,,,,,,,,,,,,,,,,,,,,,,,,,,,,,,,
724,hot_tale__hot_ale16_30c,-0.5855946755000001,0.12291141283380108,2.0,1845.0,-0.672506169,1846.0,-0.49868318200000006,,,,,,,,,,,,,,,,,,,,,,,,,,,,,,,,
725,hot_tale__hot_ale16_37c,-0.5487297760000001,0.05230601089404978,2.0,1847.0,-0.511743841,1848.0,-0.5857157110000001,,,,,,,,,,,,,,,,,,,,,,,,,,,,,,,,
726,hot_tale__hot_ale16_44c,-0.17723904150000003,0.05859589895386549,2.0,1849.0,-0.21867259900000002,1850.0,-0.135805484,,,,,,,,,,,,,,,,,,,,,,,,,,,,,,,,
727,pdhr_ale__pdhR-13_51,-0.7786820735,0.13226469465200383,2.0,1851.0,-0.685156811,1852.0,-0.872207336,,,,,,,,,,,,,,,,,,,,,,,,,,,,,,,,
728,pdhr_ale__pdhR-14_46,-0.605858078,0.022599050702335397,2.0,1853.0,-0.589878136,1854.0,-0.62183802,,,,,,,,,,,,,,,,,,,,,,,,,,,,,,,,
729,pdhr_ale__pdhR-15_51,-0.5465352450000001,0.07595772014782906,2.0,1855.0,-0.49282502600000005,1856.0,-0.600245464,,,,,,,,,,,,,,,,,,,,,,,,,,,,,,,,
730,pdhr_ale__pdhR-16_49,-0.7321853235,0.12491914778667161,2.0,1857.0,-0.643854147,1858.0,-0.8205165,,,,,,,,,,,,,,,,,,,,,,,,,,,,,,,,
731,tcs__del_atoC_LiAcet,-0.990100145,0.03232062767330563,2.0,1859.0,-1.01295428,1860.0,-0.96724601,,,,,,,,,,,,,,,,,,,,,,,,,,,,,,,,
732,tcs__del_atoC_LiCl,-0.9773781965,0.1369886897951344,2.0,1861.0,-1.074243828,1862.0,-0.8805125650000001,,,,,,,,,,,,,,,,,,,,,,,,,,,,,,,,
733,tcs__del_atoC_m9,-0.9653620835000001,0.03695701016492695,2.0,1863.0,-0.9392295310000001,1864.0,-0.9914946360000001,,,,,,,,,,,,,,,,,,,,,,,,,,,,,,,,
734,tcs__del_baeR_etoh,-1.622145611,0.1366052010389596,2.0,1865.0,-1.525551147,1866.0,-1.718740075,,,,,,,,,,,,,,,,,,,,,,,,,,,,,,,,
735,tcs__del_baeR_lb,-1.537023815,0.06828486345298058,2.0,1867.0,-1.488739125,1868.0,-1.585308505,,,,,,,,,,,,,,,,,,,,,,,,,,,,,,,,
736,tcs__del_btsR_01xlb,-1.6392720349999998,0.014995443802995544,2.0,1869.0,-1.649875415,1870.0,-1.628668655,,,,,,,,,,,,,,,,,,,,,,,,,,,,,,,,
737,tcs__del_btsR_lb,-0.6010215505000001,0.05161779305630899,2.0,1871.0,-0.637520842,1872.0,-0.5645222590000001,,,,,,,,,,,,,,,,,,,,,,,,,,,,,,,,
738,tcs__del_btsR_pyruvate,-1.6506457490000002,0.021700025241239984,2.0,1873.0,-1.665989984,1874.0,-1.635301514,,,,,,,,,,,,,,,,,,,,,,,,,,,,,,,,
739,tcs__del_cpxR_etoh,-1.2183411149999999,0.041159357786333964,2.0,1875.0,-1.189237054,1876.0,-1.247445176,,,,,,,,,,,,,,,,,,,,,,,,,,,,,,,,
740,tcs__del_cpxR_lb,-1.3474644825,0.18562170239656178,2.0,1877.0,-1.4787188470000001,1878.0,-1.216210118,,,,,,,,,,,,,,,,,,,,,,,,,,,,,,,,
741,tcs__del_cusR_CuSO4,-0.7336979465000001,0.01680285328343565,2.0,1879.0,-0.7455793580000001,1880.0,-0.7218165350000001,,,,,,,,,,,,,,,,,,,,,,,,,,,,,,,,
742,tcs__del_cusR_lb,-1.017250766,0.025771636596980018,2.0,1881.0,-1.035474065,1882.0,-0.9990274670000001,,,,,,,,,,,,,,,,,,,,,,,,,,,,,,,,
743,tcs__del_kdpE_01-kcl,-0.7660460625000001,0.11005938080442297,2.0,1883.0,-0.8438697970000001,1884.0,-0.688222328,,,,,,,,,,,,,,,,,,,,,,,,,,,,,,,,
744,tcs__del_kdpE_115-kcl,-0.9072365250000001,0.039967250706572116,2.0,1885.0,-0.8789754110000001,1886.0,-0.935497639,,,,,,,,,,,,,,,,,,,,,,,,,,,,,,,,
745,tcs__del_phoB_m9,-0.7919741525000001,0.08134806797281263,2.0,1887.0,-0.7344523820000001,1888.0,-0.8494959230000001,,,,,,,,,,,,,,,,,,,,,,,,,,,,,,,,
746,tcs__del_phoB_m9p,-0.333036331,0.059766396143287326,2.0,1889.0,-0.375297555,1890.0,-0.29077510700000003,,,,,,,,,,,,,,,,,,,,,,,,,,,,,,,,
747,tcs__del_rcsB_etoh,-0.5084059615000001,0.010347338895155796,2.0,1891.0,-0.5010892880000001,1892.0,-0.515722635,,,,,,,,,,,,,,,,,,,,,,,,,,,,,,,,
748,tcs__del_rcsB_lb,-0.638870332,0.05993622197892488,2.0,1893.0,-0.681251641,1894.0,-0.5964890230000001,,,,,,,,,,,,,,,,,,,,,,,,,,,,,,,,
749,tcs__del_zraR_lb,-0.405621609,0.07836773239115732,2.0,1895.0,-0.461035964,1896.0,-0.350207254,,,,,,,,,,,,,,,,,,,,,,,,,,,,,,,,
750,tcs__del_zraR_zncl2,-0.44254496350000005,0.1435913290629487,2.0,1897.0,-0.34101056100000005,1898.0,-0.5440793660000001,,,,,,,,,,,,,,,,,,,,,,,,,,,,,,,,
751,tcs__wt_01-kcl,-1.0835430355,0.06787060989496986,2.0,1899.0,-1.131534804,1900.0,-1.035551267,,,,,,,,,,,,,,,,,,,,,,,,,,,,,,,,
752,tcs__wt_01xlb,-1.7471904045,0.12310973507272047,2.0,1901.0,-1.834242133,1902.0,-1.660138676,,,,,,,,,,,,,,,,,,,,,,,,,,,,,,,,
753,tcs__wt_115-kcl,-0.8135893495000001,0.07748144545872486,2.0,1903.0,-0.7588016940000001,1904.0,-0.868377005,,,,,,,,,,,,,,,,,,,,,,,,,,,,,,,,
754,tcs__wt_CuSO4,-1.1157301865,0.008376944837186057,2.0,1905.0,-1.109806792,1906.0,-1.121653581,,,,,,,,,,,,,,,,,,,,,,,,,,,,,,,,
755,tcs__wt_etoh,-0.30804603500000005,0.0015741257609384204,2.0,1907.0,-0.30693296000000003,1908.0,-0.30915911,,,,,,,,,,,,,,,,,,,,,,,,,,,,,,,,
756,tcs__wt_lb,-1.0104280605,0.030689651234266625,2.0,1909.0,-1.032128921,1910.0,-0.9887271999999999,,,,,,,,,,,,,,,,,,,,,,,,,,,,,,,,
757,tcs__wt_LiAcet,-0.9193431599999999,0.310993009614463,2.0,1911.0,-0.699437894,1912.0,-1.139248426,,,,,,,,,,,,,,,,,,,,,,,,,,,,,,,,
758,tcs__wt_LiCl,-1.013275491,0.018374070714183146,2.0,1913.0,-1.000283061,1914.0,-1.026267921,,,,,,,,,,,,,,,,,,,,,,,,,,,,,,,,
759,tcs__wt_m9p,-0.41836536950000003,0.050510879615758245,2.0,1915.0,-0.382648784,1916.0,-0.45408195500000004,,,,,,,,,,,,,,,,,,,,,,,,,,,,,,,,
760,tcs__wt_pyr,-1.8657997560000001,0.08496860106359141,2.0,1917.0,-1.9258816300000001,1918.0,-1.8057178820000002,,,,,,,,,,,,,,,,,,,,,,,,,,,,,,,,
761,tcs__wt_zncl2,-0.5401982734999999,0.019250910700018876,2.0,1919.0,-0.526585824,1920.0,-0.553810723,,,,,,,,,,,,,,,,,,,,,,,,,,,,,,,,
762,ros_tale__1_112_0pq,-2.0072420975,0.0036935630791396766,2.0,1921.0,-2.009853841,1922.0,-2.004630354,,,,,,,,,,,,,,,,,,,,,,,,,,,,,,,,
763,ros_tale__1_112_250pq,-1.837732286,0.05792822115390477,2.0,1923.0,-1.796770848,1924.0,-1.8786937240000001,,,,,,,,,,,,,,,,,,,,,,,,,,,,,,,,
764,ros_tale__1_112_750pq,-1.6171886193333334,0.21958793469372537,3.0,1925.0,-1.858640325,1926.0,-1.429420493,1927.0,-1.56350504,,,,,,,,,,,,,,,,,,,,,,,,,,,,,,
765,ros_tale__3_76_0pq,-0.34170974875000004,0.021804136263382887,4.0,1928.0,-0.34881266,1929.0,-0.34730906500000003,1930.0,-0.36049609800000004,1931.0,-0.31022117200000004,,,,,,,,,,,,,,,,,,,,,,,,,,,,
766,ros_tale__3_76_250pq,-1.0406172505,0.2588963652601481,2.0,1932.0,-1.223684626,1933.0,-0.857549875,,,,,,,,,,,,,,,,,,,,,,,,,,,,,,,,
767,ros_tale__3_76_750pq,-1.072522341,0.11429411815904879,2.0,1934.0,-1.153340487,1935.0,-0.9917041950000001,,,,,,,,,,,,,,,,,,,,,,,,,,,,,,,,
768,ros_tale__7_103_0pq,-1.3414252279999999,0.23728973562890435,4.0,1936.0,-1.169712398,1937.0,-1.6894319389999999,1938.0,-1.290598006,1939.0,-1.215958569,,,,,,,,,,,,,,,,,,,,,,,,,,,,
769,ros_tale__7_103_250pq,-0.7032828885,0.20187578354214736,2.0,1940.0,-0.8460306240000001,1941.0,-0.560535153,,,,,,,,,,,,,,,,,,,,,,,,,,,,,,,,
770,ros_tale__7_103_750pq,-0.6954528885,0.06498490287830691,2.0,1942.0,-0.741404154,1943.0,-0.649501623,,,,,,,,,,,,,,,,,,,,,,,,,,,,,,,,
771,ros_tale__9_77_0pq,-0.852414724,0.16321435187813985,2.0,1944.0,-0.967824699,1945.0,-0.737004749,,,,,,,,,,,,,,,,,,,,,,,,,,,,,,,,
772,ros_tale__9_77_250pq,-0.452445655,0.024983370927876055,2.0,1946.0,-0.434779744,1947.0,-0.47011156600000004,,,,,,,,,,,,,,,,,,,,,,,,,,,,,,,,
773,ros_tale__9_77_750pq,-0.6134766175,0.1418594732349716,2.0,1948.0,-0.713786413,1949.0,-0.5131668220000001,,,,,,,,,,,,,,,,,,,,,,,,,,,,,,,,
774,ros_tale__11_83_0pq,-2.5108659245,0.1333634141391744,2.0,1950.0,-2.41656375,1951.0,-2.605168099,,,,,,,,,,,,,,,,,,,,,,,,,,,,,,,,
775,ros_tale__11_83_250pq,-2.5816066805,0.24343781601294992,2.0,1952.0,-2.40947015,1953.0,-2.753743211,,,,,,,,,,,,,,,,,,,,,,,,,,,,,,,,
776,ros_tale__11_83_750pq,-2.897176042,0.22020552361089749,2.0,1954.0,-2.741467223,1955.0,-3.052884861,,,,,,,,,,,,,,,,,,,,,,,,,,,,,,,,
777,ros_tale__13_87_0pq,-2.094835334,0.3653753306770229,2.0,1956.0,-2.353194708,1957.0,-1.83647596,,,,,,,,,,,,,,,,,,,,,,,,,,,,,,,,
778,ros_tale__13_87_250pq,-1.9465227985,0.10429781959698585,2.0,1958.0,-1.872773103,1959.0,-2.020272494,,,,,,,,,,,,,,,,,,,,,,,,,,,,,,,,
779,ros_tale__13_87_750pq,-1.972758848,0.06830575280151012,2.0,1960.0,-1.9244593870000002,1961.0,-2.021058309,,,,,,,,,,,,,,,,,,,,,,,,,,,,,,,,
780,ros_tale__14_27_0pq,-1.1398939685,0.08050566196590034,2.0,1962.0,-1.196820068,1963.0,-1.082967869,,,,,,,,,,,,,,,,,,,,,,,,,,,,,,,,
781,ros_tale__14_27_250pq,-0.053776403,0.08594925351729357,2.0,1964.0,-0.114551703,1965.0,0.0069988970000000005,,,,,,,,,,,,,,,,,,,,,,,,,,,,,,,,
782,ros_tale__14_27_750pq,-0.41804791650000006,0.017380681146031446,2.0,1966.0,-0.405757919,1967.0,-0.43033791400000004,,,,,,,,,,,,,,,,,,,,,,,,,,,,,,,,
783,ros_tale__16_28_250pq,-0.4638539305,0.01636078285175992,2.0,1968.0,-0.47542275100000003,1969.0,-0.45228511,,,,,,,,,,,,,,,,,,,,,,,,,,,,,,,,
784,ros_tale__16_32_0pq,-2.0226812745,1.0104610932656959,4.0,1970.0,-2.831742407,1971.0,-2.959975459,1972.0,-1.200080844,1973.0,-1.098926388,,,,,,,,,,,,,,,,,,,,,,,,,,,,
785,ros_tale__16_32_250pq,-0.727239359,0.01614590795019961,2.0,1974.0,-0.73865624,1975.0,-0.7158224780000001,,,,,,,,,,,,,,,,,,,,,,,,,,,,,,,,
786,ros_tale__16_32_750pq,-2.094441632,0.35918989148117636,2.0,1976.0,-1.840456024,1977.0,-2.34842724,,,,,,,,,,,,,,,,,,,,,,,,,,,,,,,,
787,ros_tale__17_104_0pq,-3.5468410495000002,0.015479771643021953,2.0,1978.0,-3.535895198,1979.0,-3.557786901,,,,,,,,,,,,,,,,,,,,,,,,,,,,,,,,
788,ros_tale__17_104_250pq,-2.45253572025,0.173211865901036,4.0,1980.0,-2.332568685,1981.0,-2.286548464,1982.0,-2.6554222320000003,1983.0,-2.5356035,,,,,,,,,,,,,,,,,,,,,,,,,,,,
789,ros_tale__17_104_750pq,-2.2583737215,0.1853369123120116,2.0,1984.0,-2.127320734,1985.0,-2.389426709,,,,,,,,,,,,,,,,,,,,,,,,,,,,,,,,
790,ros_tale__18_24_250pq,-0.47276739050000005,0.08614296895553349,2.0,1986.0,-0.41185511300000005,1987.0,-0.533679668,,,,,,,,,,,,,,,,,,,,,,,,,,,,,,,,
791,ros_tale__18_36_0pq,-1.653029844,0.7585775871966924,4.0,1988.0,-2.324764055,1989.0,-2.28671107,1990.0,-0.896672742,1991.0,-1.103971509,,,,,,,,,,,,,,,,,,,,,,,,,,,,
792,ros_tale__18_36_250pq,-0.551913847,0.1355907757511745,2.0,1992.0,-0.45603669,1993.0,-0.647791004,,,,,,,,,,,,,,,,,,,,,,,,,,,,,,,,
793,ros_tale__18_36_750pq,-2.018566459,0.2697076185296641,2.0,1994.0,-1.827854373,1995.0,-2.209278545,,,,,,,,,,,,,,,,,,,,,,,,,,,,,,,,
794,ros_tale__19_91_0pq,-2.764673591,0.1042549965032106,2.0,1996.0,-2.690954176,1997.0,-2.838393006,,,,,,,,,,,,,,,,,,,,,,,,,,,,,,,,
795,ros_tale__19_91_250pq,-1.957232767,0.03424961921502315,2.0,1998.0,-1.933014629,1999.0,-1.981450905,,,,,,,,,,,,,,,,,,,,,,,,,,,,,,,,
796,ros_tale__19_91_750pq,-1.8866499812500002,0.02512670733676744,4.0,2000.0,-1.852191596,2001.0,-1.894785114,2002.0,-1.911936721,2003.0,-1.887686494,,,,,,,,,,,,,,,,,,,,,,,,,,,,
797,ros_tale__21_97_0pq,-1.0247372609999998,0.022504765084132076,2.0,2004.0,-1.008823989,2005.0,-1.040650533,,,,,,,,,,,,,,,,,,,,,,,,,,,,,,,,
798,ros_tale__21_97_250pq,-0.6857068500000001,0.1961561120475347,2.0,2006.0,-0.547003533,2007.0,-0.824410167,,,,,,,,,,,,,,,,,,,,,,,,,,,,,,,,
799,ros_tale__21_97_750pq,-0.32059055300000006,0.20423013021834024,2.0,2008.0,-0.176178043,2009.0,-0.46500306300000005,,,,,,,,,,,,,,,,,,,,,,,,,,,,,,,,
800,ros_tale__25_111_0pq,-2.3216558855000002,0.30506277869097564,2.0,2010.0,-2.537367845,2011.0,-2.105943926,,,,,,,,,,,,,,,,,,,,,,,,,,,,,,,,
801,ros_tale__25_111_250pq,-2.189024934,0.13901187008142668,2.0,2012.0,-2.2873211700000002,2013.0,-2.090728698,,,,,,,,,,,,,,,,,,,,,,,,,,,,,,,,
802,ros_tale__25_111_750pq,-2.1056372110000003,0.07335386165150624,2.0,2014.0,-2.157506224,2015.0,-2.053768198,,,,,,,,,,,,,,,,,,,,,,,,,,,,,,,,
803,ros_tale__29_119_0pq,-1.72031497,0.12820021446815213,2.0,2016.0,-1.629663729,2017.0,-1.8109662110000002,,,,,,,,,,,,,,,,,,,,,,,,,,,,,,,,
804,ros_tale__29_119_250pq,-1.4747592415000002,0.2709058300622677,2.0,2018.0,-1.666318591,2019.0,-1.283199892,,,,,,,,,,,,,,,,,,,,,,,,,,,,,,,,
805,ros_tale__29_119_750pq,-1.2908041285,0.05978910629177865,2.0,2020.0,-1.333081411,2021.0,-1.248526846,,,,,,,,,,,,,,,,,,,,,,,,,,,,,,,,
806,ros_tale__ALE4_0pq,-0.2168942745,0.07389856792536459,2.0,2022.0,-0.269148453,2023.0,-0.164640096,,,,,,,,,,,,,,,,,,,,,,,,,,,,,,,,
807,ros_tale__ALE4_250pq,0.1450284265,0.05400591893054599,2.0,2024.0,0.106840475,2025.0,0.183216378,,,,,,,,,,,,,,,,,,,,,,,,,,,,,,,,
808,pcoli__atASMT_325G,-0.08217632100000001,0.01627765467145682,2.0,2026.0,-0.07066628100000001,2027.0,-0.09368636100000001,,,,,,,,,,,,,,,,,,,,,,,,,,,,,,,,
809,pcoli__bpTDC,-0.4734656805,0.055220034001765325,2.0,2028.0,-0.43441922,2029.0,-0.512512141,,,,,,,,,,,,,,,,,,,,,,,,,,,,,,,,
810,pcoli__BRCA,-0.0835595895,0.057133985382247086,2.0,2030.0,-0.043159761000000005,2031.0,-0.123959418,,,,,,,,,,,,,,,,,,,,,,,,,,,,,,,,
811,pcoli__BRCActrl,-0.909848045,0.1744905172496843,2.0,2032.0,-0.786464617,2033.0,-1.033231473,,,,,,,,,,,,,,,,,,,,,,,,,,,,,,,,
812,pcoli__BRCAswap,-0.195533895,0.12246291409437758,2.0,2034.0,-0.108939538,2035.0,-0.282128252,,,,,,,,,,,,,,,,,,,,,,,,,,,,,,,,
813,pcoli__btAANAT,-0.14733222,0.053307439559196694,2.0,2036.0,-0.10963816800000001,2037.0,-0.18502627200000002,,,,,,,,,,,,,,,,,,,,,,,,,,,,,,,,
814,pcoli__btASMT,-0.0862317,0.1418418033436166,2.0,2038.0,0.014065601,2039.0,-0.186529001,,,,,,,,,,,,,,,,,,,,,,,,,,,,,,,,
815,pcoli__CC1,-0.191131581,0.16514659611105087,2.0,2040.0,-0.307907859,2041.0,-0.07435530300000001,,,,,,,,,,,,,,,,,,,,,,,,,,,,,,,,
816,pcoli__ccCOMT,-0.10205763300000001,0.0031320446344520673,2.0,2042.0,-0.099842943,2043.0,-0.104272323,,,,,,,,,,,,,,,,,,,,,,,,,,,,,,,,
817,pcoli__ckDDC,-0.6040598935,0.3116359231207332,2.0,2044.0,-0.383700019,2045.0,-0.824419768,,,,,,,,,,,,,,,,,,,,,,,,,,,,,,,,
818,pcoli__CNTF_belt,-0.05046267800000001,0.024276019487743213,2.0,2046.0,-0.06762841600000001,2047.0,-0.033296940000000004,,,,,,,,,,,,,,,,,,,,,,,,,,,,,,,,
819,pcoli__cobPNMT,0.07593016650000001,0.015064397320763033,2.0,2048.0,0.065278029,2049.0,0.086582304,,,,,,,,,,,,,,,,,,,,,,,,,,,,,,,,
820,pcoli__cvPhhB,-0.0969460325,0.07266967007977773,2.0,2050.0,-0.045560816000000004,2051.0,-0.148331249,,,,,,,,,,,,,,,,,,,,,,,,,,,,,,,,
821,pcoli__ggAANAT,-0.09241719100000001,0.019011337972805388,2.0,2052.0,-0.10586023700000001,2053.0,-0.07897414500000001,,,,,,,,,,,,,,,,,,,,,,,,,,,,,,,,
822,pcoli__ggTPH,-0.06255827700000001,0.05579885676360225,2.0,2054.0,-0.023102527,2055.0,-0.10201402700000001,,,,,,,,,,,,,,,,,,,,,,,,,,,,,,,,
823,pcoli__hsAANAT,-0.6525809155000001,0.25670184239417293,2.0,2056.0,-0.8340965290000001,2057.0,-0.471065302,,,,,,,,,,,,,,,,,,,,,,,,,,,,,,,,
824,pcoli__hsASMT,-0.203570788,0.07278118576891834,2.0,2058.0,-0.152106718,2059.0,-0.25503485800000003,,,,,,,,,,,,,,,,,,,,,,,,,,,,,,,,
825,pcoli__hsPNMT_mb,-0.06283387500000001,0.005649152442431697,2.0,2060.0,-0.05883932100000001,2061.0,-0.06682842900000001,,,,,,,,,,,,,,,,,,,,,,,,,,,,,,,,
826,pcoli__hsTPH,0.0769030315,0.08026005549652293,2.0,2062.0,0.020150602,2063.0,0.133655461,,,,,,,,,,,,,,,,,,,,,,,,,,,,,,,,
827,pcoli__hsTPH_E2K,-0.425300974,0.1765557428122924,2.0,2064.0,-0.300457211,2065.0,-0.550144737,,,,,,,,,,,,,,,,,,,,,,,,,,,,,,,,
828,pcoli__hsTPH_E2K_N91I_P99C,-0.07140444900000001,0.0708451415441652,2.0,2066.0,-0.021309369,2067.0,-0.12149952900000001,,,,,,,,,,,,,,,,,,,,,,,,,,,,,,,,
829,pcoli__hsTPH_N158trunc,-0.8239987745,0.05546471416125923,2.0,2068.0,-0.7847792990000001,2069.0,-0.86321825,,,,,,,,,,,,,,,,,,,,,,,,,,,,,,,,
830,pcoli__hsTPH_N174trunc,-0.18969693250000003,0.3779858765482376,2.0,2070.0,0.07757944400000001,2071.0,-0.45697330900000005,,,,,,,,,,,,,,,,,,,,,,,,,,,,,,,,
831,pcoli__hsTPH_Ntermtrunc,-0.6089747285,0.539281670952323,2.0,2072.0,-0.9903044550000001,2073.0,-0.227645002,,,,,,,,,,,,,,,,,,,,,,,,,,,,,,,,
832,pcoli__hsTPH1,-0.0021306039999999995,0.016448699559185157,2.0,2074.0,-0.013761591,2075.0,0.009500383000000001,,,,,,,,,,,,,,,,,,,,,,,,,,,,,,,,
833,pcoli__MBP,-0.6538128975,0.23048288297634642,2.0,2076.0,-0.490836888,2077.0,-0.8167889070000001,,,,,,,,,,,,,,,,,,,,,,,,,,,,,,,,
834,pcoli__msCOMT,-0.093077424,0.008356121249587041,2.0,2078.0,-0.09898609400000001,2079.0,-0.087168754,,,,,,,,,,,,,,,,,,,,,,,,,,,,,,,,
835,pcoli__ocAANAT,-0.0024483745000000003,0.006671343883994626,2.0,2080.0,0.002268978,2081.0,-0.007165727,,,,,,,,,,,,,,,,,,,,,,,,,,,,,,,,
836,pcoli__osTDC_K374H,-0.193484286,0.19457819478003555,2.0,2082.0,-0.055896725,2083.0,-0.33107184700000003,,,,,,,,,,,,,,,,,,,,,,,,,,,,,,,,
837,pcoli__osTDC_K374L,0.07615796650000001,0.018709877845888904,2.0,2084.0,0.089387848,2085.0,0.06292808500000001,,,,,,,,,,,,,,,,,,,,,,,,,,,,,,,,
838,pcoli__osTDC_K374Q,-0.1246874085,0.02791682250151153,2.0,2086.0,-0.104947234,2087.0,-0.144427583,,,,,,,,,,,,,,,,,,,,,,,,,,,,,,,,
839,pcoli__osTDC_L360V,-0.30351561050000003,0.13570238477841023,2.0,2088.0,-0.20755953400000002,2089.0,-0.399471687,,,,,,,,,,,,,,,,,,,,,,,,,,,,,,,,
840,pcoli__pmTPH,0.0752616715,0.1536255914809867,2.0,2090.0,0.183891369,2091.0,-0.033368026,,,,,,,,,,,,,,,,,,,,,,,,,,,,,,,,
841,pcoli__RFC,0.0148215475,0.0194348772570666,2.0,2092.0,0.028564081,2093.0,0.001079014,,,,,,,,,,,,,,,,,,,,,,,,,,,,,,,,
842,pcoli__RFCctrl,-0.43476636550000003,0.036164367504847396,2.0,2094.0,-0.46033843500000005,2095.0,-0.409194296,,,,,,,,,,,,,,,,,,,,,,,,,,,,,,,,
843,pcoli__RFCnopause,-0.831755758,0.3623345947412253,2.0,2096.0,-0.575546509,2097.0,-1.087965007,,,,,,,,,,,,,,,,,,,,,,,,,,,,,,,,
844,pcoli__RFCpluspause,-1.1672372255,0.18858063739148423,2.0,2098.0,-1.033890578,2099.0,-1.300583873,,,,,,,,,,,,,,,,,,,,,,,,,,,,,,,,
845,pcoli__rnCOMT_sol,-0.5167636735000001,0.1569891343903179,2.0,2100.0,-0.627771755,2101.0,-0.405755592,,,,,,,,,,,,,,,,,,,,,,,,,,,,,,,,
846,pcoli__rnPNMT,-0.17461452300000002,0.10204445484021439,2.0,2102.0,-0.102458197,2103.0,-0.24677084900000001,,,,,,,,,,,,,,,,,,,,,,,,,,,,,,,,
847,pcoli__rnTDC,-0.2219299395,0.03797253429665005,2.0,2104.0,-0.248780576,2105.0,-0.195079303,,,,,,,,,,,,,,,,,,,,,,,,,,,,,,,,
848,pcoli__rnTDC_trunc,-0.141119677,0.01288201901375471,2.0,2106.0,-0.132010714,2107.0,-0.15022864,,,,,,,,,,,,,,,,,,,,,,,,,,,,,,,,
849,pcoli__saCOMT_T2A,-0.03406034050000001,0.00039601585991030637,2.0,2108.0,-0.034340366000000004,2109.0,-0.033780315000000005,,,,,,,,,,,,,,,,,,,,,,,,,,,,,,,,
850,pcoli__sfCOMT,0.0488866175,0.0435459994434371,2.0,2110.0,0.018094946,2111.0,0.079678289,,,,,,,,,,,,,,,,,,,,,,,,,,,,,,,,
851,pcoli__sgAANAT_D63G,0.0491650925,0.06267860622921598,2.0,2112.0,0.004844625,2113.0,0.09348556,,,,,,,,,,,,,,,,,,,,,,,,,,,,,,,,
852,pcoli__ssDDC,-0.2138384605,0.13472615881315833,2.0,2114.0,-0.11857268,2115.0,-0.309104241,,,,,,,,,,,,,,,,,,,,,,,,,,,,,,,,
853,pcoli__TP53B,-0.077799053,0.029807694623762142,2.0,2116.0,-0.05672183,2117.0,-0.09887627600000001,,,,,,,,,,,,,,,,,,,,,,,,,,,,,,,,
854,pcoli__WT,-0.899083227,0.0542992713711093,2.0,2118.0,-0.93747861,2119.0,-0.8606878440000001,,,,,,,,,,,,,,,,,,,,,,,,,,,,,,,,
855,cck__glu_ale4,-0.13302021950000004,0.2772378652217761,2.0,2120.0,0.063016555,2121.0,-0.32905699400000005,,,,,,,,,,,,,,,,,,,,,,,,,,,,,,,,
856,cck__cck_ale1,-0.323707073,0.07283430080189397,2.0,2122.0,-0.37520870100000003,2123.0,-0.272205445,,,,,,,,,,,,,,,,,,,,,,,,,,,,,,,,
857,cck__cck_ale2,-0.37501839300000006,0.08534553140437073,2.0,2124.0,-0.435366797,2125.0,-0.31466998900000004,,,,,,,,,,,,,,,,,,,,,,,,,,,,,,,,
858,cck_pgi__gmos_delpgi,0.11352878500000001,0.1926857719726138,2.0,2126.0,-0.022720631,2127.0,0.249778201,,,,,,,,,,,,,,,,,,,,,,,,,,,,,,,,
859,cck_pgi__pgi_ale1,0.0936031055,0.2084845463546866,2.0,2128.0,0.24102394200000002,2129.0,-0.053817731,,,,,,,,,,,,,,,,,,,,,,,,,,,,,,,,
860,cck_pgi__pgi_ale2,-0.079990713,,1.0,2130.0,-0.079990713,,,,,,,,,,,,,,,,,,,,,,,,,,,,,,,,,,
861,cck_pgi__pgi_ale3,0.110844855,0.22177667810914134,2.0,2131.0,0.267664648,2132.0,-0.045974938,,,,,,,,,,,,,,,,,,,,,,,,,,,,,,,,
862,cck_pgi__pgi_ale4,0.019636262,0.27072242746429787,3.0,2133.0,0.329685192,2134.0,-0.16992627600000001,2135.0,-0.10085013,,,,,,,,,,,,,,,,,,,,,,,,,,,,,,
863,cck_pgi__pgi_ale5,0.24845808750000004,0.266293883059684,2.0,2136.0,0.43675629800000004,2137.0,0.060159877,,,,,,,,,,,,,,,,,,,,,,,,,,,,,,,,
864,cck_pgi__pgi_ale6,0.022076224000000005,0.24280862179244844,2.0,2138.0,0.19376784700000002,2139.0,-0.149615399,,,,,,,,,,,,,,,,,,,,,,,,,,,,,,,,
865,cck_pgi__pgi_ale7,0.021448723000000003,0.14569601754790806,2.0,2140.0,0.12447136500000001,2141.0,-0.08157391900000001,,,,,,,,,,,,,,,,,,,,,,,,,,,,,,,,
866,cck_pgi__pgi_ale8,0.04693377650000001,0.28965614946629303,2.0,2142.0,0.251751604,2143.0,-0.157884051,,,,,,,,,,,,,,,,,,,,,,,,,,,,,,,,
867,cck_sdh__gmos_delsdhCB,-0.7107349675,0.31630088474712964,2.0,2144.0,-0.487076467,2145.0,-0.934393468,,,,,,,,,,,,,,,,,,,,,,,,,,,,,,,,
868,cck_sdh__sdh_ale1,-0.18067326700000003,0.06428686898422978,2.0,2146.0,-0.22613094800000003,2147.0,-0.135215586,,,,,,,,,,,,,,,,,,,,,,,,,,,,,,,,
869,cck_sdh__sdh_ale2,-0.253703565,,1.0,2148.0,-0.253703565,,,,,,,,,,,,,,,,,,,,,,,,,,,,,,,,,,
870,cck_sdh__sdh_ale3,-0.12491464933333335,0.040354139035565666,3.0,2149.0,-0.147179571,2150.0,-0.07833276700000001,2151.0,-0.14923161000000001,,,,,,,,,,,,,,,,,,,,,,,,,,,,,,
871,cck_pts__gmos_delptsHIcrr,-1.3351279295,0.028185392970714606,2.0,2152.0,-1.355058012,2153.0,-1.315197847,,,,,,,,,,,,,,,,,,,,,,,,,,,,,,,,
872,cck_pts__pts_ale1,-0.0122036755,0.04745525201114899,2.0,2154.0,0.021352255,2155.0,-0.045759606,,,,,,,,,,,,,,,,,,,,,,,,,,,,,,,,
873,cck_pts__pts_ale2,-0.27779888750000004,0.012305874772404957,2.0,2156.0,-0.26909732000000003,2157.0,-0.28650045500000004,,,,,,,,,,,,,,,,,,,,,,,,,,,,,,,,
874,cck_pts__pts_ale3,-0.18622172600000003,0.09498007343007182,2.0,2158.0,-0.25338278000000003,2159.0,-0.119060672,,,,,,,,,,,,,,,,,,,,,,,,,,,,,,,,
875,cck_pts__pts_ale4,-0.18030279400000002,0.07619091547898305,2.0,2160.0,-0.12642768100000001,2161.0,-0.23417790700000002,,,,,,,,,,,,,,,,,,,,,,,,,,,,,,,,
876,cck_gnd__gmos_delgnd,-0.7184134725,0.07621223545554259,2.0,2162.0,-0.664523284,2163.0,-0.772303661,,,,,,,,,,,,,,,,,,,,,,,,,,,,,,,,
877,cck_gnd__gnd_ale1,-0.21686451750000002,0.02577861927644427,2.0,2164.0,-0.23509275400000001,2165.0,-0.19863628100000003,,,,,,,,,,,,,,,,,,,,,,,,,,,,,,,,
878,cck_gnd__gnd_ale2,-0.283990501,0.0434089939690483,2.0,2166.0,-0.25329570700000004,2167.0,-0.31468529500000003,,,,,,,,,,,,,,,,,,,,,,,,,,,,,,,,
879,cck_gnd__gnd_ale3,-0.21256344700000002,0.08632499167603978,2.0,2168.0,-0.273604434,2169.0,-0.15152246,,,,,,,,,,,,,,,,,,,,,,,,,,,,,,,,
880,cck_tpiA__gmos_deltpiA,-0.9170614105,0.19899481696934535,2.0,2170.0,-1.057771995,2171.0,-0.776350826,,,,,,,,,,,,,,,,,,,,,,,,,,,,,,,,
881,cck_tpiA__tpiA_ale1,-0.038672699500000005,0.026370650085846964,2.0,2172.0,-0.020025834000000003,2173.0,-0.057319565,,,,,,,,,,,,,,,,,,,,,,,,,,,,,,,,
882,cck_tpiA__tpiA_ale2,-0.1189506655,0.034690954962753345,2.0,2174.0,-0.094420456,2175.0,-0.143480875,,,,,,,,,,,,,,,,,,,,,,,,,,,,,,,,
883,cck_tpiA__tpiA_ale3,-0.28301657150000004,0.08130736549227396,2.0,2176.0,-0.225523582,2177.0,-0.340509561,,,,,,,,,,,,,,,,,,,,,,,,,,,,,,,,
884,cck_tpiA__tpiA_ale4,-0.1484835625,0.09115329709021074,2.0,2178.0,-0.084028448,2179.0,-0.21293867700000002,,,,,,,,,,,,,,,,,,,,,,,,,,,,,,,,
885,acid_tale__acid_ale1_pH7,-0.326331868,0.04520913085624387,2.0,2180.0,-0.294364185,2181.0,-0.35829955100000005,,,,,,,,,,,,,,,,,,,,,,,,,,,,,,,,
886,acid_tale__acid_ale1_pH5,-0.958739102,0.004238313193618429,2.0,2182.0,-0.9557421620000001,2183.0,-0.9617360420000001,,,,,,,,,,,,,,,,,,,,,,,,,,,,,,,,
887,acid_tale__acid_ale2_pH7,-0.35930739050000005,0.022299693510986197,2.0,2184.0,-0.34353912600000003,2185.0,-0.375075655,,,,,,,,,,,,,,,,,,,,,,,,,,,,,,,,
888,acid_tale__acid_ale2_pH5,-0.7905028515,0.3661796865609326,2.0,2186.0,-0.5315747120000001,2187.0,-1.049430991,,,,,,,,,,,,,,,,,,,,,,,,,,,,,,,,
889,acid_tale__low_Mg_ale_pH7,-0.41449586950000006,0.028828232230772778,2.0,2188.0,-0.394111231,2189.0,-0.43488050800000005,,,,,,,,,,,,,,,,,,,,,,,,,,,,,,,,
890,acid_tale__low_Mg_ale_pH5,-0.5449696935,0.1669556319370877,2.0,2190.0,-0.6630251530000001,2191.0,-0.426914234,,,,,,,,,,,,,,,,,,,,,,,,,,,,,,,,
891,acid_tale__MES_ale_pH7,-0.19689043900000003,0.0851721827627493,2.0,2192.0,-0.257116267,2193.0,-0.13666461100000002,,,,,,,,,,,,,,,,,,,,,,,,,,,,,,,,
892,acid_tale__MES_ale_pH5,-0.4133292005,0.1625912656460142,2.0,2194.0,-0.298359814,2195.0,-0.528298587,,,,,,,,,,,,,,,,,,,,,,,,,,,,,,,,
893,acid_tale__gmos_pH7,-0.1818933185,0.0216459068237418,2.0,2196.0,-0.197199286,2197.0,-0.16658735100000002,,,,,,,,,,,,,,,,,,,,,,,,,,,,,,,,
894,acid_tale__gmos_pH5,-0.24623414700000001,0.07832135750001998,2.0,2198.0,-0.19085258400000002,2199.0,-0.30161571,,,,,,,,,,,,,,,,,,,,,,,,,,,,,,,,
895,adnB__wt_adn,-1.0007947145,0.22528076202676725,2.0,2200.0,-0.84149716,2201.0,-1.160092269,,,,,,,,,,,,,,,,,,,,,,,,,,,,,,,,
896,adnB__delydhB_adn,-0.9000422425,0.43573392123744165,2.0,2202.0,-1.208152653,2203.0,-0.591931832,,,,,,,,,,,,,,,,,,,,,,,,,,,,,,,,
897,ytf2__wt_glc,-0.29239297000000003,0.11669403857439604,2.0,2204.0,-0.20987782400000002,2205.0,-0.374908116,,,,,,,,,,,,,,,,,,,,,,,,,,,,,,,,
898,ytf2__ybcM_glc,-0.7799427320000001,0.09818488500916225,2.0,2206.0,-0.84936993,2207.0,-0.710515534,,,,,,,,,,,,,,,,,,,,,,,,,,,,,,,,
899,ytf2__ydhB_glc,-0.402684586,0.16172346955590977,2.0,2208.0,-0.517040348,2209.0,-0.28832882400000004,,,,,,,,,,,,,,,,,,,,,,,,,,,,,,,,
900,ytf2__yfeC_glc,-0.4398092155000001,0.1565130082818466,2.0,2210.0,-0.5504806250000001,2211.0,-0.32913780600000003,,,,,,,,,,,,,,,,,,,,,,,,,,,,,,,,
901,ytf2__yciT_glc,-0.3269532525,0.23243203554660918,2.0,2212.0,-0.491307521,2213.0,-0.162598984,,,,,,,,,,,,,,,,,,,,,,,,,,,,,,,,
902,ytf2__ydiZ_glc,-0.1911170755,0.009445716937959779,2.0,2214.0,-0.18443794500000002,2215.0,-0.197796206,,,,,,,,,,,,,,,,,,,,,,,,,,,,,,,,
903,ytf2__ynfL_glc,-0.25205639050000006,5.843742571759515e-05,2.0,2216.0,-0.25201506900000004,2217.0,-0.25209771200000003,,,,,,,,,,,,,,,,,,,,,,,,,,,,,,,,
904,misc2__dellon_glc,-1.0225434734999999,0.21214564686860882,2.0,2218.0,-0.872533848,2219.0,-1.172553099,,,,,,,,,,,,,,,,,,,,,,,,,,,,,,,,
905,ytf3__wt_glc2,-0.034154997500000006,0.0640760712603699,2.0,2220.0,-0.07946362200000001,2221.0,0.011153627000000001,,,,,,,,,,,,,,,,,,,,,,,,,,,,,,,,
906,ytf3__wt_pH7_lactate,-0.049531576,0.0157756979522688,2.0,2222.0,-0.038376473,2223.0,-0.060686679,,,,,,,,,,,,,,,,,,,,,,,,,,,,,,,,
907,ytf3__wt_pH55_lactate,-0.17427407050000002,0.052449681556958,2.0,2224.0,-0.13718654500000002,2225.0,-0.211361596,,,,,,,,,,,,,,,,,,,,,,,,,,,,,,,,
908,ytf3__wt_pH55_HCl,-0.29981660450000003,0.06576533380427536,2.0,2226.0,-0.253313491,2227.0,-0.346319718,,,,,,,,,,,,,,,,,,,,,,,,,,,,,,,,
909,ytf3__dyieP_pH7,-0.195770481,0.06473718993782841,2.0,2228.0,-0.241546587,2229.0,-0.149994375,,,,,,,,,,,,,,,,,,,,,,,,,,,,,,,,
910,ytf3__dyieP_pH55,-0.2496985465,0.02442577834003748,2.0,2230.0,-0.26697018,2231.0,-0.232426913,,,,,,,,,,,,,,,,,,,,,,,,,,,,,,,,
