,condition,X_avg,X_std,n,rep1_idx,rep1_X,rep2_idx,rep2_X,rep3_idx,rep3_X,rep4_idx,rep4_X
0,2AA__WT,1.3877787807814457e-17,0.21021874011431374,4.0,0.0,0.1606438779,1.0,0.11415862580000001,2.0,0.029899227400000002,3.0,-0.3047017311
1,2AA__del_ridA,0.08923545724999998,0.09033106301190723,4.0,4.0,0.12295485140000001,5.0,0.1953626439,6.0,-0.014603850500000001,7.0,0.0532281842
2,GC_MS__WT,0.0,0.20307332859259716,3.0,8.0,-0.07274984300000001,9.0,-0.1566778486,10.0,0.2294276916,,
3,GC_MS__del_slyA,-1.2250060022,0.008725668405621358,2.0,11.0,-1.2188360229,12.0,-1.2311759815,,,,
4,Rho__WT,2.3129646346357427e-18,0.12510902678991423,3.0,13.0,0.1392423452,14.0,-0.1029520226,15.0,-0.0362903226,,
5,Rho__rho_Y80C,-0.11646549719999999,0.1504349432904381,3.0,16.0,-0.2785187091,17.0,-0.0896121277,18.0,0.018734345200000002,,
6,Rho__rho_K130Q,-0.015031568966666672,0.21649976150746852,3.0,19.0,0.1504698001,20.0,-0.2600447549,21.0,0.0644802479,,
7,flagella__WT,0.0,0.03916472523927602,2.0,22.0,0.0276936428,23.0,-0.0276936428,,,,
8,flagella__del_rfaL,-0.2774828344,0.05691471326645742,2.0,24.0,-0.2372380547,25.0,-0.3177276141,,,,
9,flagella__del_rfaG,1.09868760675,0.2482299657138959,2.0,26.0,1.2742126988,27.0,0.9231625147,,,,
10,flagella__del_rfaD,1.77212072375,0.1306169502363091,2.0,28.0,1.6797605925,29.0,1.864480855,,,,
11,nusG__WT_OD08,0.0,0.17132013540687663,2.0,30.0,-0.1211416295,31.0,0.1211416295,,,,
12,omv__spi2_ind_lowOD_intracellularRNAs,-1.1708950009,0.23716195976350962,3.0,32.0,-1.4444857065,33.0,-1.0444383867,45.0,-1.0237609095,,
13,omv__spi2_ind_highOD_intracellularRNAs,-1.7795144981333333,0.6880588678919625,3.0,34.0,-2.5576911571,36.0,-1.5291915147,37.0,-1.2516608226,,
14,omv__spi1_ind_highOD_intracellularRNAs,-0.9003990928,0.04222790411543056,3.0,35.0,-0.8654978924000001,41.0,-0.8883602789,42.0,-0.9473391071,,
15,omv__controlPCN_highOD_intracellularRNAs,-1.3289794207999999,0.6099384446480988,3.0,38.0,-0.700577228,39.0,-1.9186036813,40.0,-1.3677573531,,
16,omv__controlPCN_lowOD_intracellularRNAs,0.0,0.21609409965440013,3.0,43.0,-0.1249790971,44.0,0.2495238472,46.0,-0.1245447501,,
17,sv5015__STM1625,0.194021043,0.09542656841621931,3.0,47.0,0.3039055663,48.0,0.1461691702,49.0,0.1319883925,,
18,sv5015__STM0581,-0.2356973732333333,0.22087712414012625,3.0,50.0,-0.0962496535,51.0,-0.49036028810000004,52.0,-0.1204821781,,
19,sv5015__WT,-3.33333360913457e-11,0.3374241888476093,3.0,53.0,0.09255368030000001,54.0,-0.37404267950000003,55.0,0.2814889991,,
20,tomato__tomato_root,-1.1245597661333333,0.4276331884047983,3.0,56.0,-1.5460331062,57.0,-1.1366241543,58.0,-0.6910220379,,
21,tomato__LB,0.0,0.5815861662504783,2.0,59.0,0.41124352200000003,60.0,-0.41124352200000003,,,,
22,AcrB_efflux_virulence__AcrB_D408A,0.36929855306666665,0.1752991007443285,3.0,61.0,0.17121148890000001,62.0,0.4322739416,63.0,0.5044102287,,
23,AcrB_efflux_virulence__WT,-4.625929269271485e-18,0.1355345785900773,3.0,64.0,-0.0224812829,65.0,0.1453695568,66.0,-0.12288827390000001,,
24,Chlortetracycline_florfenicol_MDR__5317_Chlortetracycline_0,0.4439538562,0.13554214978344492,3.0,67.0,0.3597086872,74.0,0.6003075135,75.0,0.3718453679,,
25,Chlortetracycline_florfenicol_MDR__1434_Chlortetracycline_16,-1.6615129160666668,0.19987162141182854,3.0,68.0,-1.874102271,69.0,-1.6330192005000002,71.0,-1.4774172767,,
26,Chlortetracycline_florfenicol_MDR__1434_Chlortetracycline_0,0.0392761289,0.3025194369813335,3.0,70.0,0.3546608666,106.0,-0.24848299270000002,107.0,0.0116505128,,
27,Chlortetracycline_florfenicol_MDR__5317_Chlortetracycline_32,-0.8979166054,0.7432667082558192,3.0,72.0,-1.2963267689,79.0,-1.357040777,110.0,-0.0403822703,,
28,Chlortetracycline_florfenicol_MDR__530_Florfenicol_0,-0.2652419122666667,0.34138247157341417,3.0,73.0,-0.5588775137,76.0,-0.34618625080000004,109.0,0.1093380277,,
29,Chlortetracycline_florfenicol_MDR__5317_Chlortetracycline_16,-1.2211280134333335,0.5945335412249555,3.0,77.0,-1.4045970905,78.0,-1.7023022416,86.0,-0.5564847082000001,,
30,Chlortetracycline_florfenicol_MDR__530_Chlortetracycline_32,-1.1627844519000001,0.27261416214469103,2.0,80.0,-0.9700171292,95.0,-1.3555517746,,,,
31,Chlortetracycline_florfenicol_MDR__530_Chlortetracycline_16,-1.4451739557,0.19070692558444602,2.0,81.0,-1.5800241160000001,82.0,-1.3103237954,,,,
32,Chlortetracycline_florfenicol_MDR__530_Chlortetracycline_0,-0.18045799166666668,0.5155353058536915,3.0,83.0,0.0883400201,84.0,-0.7748432726000001,85.0,0.14512927750000001,,
33,Chlortetracycline_florfenicol_MDR__1306_Chlortetracycline_0,-0.26072048523333335,0.05443188796376226,3.0,87.0,-0.21234689180000002,100.0,-0.2501534761,101.0,-0.3196610878,,
34,Chlortetracycline_florfenicol_MDR__5317_Florfenicol_0,3.333333146541643e-11,0.1905735733313681,3.0,88.0,0.1102765826,89.0,-0.22005521990000002,90.0,0.1097786374,,
35,Chlortetracycline_florfenicol_MDR__1434_Florfenicol_16,-1.2816494306333335,0.12604239779207693,3.0,91.0,-1.1362783963,92.0,-1.348241277,93.0,-1.3604286186,,
36,Chlortetracycline_florfenicol_MDR__1434_Florfenicol_0,-0.22493869543333334,0.3284601837865086,3.0,94.0,0.104524367,119.0,-0.5523867292,120.0,-0.2269537241,,
37,Chlortetracycline_florfenicol_MDR__5317_Florfenicol_16,-1.2037421015,0.21438370785473665,2.0,96.0,-1.0521499279,97.0,-1.3553342751,,,,
38,Chlortetracycline_florfenicol_MDR__1306_Chlortetracycline_16,-1.464484213366667,0.2140156066873608,3.0,98.0,-1.5535908928,99.0,-1.6195497096,105.0,-1.2203120377,,
39,Chlortetracycline_florfenicol_MDR__1306_Chlortetracycline_32,-1.4054174065666667,0.45153737677004335,3.0,102.0,-1.533772316,103.0,-1.7788810897,104.0,-0.9035988140000001,,
40,Chlortetracycline_florfenicol_MDR__530_Florfenicol_16,-1.2059287832666667,0.17417333274811034,3.0,108.0,-1.2629517674000001,111.0,-1.010391442,112.0,-1.3444431404000001,,
41,Chlortetracycline_florfenicol_MDR__1306_Florfenicol_0,-0.35884674236666664,0.07110017932524229,3.0,113.0,-0.2779390781,114.0,-0.4113711129,115.0,-0.3872300361,,
42,Chlortetracycline_florfenicol_MDR__1306_Florfenicol_16,-1.2101027157666666,0.275761042400458,3.0,116.0,-0.9111496667000001,117.0,-1.4545237417,118.0,-1.2646347388999999,,
43,OPG__del_opgGH,-0.5283288068,0.2668596849694215,3.0,121.0,-0.2220730964,122.0,-0.6519664713000001,123.0,-0.7109468527,,
44,OPG__del_opgGH_pBK16,-0.1275232346,0.06509392016162574,3.0,124.0,-0.1989992239,125.0,-0.0716455861,126.0,-0.11192489380000001,,
45,OPG__WT,0.0,0.4498092065060103,3.0,127.0,-0.2505132621,128.0,0.5192879133,129.0,-0.2687746512,,
46,PinT__pinT+_1h,0.0,0.0056924385497274564,2.0,130.0,0.0040251619,131.0,-0.0040251619,,,,
47,cold_shock_protein__WT_RNAseq,-3.333333146541643e-11,0.07489148977031018,3.0,132.0,0.0864698343,133.0,-0.0442152502,134.0,-0.0422545842,,
48,cold_shock_protein__DeltaCspCE_RNAseq,-0.0411275224,0.09570844388965523,3.0,135.0,0.029296892100000003,136.0,-0.0025806108,137.0,-0.1500988485,,
49,dephostatin__LB_DMSO,3.333333146541643e-11,0.16114618555205168,3.0,138.0,0.0582101061,139.0,-0.1821631491,140.0,0.12395304310000001,,
50,dephostatin__LB_Dephostatin,-0.8699942755,1.1192204741512854,3.0,141.0,-0.1710288567,142.0,-2.1608801808,143.0,-0.278073789,,
51,dephostatin__LPM_DMSO,-0.0751859159,0.3323915735974156,2.0,144.0,-0.3102222516,145.0,0.1598504198,,,,
52,dephostatin__LPM_Dephostatin,-0.12146632836666667,0.6668915915437781,3.0,146.0,0.44821902760000004,147.0,0.042398405300000004,148.0,-0.8550164180000001,,
53,efflux_inhibition__Chlorpromazine,-0.384933423325,0.24839463056680644,4.0,149.0,-0.3869689088,150.0,-0.0535615173,151.0,-0.4469932635,157.0,-0.6522100037
54,efflux_inhibition__PABN,0.5936627327666667,0.9280640547352019,3.0,152.0,0.6782995154,153.0,-0.37382069840000004,158.0,1.4765093813,,
55,efflux_inhibition__no_treatment,0.0,0.47580578760706815,3.0,154.0,0.4146658694,155.0,0.1048053521,156.0,-0.5194712215,,
56,fis_regulatory_network__GX_EE,-0.28894375445000003,0.4134345236506434,2.0,159.0,-0.5812861097,160.0,0.0033986008,,,,
57,fis_regulatory_network__GX_TS,-1.8543139869499998,0.0972565494770117,2.0,161.0,-1.7855432213,162.0,-1.9230847526,,,,
58,fis_regulatory_network__WT_EE,0.0,0.10596375808229269,2.0,163.0,-0.0749276919,164.0,0.0749276919,,,,
59,fis_regulatory_network__WT_TS,-2.25199585695,0.3337592095411376,2.0,165.0,-2.0159924566,166.0,-2.4879992573000003,,,,
60,fis_regulatory_network__OX_EE,0.1338395994,0.018490969182984755,2.0,167.0,0.12076450970000001,168.0,0.1469146891,,,,
61,fis_regulatory_network__OX_TS,-0.79378715475,0.3806326314653089,2.0,169.0,-1.0629350696,170.0,-0.5246392399,,,,
62,persisters__rep,0.0,0.8232816304252341,2.0,171.0,0.5821480237000001,172.0,-0.5821480237000001,,,,
63,proQ_pulse_expression__empty_vector,0.0,0.3599234973718307,2.0,173.0,-0.2545043457,174.0,0.2545043457,,,,
64,proQ_pulse_expression__long_STnc540_overexpression,0.0882538577,0.32226530173790285,2.0,175.0,0.3161298379,176.0,-0.1396221225,,,,
65,proQ_pulse_expression__short_STnc540_overexpression,0.16259561914999998,0.2814651257000085,2.0,177.0,0.3616215182,178.0,-0.0364302799,,,,
66,proQ_virulence__dhfq_dproQ_LB,0.5322125835666667,0.4920858958516696,3.0,179.0,0.016090645900000002,180.0,0.5844529072,181.0,0.9960941976000001,,
67,proQ_virulence__dhfq_dproQ_SPI-2,0.4031691626666667,0.14630823245998456,3.0,182.0,0.4485728188,183.0,0.5213927755000001,184.0,0.2395418937,,
68,proQ_virulence__dhfq_LB,0.3319496017666667,0.2659944197492442,3.0,185.0,0.44525522500000003,186.0,0.0280632808,187.0,0.5225302995000001,,
69,proQ_virulence__dhfq_SPI-2,-0.08445573086666668,0.3420744741643435,3.0,188.0,0.1085241682,189.0,0.11752377330000001,190.0,-0.47941513410000003,,
70,proQ_virulence__dproQ_LB,0.47663136770000003,0.26758260187381827,3.0,191.0,0.351598886,192.0,0.2944526807,193.0,0.7838425364,,
71,proQ_virulence__dproQ_SPI-2,0.6705910960666667,0.206789565600264,3.0,194.0,0.8443851939,195.0,0.7254989593000001,196.0,0.44188913500000004,,
72,proQ_virulence__WT_LB,0.0,0.31004722127746626,3.0,197.0,0.1003120904,198.0,-0.3477839888,199.0,0.2474718984,,
73,proQ_virulence__WT_SPI-2,-0.1180619179,0.12191688434746646,3.0,200.0,0.012037593400000001,201.0,-0.1365357725,202.0,-0.2296875746,,
74,rcsB__del_rcsB_S207C,-0.6812993815999999,0.5331090725327803,2.0,203.0,-0.30433434130000003,211.0,-1.0582644219,,,,
75,rcsB__del_rcsB_WT,9.25185853854297e-18,0.24586260714075048,3.0,204.0,-0.257854898,212.0,0.0260607378,218.0,0.23179416020000002,,
76,rcsB__del_rcsB,-0.15570618165,0.1863168694676159,2.0,205.0,-0.2874521035,213.0,-0.0239602598,,,,
77,rcsB__del_rcsB_H12A,0.1520434522,0.09422928795495238,3.0,206.0,0.0518487548,214.0,0.2388821355,219.0,0.16539946630000002,,
78,rcsB__del_rcsB_D56A,0.1321096483333333,0.34643393577357406,3.0,207.0,-0.12165646960000001,215.0,-0.008810466500000001,220.0,0.5267958811,,
79,rcsB__del_rcsB_M88A,-0.02608749085,0.003624101080886017,2.0,208.0,-0.0235248644,221.0,-0.0286501173,,,,
80,rcsB__del_rcsB_H77A,-0.17322402213333335,0.21603241549663882,3.0,209.0,-0.2402243681,216.0,0.0683704078,222.0,-0.3478181061,,
81,rcsB__del_rcsB_L108A,0.18236760703333332,0.29115129433406306,3.0,210.0,-0.1534550314,217.0,0.33662451930000004,223.0,0.3639333332,,
82,ribodepletion__RiboZero,0.0,0.04129184018148613,2.0,224.0,0.029197740200000002,225.0,-0.029197740200000002,,,,
83,single_carbon_source__mucic,0.0,0.4894272950109052,2.0,226.0,0.3460773592,227.0,-0.3460773592,,,,
84,single_carbon_source__tartarate,-0.64643354165,0.7270051828485845,2.0,228.0,-1.1605038364,229.0,-0.1323632469,,,,
85,ssrA_ssrB_TCS__ssrB_minus,0.0,0.2073988424398645,3.0,230.0,0.139093832,231.0,0.0992842401,232.0,-0.2383780721,,
86,ssrA_ssrB_TCS__ssrB_plus,0.30862019263333335,0.08875834182512352,3.0,233.0,0.2489456196,234.0,0.2662961859,235.0,0.4106187724,,
87,yedF__WT,0.0,0.01957337458534235,2.0,236.0,0.013840465900000001,237.0,-0.013840465900000001,,,,
88,yedF__del_yedF,-0.9793975507333333,0.08836675017031158,3.0,238.0,-1.0106782617,239.0,-0.8796452438000001,240.0,-1.0478691467,,
89,14028S_paratyphiA__37C_stationary,-0.5572927405000001,0.15241957674220993,2.0,241.0,-0.4495158242,245.0,-0.6650696568000001,,,,
90,14028S_paratyphiA__42C_log,-0.08848805355000001,0.28995649399084095,2.0,242.0,0.1165421496,244.0,-0.29351825670000004,,,,
91,14028S_paratyphiA__37C_log,0.0,0.2808097497902734,2.0,243.0,0.1985624783,246.0,-0.1985624783,,,,
92,7TF__hilC,-1.2003483669500001,0.0460848063079217,2.0,247.0,-1.232935246,260.0,-1.1677614879,,,,
93,7TF__del_hilD,-0.1797448969,0.19411505327338718,2.0,248.0,-0.0424848264,262.0,-0.3170049674,,,,
94,7TF__WT,-2.499999946642406e-11,0.07861914853725885,4.0,249.0,-0.0201349463,251.0,0.1102202686,261.0,-0.0761176127,268.0,-0.0139677097
95,7TF__hilD,-0.97069888265,0.017118769996361465,2.0,250.0,-0.982803681,257.0,-0.9585940843,,,,
96,7TF__del_sprB,-0.21687869199999998,0.09023353218722302,2.0,252.0,-0.1530739495,267.0,-0.2806834345,,,,
97,7TF__del_rtsB,0.1710570683,0.15534883036430686,2.0,253.0,0.061208856900000004,259.0,0.2809052797,,,,
98,7TF__rtsA,-0.0689679805,0.5431619100802747,2.0,254.0,-0.4530414504,263.0,0.3151054894,,,,
99,7TF__del_invF,-0.0029225013,0.012616767420939744,2.0,255.0,-0.0118439031,258.0,0.0059989005,,,,
100,7TF__sprB,-0.10149099290000001,0.010474875502637758,2.0,256.0,-0.10889784840000001,266.0,-0.0940841374,,,,
101,7TF__invF,-0.6138079701500001,0.5068460611403035,2.0,264.0,-0.2554136833,265.0,-0.9722022570000001,,,,
102,MMC__del_rtcB_No treatment,-0.3095231151,0.09589355596196092,3.0,269.0,-0.20518287640000002,283.0,-0.3937932347,288.0,-0.32959323420000003,,
103,MMC__WT_No_treatment,3.33333360913457e-11,0.16223836839664663,3.0,270.0,0.13918772270000002,271.0,0.0389942208,274.0,-0.17818194340000001,,
104,MMC__del_rtcR_No_treatment,-0.1246285472,0.3061474083684243,2.0,272.0,0.0918503613,281.0,-0.3411074557,,,,
105,MMC__del_rtcR_3mM_MMC,-0.46508058346666675,0.5381451430440123,3.0,273.0,-0.7816852008,277.0,-0.7698347856000001,278.0,0.15627823600000001,,
106,MMC__del_rtcB_3mM_MMC,-0.8586841537666667,0.16038370960217743,3.0,275.0,-1.0401778204,276.0,-0.7360316621,280.0,-0.7998429788,,
107,MMC__del_rsr_No_treatment,-0.4770706077,0.2092666471622038,3.0,279.0,-0.5511573871000001,287.0,-0.24083913740000001,289.0,-0.6392152986,,
108,MMC__del_rsr_3mM_MMC,-0.6642916885500001,0.3064893505706957,2.0,282.0,-0.44757099040000003,285.0,-0.8810123867,,,,
109,MMC__WT_3mM_MMC,-0.7148708540500001,0.25274667349407126,2.0,284.0,-0.8935897408000001,286.0,-0.5361519673,,,,
110,Nontyphoidal_comparisons__rep,4.625929269271485e-18,0.1545350944676782,3.0,290.0,0.171480806,291.0,-0.1284820139,292.0,-0.0429987921,,
111,araC__delta_araC_LB,-0.13348220605,0.5504476989979754,2.0,293.0,0.2557430946,296.0,-0.5227075067,,,,
112,araC__WT_LB,0.0,0.10236202993067411,2.0,294.0,0.0723808855,295.0,-0.0723808855,,,,
113,csgD__WT_planktonic_TP1,0.0,,1.0,297.0,0.0,,,,,,
114,csgD__del_csgD_planktonic_TP2,-0.9291948936000001,,1.0,298.0,-0.9291948936000001,,,,,,
115,csgD__WT_aggregate_TP2,-0.9688550065,,1.0,299.0,-0.9688550065,,,,,,
116,csgD__del_csgD_planktonic_TP1,0.4021452735,,1.0,300.0,0.4021452735,,,,,,
117,csgD__WT_planktonic_TP3,-0.7717137056000001,,1.0,301.0,-0.7717137056000001,,,,,,
118,csgD__del_csgD_planktonic_TP3,-0.8542391353000001,,1.0,302.0,-0.8542391353000001,,,,,,
119,csgD__WT_planktonic_TP2,-0.38652613680000003,,1.0,303.0,-0.38652613680000003,,,,,,
120,csgD__WT_aggregate_TP3,-1.3991528492,,1.0,304.0,-1.3991528492,,,,,,
121,csgD__PcsgD_planktonic_lux_TP1,0.24428198,,1.0,305.0,0.24428198,,,,,,
122,csgD__PcsgD_planktonic_lux_TP4,-0.68588181,,1.0,306.0,-0.68588181,,,,,,
123,csgD__PcsgD_aggregate_lux_TP3,-1.5865680968,,1.0,307.0,-1.5865680968,,,,,,
124,csgD__PcsgD_planktonic_lux_TP2,-0.3333935876,,1.0,308.0,-0.3333935876,,,,,,
125,csgD__PcsgD_planktonic_lux_TP3,-1.0930290501,,1.0,309.0,-1.0930290501,,,,,,
126,csgD__del_csgD_planktonic_TP4,-0.9593993589,,1.0,310.0,-0.9593993589,,,,,,
127,csgD__WT_aggregate_TP4,-1.3940132112999999,,1.0,311.0,-1.3940132112999999,,,,,,
128,csgD__PcsgD_aggregate_lux_TP4,-0.9844218485,,1.0,312.0,-0.9844218485,,,,,,
129,csgD__PcsgD_aggregate_lux_TP2,-0.4223782559,,1.0,313.0,-0.4223782559,,,,,,
130,csrA__10min_LB_csrA,-2.1645818548,0.2531213219305571,2.0,314.0,-1.9855980516,345.0,-2.343565658,,,,
131,csrA__10min_LB_WT,-3.4470773201,0.053746778437376984,2.0,315.0,-3.4850820316,338.0,-3.4090726086,,,,
132,csrA__02.5min_LB_csrA,-0.22614061870000002,0.11711092667085207,2.0,316.0,-0.1433306883,344.0,-0.3089505491,,,,
133,csrA__05min_mLPM_WT,-0.5686924043,0.12223613321167849,2.0,317.0,-0.655126403,332.0,-0.4822584056,,,,
134,csrA__15min_mLPM_csrA,-0.5877524482,0.05610653674318741,2.0,318.0,-0.6274257608,336.0,-0.5480791356,,,,
135,csrA__05min_LB_WT,-1.7562803164999998,0.5675574689392259,2.0,319.0,-2.1576040515,331.0,-1.3549565815,,,,
136,csrA__02.5min_LB_WT,-0.5940284128,0.05796007221317778,2.0,320.0,-0.6350123729,333.0,-0.5530444527,,,,
137,csrA__00min_LB_WT,0.0,0.07498159247041979,2.0,321.0,0.0530199925,339.0,-0.0530199925,,,,
138,csrA__15min_LB_WT,-4.10326801615,0.9514414274475906,2.0,322.0,-3.4304973309,329.0,-4.7760387014,,,,
139,csrA__00min_mLPM_WT,-0.25559252925000003,0.28217757693566864,2.0,323.0,-0.056062851100000005,327.0,-0.45512220740000003,,,,
140,csrA__15min_LB_csrA,-1.8351111766500001,0.18491824350854866,2.0,324.0,-1.9658681206000002,326.0,-1.7043542327,,,,
141,csrA__15min_mLPM_WT,-1.39105942025,0.028714648749271855,2.0,325.0,-1.4113637431,330.0,-1.3707550974,,,,
142,csrA__00min_LB_csrA,0.31426050065,0.22932016813344758,2.0,328.0,0.47641434660000004,335.0,0.1521066547,,,,
143,csrA__05min_mLPM_csrA,0.10892004405,0.004293210913500076,2.0,334.0,0.10588428550000001,337.0,0.1119558026,,,,
144,csrA__05min_LB_csrA,-0.95777987345,0.12902486198322946,2.0,340.0,-0.8665455186000001,343.0,-1.0490142283,,,,
145,csrA__10min_mLPM_csrA,-0.43724709705,0.17938016212651345,2.0,341.0,-0.5640880261,342.0,-0.31040616800000004,,,,
146,flagellum__ΔSTM14_1829 ,-0.9744512147333334,0.1538821192974398,3.0,346.0,-0.9011623417,347.0,-0.8709126906,350.0,-1.1512786119,,
147,flagellum__WT,3.333334071727497e-11,0.2407807938843442,3.0,348.0,-0.2743192356,349.0,0.1763655922,351.0,0.0979536435,,
148,fliA__del_rpoF,-0.0119340899,0.20304611583426782,2.0,352.0,-0.1555093753,354.0,0.1316411955,,,,
149,fliA__WT,0.0,0.1626330813954692,2.0,353.0,-0.1149989547,355.0,0.1149989547,,,,
150,mgtC__empty_pUH21,0.0,0.010920210929164972,2.0,356.0,0.0077217552,358.0,-0.0077217552,,,,
151,mgtC__pUH_mgtC,0.4571147754,0.012040080828688817,2.0,357.0,0.4486011526,359.0,0.4656283982,,,,
152,mgtCBR__empty_pBAD18,0.0,0.021200000903463537,2.0,360.0,-0.014990664400000001,362.0,0.014990664400000001,,,,
153,mgtCBR__mgtC_pBAD113,0.11674927365000001,0.005607662174228111,2.0,361.0,0.1207144896,363.0,0.11278405770000001,,,,
154,novobiocin__100_Novobiocin_60min,-0.24655180690000003,0.10378474820406551,3.0,364.0,-0.152293705,368.0,-0.35777322580000004,380.0,-0.2295884899,,
155,novobiocin__500_Novobiocin_60min,-0.9924373752000001,0.268142606709649,3.0,365.0,-1.0329445367,374.0,-1.2380217807,378.0,-0.7063458082,,
156,novobiocin__0_Novobiocin_60min,-0.1898377463666667,0.10496584152470259,3.0,366.0,-0.273135948,372.0,-0.0719398089,375.0,-0.2244374822,,
157,novobiocin__0_Novobiocin_0min,1.1564823173178713e-18,0.0362579534383938,3.0,367.0,-0.0418615674,379.0,0.0203425077,383.0,0.021519059700000003,,
158,novobiocin__0_Novobiocin_10min,0.7741876471333334,0.1170290399266476,3.0,369.0,0.8976237349,373.0,0.7600978025,385.0,0.664841404,,
159,novobiocin__500_Novobiocin_20min,-0.8846373316,0.28262858212419323,3.0,370.0,-0.5659001662,381.0,-0.9833109394,384.0,-1.1047008892,,
160,novobiocin__0_Novobiocin_20min,0.8268573107333334,0.23975708604865187,3.0,371.0,1.0653474284,377.0,0.5858530299,386.0,0.8293714739,,
161,novobiocin__500_Novobiocin_10min,-0.59243321915,0.18767958147326666,2.0,376.0,-0.45972371440000004,382.0,-0.7251427239,,,,
162,starvation__Glucose_6h,0.0,0.384328884025091,2.0,387.0,0.2717615601,396.0,-0.2717615601,,,,
163,starvation__Low_3d,-1.3009729009500002,0.42806990033679876,2.0,388.0,-0.9982817716000001,389.0,-1.6036640303,,,,
164,starvation__Glucose_24h,-2.06971302235,0.02461532022192266,2.0,390.0,-2.0523073625,398.0,-2.0871186822,,,,
165,starvation__High_4d,0.48717651355,0.1529749785011083,2.0,391.0,0.3790068689,393.0,0.5953461582,,,,
166,starvation__High_4h,-0.8577014968500001,0.0020999096452000688,2.0,392.0,-0.8562166365,394.0,-0.8591863572,,,,
167,starvation__Low_24h,-0.2944840973,0.27512191422284876,2.0,395.0,-0.48902466850000004,397.0,-0.0999435261,,,,
168,18_mutants__phoB/R_InSPI2,-0.9902907951000001,,1.0,399.0,-0.9902907951000001,,,,,,
169,18_mutants__hfq_ESP,-0.1120998039,,1.0,400.0,-0.1120998039,,,,,,
170,18_mutants__ompR/envZ_InSPI2,-0.52091056,,1.0,401.0,-0.52091056,,,,,,
171,18_mutants__dam_MEP,-0.2761114355,,1.0,402.0,-0.2761114355,,,,,,
172,18_mutants__WT_IEP,0.36533197030000003,,1.0,403.0,0.36533197030000003,,,,,,
173,18_mutants__ssrA/B_InSPI2,-0.4438079592,,1.0,404.0,-0.4438079592,,,,,,
174,18_mutants__WT_InSPI2,-0.5291655597,,1.0,405.0,-0.5291655597,,,,,,
175,18_mutants__hilC_IEP,0.5387648725,,1.0,406.0,0.5387648725,,,,,,
176,18_mutants__fliZ_ESP,0.0886881013,,1.0,407.0,0.0886881013,,,,,,
177,18_mutants__hilD_InSPI2,-0.049093005,,1.0,408.0,-0.049093005,,,,,,
178,18_mutants__phoP/Q_InSPI2,-0.0296062066,,1.0,409.0,-0.0296062066,,,,,,
179,18_mutants__ssrB_InSPI2,0.3246880219,,1.0,410.0,0.3246880219,,,,,,
180,18_mutants__fur_ESP,-0.11117522190000001,,1.0,411.0,-0.11117522190000001,,,,,,
181,18_mutants__WT_MEP,0.0,,1.0,412.0,0.0,,,,,,
182,18_mutants__hilD_IEP,0.47612146390000004,,1.0,413.0,0.47612146390000004,,,,,,
183,18_mutants__hilE_IEP,-0.1109596669,,1.0,414.0,-0.1109596669,,,,,,
184,18_mutants__slyA_InSPI2,-0.42045039,,1.0,415.0,-0.42045039,,,,,,
185,18_mutants__ssrA_InSPI2,0.26957177590000003,,1.0,416.0,0.26957177590000003,,,,,,
186,18_mutants__WT_lnSPI2,-1.0279035166,,1.0,417.0,-1.0279035166,,,,,,
187,18_mutants__hilA_IEP,0.205979403,,1.0,418.0,0.205979403,,,,,,
188,Infection_conditions__pH3_shock,0.5836965042,,1.0,419.0,0.5836965042,,,,,,
189,Infection_conditions__Peroxide_shock_InSPI2,-0.644245419,,1.0,420.0,-0.644245419,,,,,,
190,Infection_conditions__MEP,0.0153474165,0.04458312899621196,3.0,421.0,0.0225477107,423.0,-0.0323976308,427.0,0.0558921696,,
191,Infection_conditions__Oxygen_shock,-0.6211605416,,1.0,422.0,-0.6211605416,,,,,,
192,Infection_conditions__Anaerobic_shock,0.0615676823,,1.0,424.0,0.0615676823,,,,,,
193,Infection_conditions__Bile_shock,0.48275092900000005,,1.0,425.0,0.48275092900000005,,,,,,
194,Infection_conditions__LowFe2+_shock,0.7327857786,,1.0,426.0,0.7327857786,,,,,,
195,Infection_conditions__pH5.8_shock,0.0017239113000000002,,1.0,428.0,0.0017239113000000002,,,,,,
196,Infection_conditions__ESP,-0.3495932655666667,0.09500542249187051,3.0,429.0,-0.3467051246,435.0,-0.2560648438,437.0,-0.4460098283,,
197,Infection_conditions__inSPI2_dRNA_seq,-1.140721584,,1.0,430.0,-1.140721584,,,,,,
198,Infection_conditions__LEP,-0.020801436000000003,,1.0,431.0,-0.020801436000000003,,,,,,
199,Infection_conditions__Temp20,0.20008728480000001,,1.0,432.0,0.20008728480000001,,,,,,
200,Infection_conditions__25C,0.6779765838,,1.0,433.0,0.6779765838,,,,,,
201,Infection_conditions__Nitric_oxide_shock_InSPI2,-1.1419108038,,1.0,434.0,-1.1419108038,,,,,,
202,Infection_conditions__EEP,-0.2544865213,,1.0,436.0,-0.2544865213,,,,,,
203,Infection_conditions__Anaerobic_growth,-0.2399555858,,1.0,438.0,-0.2399555858,,,,,,
204,Infection_conditions__NaCl_shock,-0.1467104253,,1.0,439.0,-0.1467104253,,,,,,
205,Infection_conditions__Pool_RNA_seq,0.0,,1.0,440.0,0.0,,,,,,
206,Infection_conditions__Cold_shock_15C,0.0492442129,,1.0,441.0,0.0492442129,,,,,,
207,Infection_conditions__Pool_dRNA_seq,-0.861076343,,1.0,442.0,-0.861076343,,,,,,
208,Infection_conditions__InSPI2_LowMg2+,-0.7469638396,,1.0,443.0,-0.7469638396,,,,,,
209,Infection_conditions__Temp10,0.803382786,,1.0,444.0,0.803382786,,,,,,
210,Infection_conditions__NonSPI2,-0.85231504,,1.0,445.0,-0.85231504,,,,,,
211,Macrophage__Intra_macrophage_dRNA,-0.9164757168,0.22564407405662637,2.0,446.0,-1.0760301717,449.0,-0.7569212619,,,,
212,Macrophage__Intra_macrophage_RNA,0.0,0.1889352259864053,2.0,447.0,-0.1335973795,448.0,0.1335973795,,,,
213,comparative_st474__st474_InSPI2,-0.374116208125,0.18733167389045782,4.0,450.0,-0.2263920889,452.0,-0.20963448040000002,468.0,-0.4683056091,469.0,-0.5921326541
214,comparative_st474__st474_LEP,-0.0546563897,,1.0,451.0,-0.0546563897,,,,,,
215,comparative_st474__st474_EEP,-0.2660656856,,1.0,453.0,-0.2660656856,,,,,,
216,comparative_st474__st474_ESP,0.27734488925000006,0.3750694506958236,4.0,454.0,0.48609464290000004,460.0,0.5268163389,461.0,0.37322311750000003,472.0,-0.2767545423
217,comparative_st474__st474_NaCl_shock,-0.2059533596,,1.0,455.0,-0.2059533596,,,,,,
218,comparative_st474__st474_NO_shock_InSPI2,-1.2693874352,,1.0,456.0,-1.2693874352,,,,,,
219,comparative_st474__st474_Peroxide_shock_InSPI2,-0.8132967918,,1.0,457.0,-0.8132967918,,,,,,
220,comparative_st474__st474_Oxygen_shock,-0.6546498807000001,,1.0,458.0,-0.6546498807000001,,,,,,
221,comparative_st474__st474_MEP,0.0,,1.0,459.0,0.0,,,,,,
222,comparative_st474__st474_NonSPI2,-0.31066490143333336,0.09104321917766112,3.0,462.0,-0.3476267,464.0,-0.2069535097,476.0,-0.37741449460000004,,
223,comparative_st474__st474_Bile_shock,0.4655803075,,1.0,463.0,0.4655803075,,,,,,
224,comparative_st474__st474_Anaerobic_growth,0.8342772942000001,0.21800924779760594,3.0,465.0,0.8949898310000001,470.0,0.5923471072000001,471.0,1.0154949444,,
225,comparative_st474__st474_Macrophage,-1.94870419755,0.1889309360402745,2.0,466.0,-2.0822985436,473.0,-1.8151098515,,,,
226,comparative_st474__st474_Anaerobic_shock,0.0121826285,,1.0,467.0,0.0121826285,,,,,,
227,comparative_st474__st474_25C,0.6622986555,,1.0,474.0,0.6622986555,,,,,,
228,comparative_st474__st474_Low_Fe2+_shock,0.7027109529000001,,1.0,475.0,0.7027109529000001,,,,,,
229,comparative_D23580__D23580_NonSPI2,-1.320826367875,0.20659250569722265,4.0,477.0,-1.1886008406,500.0,-1.2599682052,501.0,-1.2073522271,504.0,-1.6273841986000002
230,comparative_D23580__D23580_InSPI2,-0.965723350125,0.15432477986383325,4.0,478.0,-1.0717974246,481.0,-0.9645789497,495.0,-0.7478948595,499.0,-1.0786221667
231,comparative_D23580__D23580_Anaerobic_growth,-0.41373245606666664,0.053300369573210965,3.0,479.0,-0.3672346291,507.0,-0.4719011843,508.0,-0.4020615548,,
232,comparative_D23580__D23580_pBT1 deletion,-1.06291618335,0.0740514276530264,2.0,480.0,-1.0105539167,483.0,-1.11527845,,,,
233,comparative_D23580__D23580_25C,0.113705357,,1.0,482.0,0.113705357,,,,,,
234,comparative_D23580__D23580_Oxygen_shock,-1.5008990447000001,,1.0,484.0,-1.5008990447000001,,,,,,
235,comparative_D23580__D23580_Macrophage_dRNA_2,-2.7868474763,,1.0,485.0,-2.7868474763,,,,,,
236,comparative_D23580__D23580_LEP,-0.8348011307000001,,1.0,486.0,-0.8348011307000001,,,,,,
237,comparative_D23580__D23580_ESP,-1.07680490905,0.33717146432111234,4.0,487.0,-0.9853137775,489.0,-1.5710098155,502.0,-0.814803648,505.0,-0.9360923952
238,comparative_D23580__D23580_Macrophage,-2.132912763,0.3327171600662849,2.0,488.0,-2.3681793231,503.0,-1.8976462029,,,,
239,comparative_D23580__D23580_Low_Fe2+_shock,0.4068610009,,1.0,490.0,0.4068610009,,,,,,
240,comparative_D23580__D23580_Bile_shock,-0.6563208306,,1.0,491.0,-0.6563208306,,,,,,
241,comparative_D23580__D23580_NaCl_shock,-1.1198415825,,1.0,492.0,-1.1198415825,,,,,,
242,comparative_D23580__D23580_MEP,0.0,,1.0,493.0,0.0,,,,,,
243,comparative_D23580__D23580_Macrophage_dRNA_1,-2.5736868062,,1.0,494.0,-2.5736868062,,,,,,
244,comparative_D23580__D23580_EEP,-0.6498564874,,1.0,496.0,-0.6498564874,,,,,,
245,comparative_D23580__D23580_NO_shock_InSPI2,-3.0778736667,,1.0,497.0,-3.0778736667,,,,,,
246,comparative_D23580__D23580_Anaerobic_shock,-1.7409945621,,1.0,498.0,-1.7409945621,,,,,,
247,comparative_D23580__D23580_Peroxide_shock_InSPI2,-3.6445143377,,1.0,506.0,-3.6445143377,,,,,,
248,pgtE__ESP_tex,-1.7742284478,,1.0,509.0,-1.7742284478,,,,,,
249,pgtE__Pooled_tex,-0.6461691816,,1.0,510.0,-0.6461691816,,,,,,
250,pgtE__ESP,-0.9028779935000001,,1.0,511.0,-0.9028779935000001,,,,,,
251,pgtE__InSPI2,-0.4036164651,,1.0,512.0,-0.4036164651,,,,,,
252,pgtE__Pooled,0.0,,1.0,513.0,0.0,,,,,,
253,pgtE__InSPI2_tex,-2.2440162924,,1.0,514.0,-2.2440162924,,,,,,
254,aroA__SF101,0.3005315192,0.4335569190632907,2.0,515.0,-0.0060395183,516.0,0.6071025567,,,,
255,aroA__SF100,0.9407145233,0.6755964018593809,2.0,517.0,1.4184333204000001,518.0,0.4629957262,,,,
256,aroA__WT_vivo,0.0,0.6940388302831575,2.0,519.0,-0.49075956330000003,520.0,0.49075956330000003,,,,
257,flagella_mutants__SF102,0.0,0.08787995837874196,2.0,521.0,-0.0621405145,522.0,0.0621405145,,,,
258,flagella_mutants__del_fliHIJ,0.12405895185,0.06977895116096038,2.0,523.0,0.07471778230000001,524.0,0.1734001214,,,,
259,flagella_mutants__del_fliF,0.24841420625000002,0.18767372323500592,2.0,525.0,0.3811195686,526.0,0.11570884390000001,,,,
260,myricanol__Control,0.0,0.13162457372615205,3.0,527.0,0.0556910939,528.0,0.0946244696,529.0,-0.1503155635,,
261,myricanol__Myricanol,0.08104603689999999,0.1618932074905083,3.0,530.0,-0.0870797162,531.0,0.2358882112,532.0,0.09432961570000001,,
