,condition,X_avg,X_std,n,rep1_idx,rep1_X,rep2_idx,rep2_X,rep3_idx,rep3_X,rep4_idx,rep4_X,rep5_idx,rep5_X,rep6_idx,rep6_X
0,control__wt_glc,0.0,0.12564437983598034,2.0,0.0,0.08884399300000001,1.0,-0.08884399300000001,,,,,,,,
1,fur__wt_dpd,-0.6463834725000001,0.19438899351148672,2.0,2.0,-0.508929697,3.0,-0.7838372480000001,,,,,,,,
2,fur__wt_fe,-0.46057369800000003,0.07166571492210165,2.0,4.0,-0.5112490110000001,5.0,-0.40989838500000003,,,,,,,,
3,fur__delfur_dpd,-0.8064137605,0.2039598817847453,2.0,6.0,-0.662192345,7.0,-0.950635176,,,,,,,,
4,fur__delfur_fe2,-0.30175825700000003,0.09119643696782415,2.0,8.0,-0.237272638,9.0,-0.366243876,,,,,,,,
5,acid__wt_ph5,-0.713637748,0.0018001015318564455,2.0,10.0,-0.7149106120000001,11.0,-0.7123648840000001,,,,,,,,
6,acid__delgadx_ph5,-0.933293401,,1.0,12.0,-0.933293401,,,,,,,,,,
7,acid__delgadw_ph5,-0.514196473,0.13869506361603798,2.0,13.0,-0.6122686930000001,14.0,-0.416124253,,,,,,,,
8,acid__delgade_ph5,-0.6470752900000001,0.02922133056810388,2.0,15.0,-0.667737891,16.0,-0.626412689,,,,,,,,
9,oxidative__wt_pq,-0.450834414,0.072641622689302,2.0,17.0,-0.39946903,18.0,-0.502199798,,,,,,,,
10,oxidative__deloxyr_pq,-0.4051374715,0.014426227793887936,2.0,19.0,-0.41533835500000005,20.0,-0.39493658800000003,,,,,,,,
11,oxidative__delsoxr_pq,-0.39227096150000007,0.1653764008651891,2.0,21.0,-0.5092097360000001,22.0,-0.275332187,,,,,,,,
12,oxidative__delsoxs_pq,-0.3843234675,0.03230136396326576,2.0,23.0,-0.361482954,24.0,-0.407163981,,,,,,,,
13,nac_ntrc__wt_csn,-0.172393313,0.045274266704499605,2.0,25.0,-0.204407054,26.0,-0.140379572,,,,,,,,
14,nac_ntrc__wt_cytd,-0.246394829,0.10089702276688804,2.0,27.0,-0.317739798,28.0,-0.17504986,,,,,,,,
15,nac_ntrc__wt_gln,0.0180604795,0.0367771589693457,2.0,29.0,-0.007944899,30.0,0.044065858,,,,,,,,
16,nac_ntrc__bw_delnac_csn,-1.1075359885,0.7883259577352856,2.0,31.0,-0.550105358,32.0,-1.664966619,,,,,,,,
17,nac_ntrc__bw_delnac_cytd,-0.5620548975,0.09492561984395939,2.0,33.0,-0.494932348,34.0,-0.629177447,,,,,,,,
18,nac_ntrc__bw_delnac_gln,-0.6530810075,0.10142179711479811,2.0,35.0,-0.724797048,36.0,-0.5813649670000001,,,,,,,,
19,nac_ntrc__bw_delnac_nh4,-0.5744789965,0.15424338501885515,2.0,37.0,-0.465412453,38.0,-0.68354554,,,,,,,,
20,misc__wt_no_te,-0.861601552,0.08551392464166958,2.0,39.0,-0.922069028,40.0,-0.8011340760000001,,,,,,,,
21,misc__bw_delcbl,-0.775298407,0.07418450281579335,2.0,41.0,-0.827754772,42.0,-0.722842042,,,,,,,,
22,misc__bw_delfabr,-0.9027538185000001,0.02555218247190488,2.0,43.0,-0.8846856970000001,44.0,-0.9208219400000001,,,,,,,,
23,misc__bw_delfadr,-0.560143782,0.19903515246146466,2.0,45.0,-0.7008828880000001,46.0,-0.41940467600000003,,,,,,,,
24,misc__nitr_031,-0.834202379,,1.0,47.0,-0.834202379,,,,,,,,,,
25,omics__wt_glu,1.387377361,0.195251677219563,2.0,48.0,1.249313576,49.0,1.525441146,,,,,,,,
26,omics__wt_gly,0.533681245,0.008935507575528578,2.0,50.0,0.539999603,51.0,0.527362887,,,,,,,,
27,omics__wt_thr,1.2488035960000001,0.0977110697256518,2.0,52.0,1.179711436,53.0,1.317895756,,,,,,,,
28,omics__bw_ac,0.0692124005,0.07898195150424686,2.0,54.0,0.013363727,55.0,0.125061074,,,,,,,,
29,omics__bw_fum,-0.087506214,0.12870647463921028,2.0,56.0,-0.178515435,57.0,0.0035030070000000003,,,,,,,,
30,omics__bw_glc,0.067543907,0.008256047255272833,2.0,58.0,0.073381814,59.0,0.061706,,,,,,,,
31,omics__bw_pyr,0.612726679,0.035353740998001905,2.0,60.0,0.587727809,61.0,0.637725549,,,,,,,,
32,ompr__wt_nacl,-1.3681889085,0.07240434240227323,2.0,62.0,-1.41938651,63.0,-1.3169913069999999,,,,,,,,
33,ompr__bw_delompr_nacl,-1.1244535305,0.052691155694306074,2.0,64.0,-1.161711804,65.0,-1.087195257,,,,,,,,
34,minspan__wt_ade,-1.27740963,,1.0,66.0,-1.27740963,,,,,,,,,,
35,minspan__wt_glc,-1.5454156353333335,0.1287386448362474,3.0,67.0,-1.584118511,68.0,-1.401765347,69.0,-1.650363048,,,,,,
36,minspan__wt_glc_anaero,-1.2853352310000001,0.03956887381711947,2.0,70.0,-1.2573558120000001,71.0,-1.3133146500000001,,,,,,,,
37,minspan__wt_trp,-1.123300542,,1.0,72.0,-1.123300542,,,,,,,,,,
38,minspan__bw_delcra_glc,-1.058124157,,1.0,73.0,-1.058124157,,,,,,,,,,
39,minspan__bw_delcra_trp,-0.85012767,,1.0,74.0,-0.85012767,,,,,,,,,,
40,minspan__bw_delmntr,-1.297422701,,1.0,75.0,-1.297422701,,,,,,,,,,
41,minspan__bw_delnac_ade,-1.642481485,,1.0,76.0,-1.642481485,,,,,,,,,,
42,minspan__bw_delnac_glc,-1.160237652,,1.0,77.0,-1.160237652,,,,,,,,,,
43,cra_crp__wt_ac,0.8072800535,0.053864562628132495,2.0,78.0,0.845368051,79.0,0.7691920560000001,,,,,,,,
44,cra_crp__wt_fru,1.294752641,0.04658524833367371,2.0,80.0,1.261811896,81.0,1.327693386,,,,,,,,
45,cra_crp__delcra_ac,-0.6506190629999999,0.04555202531921749,2.0,82.0,-0.618408917,83.0,-0.682829209,,,,,,,,
46,cra_crp__delcra_fru,-0.65503135,0.01290224368191024,2.0,84.0,-0.6641546140000001,85.0,-0.645908086,,,,,,,,
47,cra_crp__delcra_glc,-0.8335490640000001,0.024200961517133895,2.0,86.0,-0.8164364,87.0,-0.8506617280000001,,,,,,,,
48,rpoB__wt_031,-1.345431513,,1.0,88.0,-1.345431513,,,,,,,,,,
49,rpoB__wt_044,-0.87159639,,1.0,89.0,-0.87159639,,,,,,,,,,
50,rpoB__wt_lb,-1.0874373175,0.1668092495196736,2.0,90.0,-0.969485366,91.0,-1.205389269,,,,,,,,
51,rpoB__rpoBE546V_031,-0.540905665,,1.0,92.0,-0.540905665,,,,,,,,,,
52,rpoB__rpoBE546V_044,-0.359256628,,1.0,93.0,-0.359256628,,,,,,,,,,
53,rpoB__rpoBE546V_lb,-1.7988038450000001,0.1436175026204543,2.0,94.0,-1.697250935,95.0,-1.900356755,,,,,,,,
54,rpoB__rpoBE546V_glc,-0.323341308,,1.0,96.0,-0.323341308,,,,,,,,,,
55,rpoB__rpoBE672K_glc,-1.6822948819999999,0.08595253873539896,2.0,97.0,-1.743072505,98.0,-1.621517259,,,,,,,,
56,rpoB__rpoBE672K_lb,-1.5351561685000001,0.06488208106704096,2.0,99.0,-1.4892776090000002,100.0,-1.5810347280000001,,,,,,,,
57,crp__wt_fru,-0.41810003,,1.0,101.0,-0.41810003,,,,,,,,,,
58,crp__wt_glyc,-0.547107059,0.08838215056448813,2.0,102.0,-0.609602677,103.0,-0.48461144100000003,,,,,,,,
59,crp__delar1_glyc,-0.088956326,0.06711165450905283,2.0,104.0,-0.136411432,105.0,-0.04150122,,,,,,,,
60,crp__delar1ar2_glyc,-0.3741637496666667,0.07125971396449997,3.0,106.0,-0.43032308,107.0,-0.294001995,108.0,-0.39816617400000004,,,,,,
61,crp__delar2_glyc,-0.6111360596666667,0.19391555268629732,3.0,109.0,-0.728231527,110.0,-0.717875138,111.0,-0.387301514,,,,,,
62,crp__delcrp_fru,-0.9183635569999998,0.2170521252786888,3.0,112.0,-0.756704696,113.0,-1.1650587,114.0,-0.833327275,,,,,,
63,crp__delcrp_glc,-0.859374645,0.12730836487733155,3.0,115.0,-0.91819607,116.0,-0.9466363360000001,117.0,-0.713291529,,,,,,
64,crp__delcrp_glyc,-0.704358816,0.1920468484651932,3.0,118.0,-0.8216793480000001,119.0,-0.808667601,120.0,-0.482729499,,,,,,
65,glu__glu_ale3,-0.080662039,,1.0,121.0,-0.080662039,,,,,,,,,,
66,glu__glu_ale4,-0.7127196090000001,,1.0,122.0,-0.7127196090000001,,,,,,,,,,
67,glu__glu_ale5,-0.720590917,,1.0,123.0,-0.720590917,,,,,,,,,,
68,glu__glu_ale6,-0.9361018010000001,,1.0,124.0,-0.9361018010000001,,,,,,,,,,
69,glu__glu_ale8,0.39321868,,1.0,125.0,0.39321868,,,,,,,,,,
70,glu__glu_ale9,-0.383469889,,1.0,126.0,-0.383469889,,,,,,,,,,
71,glu__glu_ale10,-0.227259965,,1.0,127.0,-0.227259965,,,,,,,,,,
72,42c__wt_42c,-1.149089861,,1.0,128.0,-1.149089861,,,,,,,,,,
73,42c__42c_ale1,-0.6097864030000001,,1.0,129.0,-0.6097864030000001,,,,,,,,,,
74,42c__42c_ale2,-0.40646001,,1.0,130.0,-0.40646001,,,,,,,,,,
75,42c__42c_ale3,-0.9392314390000001,,1.0,131.0,-0.9392314390000001,,,,,,,,,,
76,42c__42c_ale4,-0.30247717900000004,,1.0,132.0,-0.30247717900000004,,,,,,,,,,
77,42c__42c_ale5,-0.654589484,,1.0,133.0,-0.654589484,,,,,,,,,,
78,42c__42c_ale6,-1.021260724,,1.0,134.0,-1.021260724,,,,,,,,,,
79,42c__42c_ale8,0.240246849,,1.0,135.0,0.240246849,,,,,,,,,,
80,42c__42c_ale9,-0.37318161,,1.0,136.0,-0.37318161,,,,,,,,,,
81,42c__42c_ale10,-0.096462452,,1.0,137.0,-0.096462452,,,,,,,,,,
82,ssw__wt_ac,-0.380065272,,1.0,138.0,-0.380065272,,,,,,,,,,
83,ssw__wt_glc,-1.076664958,,1.0,139.0,-1.076664958,,,,,,,,,,
84,ssw__wt_glyc,-0.9099727540000001,,1.0,140.0,-0.9099727540000001,,,,,,,,,,
85,ssw__wt_xyl,0.104318853,,1.0,141.0,0.104318853,,,,,,,,,,
86,ssw__glc_ale1,-0.6345831510000001,,1.0,142.0,-0.6345831510000001,,,,,,,,,,
87,ssw__glc_ale2,-0.104889756,,1.0,143.0,-0.104889756,,,,,,,,,,
88,ssw__glc_ale3,-0.42831669200000005,,1.0,144.0,-0.42831669200000005,,,,,,,,,,
89,ssw__glyc_ale1,-0.875659025,,1.0,145.0,-0.875659025,,,,,,,,,,
90,ssw__glyc_ale2,-0.350662126,,1.0,146.0,-0.350662126,,,,,,,,,,
91,ssw__xyl_ale1,-0.669772181,,1.0,147.0,-0.669772181,,,,,,,,,,
92,ssw__xyl_ale2,-0.466020602,,1.0,148.0,-0.466020602,,,,,,,,,,
93,ssw__xyl_ale3,-0.8450849890000001,,1.0,149.0,-0.8450849890000001,,,,,,,,,,
94,ssw__glc_ac_ac2,-0.01763674,,1.0,150.0,-0.01763674,,,,,,,,,,
95,ssw__glc_ac_glc1,-0.629738738,,1.0,151.0,-0.629738738,,,,,,,,,,
96,ssw__glc_glyc_glc,-0.390153048,,1.0,152.0,-0.390153048,,,,,,,,,,
97,ssw__glc_glyc_glyc,-0.618452126,,1.0,153.0,-0.618452126,,,,,,,,,,
98,ssw__glc_xyl_glc,-0.637991838,,1.0,154.0,-0.637991838,,,,,,,,,,
99,ssw__glc_xyl_xyl,-0.818350463,,1.0,155.0,-0.818350463,,,,,,,,,,
100,ica__wt_glc,-0.8287790643333333,0.30246443126427847,6.0,156.0,-1.143523625,157.0,-1.168581643,158.0,-0.96599955,159.0,-0.47013506600000005,180.0,-0.640859115,181.0,-0.583575387
101,ica__arg_sbt,-1.351558405,0.34934164622985175,2.0,160.0,-1.598580252,161.0,-1.104536558,,,,,,,,
102,ica__cytd_rib,-1.2727533979999999,0.07740156289854754,2.0,162.0,-1.327484568,163.0,-1.218022228,,,,,,,,
103,ica__gth,-1.293178683,0.2904458300560664,2.0,164.0,-1.087802467,165.0,-1.4985548990000002,,,,,,,,
104,ica__leu_glcr,-0.7520364390000001,0.06028104401498407,2.0,166.0,-0.7094113040000001,167.0,-0.794661574,,,,,,,,
105,ica__met_glc,-1.154135545,0.003993692431094038,2.0,168.0,-1.156959512,169.0,-1.151311578,,,,,,,,
106,ica__no3_anaero,-0.8945952509999999,0.2789548074606311,2.0,170.0,-1.091846087,171.0,-0.697344415,,,,,,,,
107,ica__phe_acgam,-1.3667389614999998,0.03873915825560899,2.0,172.0,-1.33934624,173.0,-1.394131683,,,,,,,,
108,ica__thm_gal,-0.834284003,0.046495339706445864,2.0,174.0,-0.8671611730000001,175.0,-0.801406833,,,,,,,,
109,ica__tyr_glcn,-1.1352389774999998,0.04828817005927133,2.0,176.0,-1.1693838699999999,177.0,-1.101094085,,,,,,,,
110,ica__ura_pyr,-0.6027931715000001,0.11405158689706299,2.0,178.0,-0.522146521,179.0,-0.6834398220000001,,,,,,,,
111,ica__bw_delpurR_cytd,-0.517783387,0.34163339601217757,2.0,182.0,-0.759354678,183.0,-0.276212096,,,,,,,,
112,ica__ade_glc,-0.5397471415,0.3875782622818579,2.0,184.0,-0.265687924,185.0,-0.8138063590000001,,,,,,,,
113,ytf__wt_glc,-0.502950472,0.03990087176459505,2.0,186.0,-0.47473629500000003,187.0,-0.531164649,,,,,,,,
114,ytf__delyafC,-0.27337235800000004,0.044642783579347395,2.0,188.0,-0.304939573,189.0,-0.24180514300000003,,,,,,,,
115,ytf__delyeiE,-0.5299877485000001,0.09443334341660586,2.0,190.0,-0.463213291,191.0,-0.5967622060000001,,,,,,,,
116,ytf__delyiaJ,0.045777793000000004,0.1706776956621499,2.0,192.0,-0.074909563,193.0,0.166465149,,,,,,,,
117,ytf__delyieP,0.05774029500000001,0.009175143235245544,2.0,194.0,0.06422810100000001,195.0,0.051252489000000005,,,,,,,,
118,ytf__wt_ph5,-0.2814371365,0.06576010121409456,2.0,196.0,-0.32793655,197.0,-0.23493772300000001,,,,,,,,
119,ytf__wt_ph8,-0.320504761,0.23822955384097622,2.0,198.0,-0.488958494,199.0,-0.152051028,,,,,,,,
120,ytf__delybaO,0.138183771,0.01174174710369466,2.0,200.0,0.129881102,201.0,0.14648644,,,,,,,,
121,ytf__delybaQ,-0.6618959525000001,0.009098520437329363,2.0,202.0,-0.668329578,203.0,-0.6554623270000001,,,,,,,,
122,ytf__delybiH,-0.49219956950000004,0.1570643083264394,2.0,204.0,-0.6032608070000001,205.0,-0.381138332,,,,,,,,
123,ytf__delydcI_ph5,-0.26624409550000006,0.09159934287621035,2.0,206.0,-0.201473579,207.0,-0.33101461200000004,,,,,,,,
124,ytf__delydcI_ph8,-0.46807197450000004,0.00788925046177472,2.0,208.0,-0.47365051700000005,209.0,-0.46249343200000004,,,,,,,,
125,ytf__delyddM,-0.2611395495,0.033015229271066905,2.0,210.0,-0.284484842,211.0,-0.237794257,,,,,,,,
126,ytf__delyheO,-0.28329068700000004,0.013382514850332821,2.0,212.0,-0.292753554,213.0,-0.27382782,,,,,,,,
127,fps__bw_glc,-0.581130059,0.08850223143806925,2.0,214.0,-0.6437105870000001,215.0,-0.518549531,,,,,,,,
128,fps__fps_thrA_ale1,-0.5539200535000001,0.07407782373703607,2.0,216.0,-0.5015391220000001,217.0,-0.6063009850000001,,,,,,,,
129,fps__fps_thrA_ale2,-0.6868928935,0.039546552577357785,2.0,218.0,-0.7148565290000001,219.0,-0.658929258,,,,,,,,
130,fps__fps_serB_ale1,-0.7221243075,0.19529269153419226,2.0,220.0,-0.860217094,221.0,-0.584031521,,,,,,,,
131,fps__fps_serB_ale4,-0.450582311,0.1351390264418779,2.0,222.0,-0.546140033,223.0,-0.355024589,,,,,,,,
132,fps__fps_ptsI_ale1,-0.9579800435000001,0.020851698629248655,2.0,224.0,-0.9432356660000001,225.0,-0.972724421,,,,,,,,
133,fps__fps_ptsI_ale3,-0.792195191,0.03470124407352642,2.0,226.0,-0.767657706,227.0,-0.8167326760000001,,,,,,,,
134,pal__lyx_ale2_f6,-0.445068355,,1.0,228.0,-0.445068355,,,,,,,,,,
135,pal__lyx_ale2,-0.521583369,0.005357004204716622,2.0,229.0,-0.517795395,230.0,-0.525371343,,,,,,,,
136,pal__lyx_ale4,-0.8421934010000001,0.00882641372711355,2.0,231.0,-0.835952184,232.0,-0.8484346180000001,,,,,,,,
137,pal__5drib_ale10_f18,-1.2175429345,0.004121352782262701,2.0,233.0,-1.220457171,234.0,-1.214628698,,,,,,,,
138,pal__5drib_ale10,-1.076979197,,1.0,235.0,-1.076979197,,,,,,,,,,
139,pal__arab_ale14_f9,-0.183390473,0.08411507792386529,2.0,236.0,-0.12391213100000001,237.0,-0.24286881500000002,,,,,,,,
140,pal__arab_ale14,-0.5508066315,0.0892209906319029,2.0,238.0,-0.48771786400000006,239.0,-0.613895399,,,,,,,,
141,pal__arab_ale16,-0.653891236,0.02184859544703504,2.0,240.0,-0.638441946,241.0,-0.669340526,,,,,,,,
142,pal__tartr_ale26_f10,-0.620371654,0.06279539552073066,2.0,242.0,-0.575968604,243.0,-0.664774704,,,,,,,,
143,pal__tartr_ale26,-0.7620270615,0.0711355778763629,2.0,244.0,-0.7117266120000001,245.0,-0.812327511,,,,,,,,
144,pal__tartr_ale28_f10,-0.5265633585,0.0455349112137924,2.0,246.0,-0.49436531400000006,247.0,-0.558761403,,,,,,,,
145,pal__tartr_ale28,-0.200208601,0.20498148067082564,2.0,248.0,-0.34515239600000003,249.0,-0.05526480600000001,,,,,,,,
146,efeU__delmenFentC_citr,-0.715249502,0.08535026760559114,2.0,250.0,-0.6548977490000001,251.0,-0.7756012550000001,,,,,,,,
147,efeU__delmenFentC,-0.290762297,0.0012101906285837737,2.0,252.0,-0.291618031,253.0,-0.289906563,,,,,,,,
148,efeU__menFentC_ale39,-0.6738726285000001,0.054350015475047676,2.0,254.0,-0.7123038930000001,255.0,-0.6354413640000001,,,,,,,,
149,efeU__menFentC_ale29,-1.019398729,0.15637252242788072,2.0,256.0,-1.1299708,257.0,-0.9088266580000001,,,,,,,,
150,efeU__menFentC_ale30,-1.358813476,0.11243706907546278,2.0,258.0,-1.279308462,259.0,-1.43831849,,,,,,,,
151,efeU__menFentCubiC_ale36,-0.8772323175000001,0.011859051168946042,2.0,260.0,-0.885617933,261.0,-0.868846702,,,,,,,,
152,efeU__menFentCubiC_ale37,-0.5162901765000001,0.032904840003028756,2.0,262.0,-0.5395574120000001,263.0,-0.49302294100000005,,,,,,,,
153,efeU__menFentCubiC_ale38,-0.6785691250000001,0.23136300110921978,2.0,264.0,-0.514970778,265.0,-0.8421674720000001,,,,,,,,
154,misc2__salc_glc,-0.6991272310000001,0.18631972780535752,2.0,266.0,-0.567379288,267.0,-0.8308751740000001,,,,,,,,
155,misc2__dbcn_glc,-1.6097209925,0.09087754383032443,2.0,268.0,-1.67398112,269.0,-1.545460865,,,,,,,,
156,misc2__tyr_glc,-0.30570461400000004,0.07293483724404302,2.0,270.0,-0.357277332,271.0,-0.254131896,,,,,,,,
157,misc2__arg_cytd,-0.7315774875000001,0.09377739015418392,2.0,272.0,-0.665266859,273.0,-0.7978881160000001,,,,,,,,
158,misc2__delyheO_pyr,-0.3834815975,0.060939096677439415,2.0,274.0,-0.42657204600000004,275.0,-0.340391149,,,,,,,,
159,nquinone__delubiC,-0.7270950955,0.09649621007099193,2.0,276.0,-0.79532822,277.0,-0.658861971,,,,,,,,
160,nquinone__ubiC_ale1,-0.73090809,0.06151534981323346,2.0,278.0,-0.6874101690000001,279.0,-0.7744060110000001,,,,,,,,
161,nquinone__ubiC_ale2,-0.9237288720000001,0.050005446052527096,2.0,280.0,-0.9590880620000001,281.0,-0.8883696820000001,,,,,,,,
162,nquinone__ubiC_ale3,-0.2094267465,0.008737376962546863,2.0,282.0,-0.203248488,283.0,-0.21560500500000002,,,,,,,,
163,nquinone__ubiC_ale4,-0.696271328,0.09809875940321378,2.0,284.0,-0.7656376260000001,285.0,-0.62690503,,,,,,,,
164,nquinone__delpdhR,-0.7867093010000001,0.0593229157406899,2.0,286.0,-0.8286569370000001,287.0,-0.7447616650000001,,,,,,,,
165,quinone__glu_ale4,-0.8792169240000001,0.03180846174641084,2.0,288.0,-0.9017089030000001,289.0,-0.8567249450000001,,,,,,,,
166,quinone__delmenF,-0.43931648900000003,0.25427978882946783,2.0,290.0,-0.259513526,291.0,-0.6191194520000001,,,,,,,,
167,quinone__menF_ale5,-0.7133791825,0.12967607572102932,2.0,292.0,-0.62168435,293.0,-0.8050740150000001,,,,,,,,
168,quinone__menF_ale6,-0.650796118,0.053240688679052614,2.0,294.0,-0.68844297,295.0,-0.6131492660000001,,,,,,,,
169,quinone__menF_ale7,-0.7013406315,0.05733912837317779,2.0,296.0,-0.741885518,297.0,-0.660795745,,,,,,,,
170,quinone__menF_ale8,-0.306033719,0.3247683335954535,2.0,298.0,-0.53567961,299.0,-0.076387828,,,,,,,,
171,quinone__delmenFubiC,-0.570269891,0.016102958284310416,2.0,300.0,-0.55888338,301.0,-0.581656402,,,,,,,,
172,quinone__menFubiC_ale1,-0.42250780900000007,0.036570841474051444,2.0,302.0,-0.396648319,303.0,-0.44836729900000005,,,,,,,,
173,quinone__menFubiC_ale2,-0.617675705,0.06286055823904417,2.0,304.0,-0.573226578,305.0,-0.662124832,,,,,,,,
174,quinone__menFubiC_ale3,-0.8234406595000001,0.077246708634788,2.0,306.0,-0.768818988,307.0,-0.8780623310000001,,,,,,,,
175,quinone__menFubiC_ale4,-0.1266672885,0.10510612608648243,2.0,308.0,-0.20098854300000002,309.0,-0.05234603400000001,,,,,,,,
176,oxyR__wt_glc,-0.5571164035,0.02996172440101479,2.0,310.0,-0.5359302650000001,311.0,-0.5783025420000001,,,,,,,,
177,oxyR__wt_h2o2,-0.4627133735,0.07850858311222221,2.0,312.0,-0.518227325,313.0,-0.40719942200000003,,,,,,,,
178,oxyR__glu_ale4,-0.2589914065,0.09003993342160195,2.0,314.0,-0.195323559,315.0,-0.322659254,,,,,,,,
179,oxyR__glu_ale4_h2o2,-0.30886038450000003,0.10375275057734908,2.0,316.0,-0.235496111,317.0,-0.38222465800000005,,,,,,,,
180,oxyR__oxyR_ale17,-0.726155537,0.13801401513395165,2.0,318.0,-0.628564891,319.0,-0.823746183,,,,,,,,
181,oxyR__oxyR_ale17_h2o2,-0.7159791085,0.09957506330493603,2.0,320.0,-0.645568906,321.0,-0.7863893110000001,,,,,,,,
182,oxyR__oxyR_ale18,-0.8807096730000001,0.11026970900938009,2.0,322.0,-0.9586821320000001,323.0,-0.8027372140000001,,,,,,,,
183,oxyR__oxyR_ale18_h2o2,-0.7068084025000001,0.044634690742236735,2.0,324.0,-0.738369895,325.0,-0.67524691,,,,,,,,
184,oxyR__oxyR_ale19,-0.9261158835000001,0.13400668614858233,2.0,326.0,-1.02087292,327.0,-0.8313588470000001,,,,,,,,
185,oxyR__oxyR_ale19_h2o2,-1.011108034,0.06228313342731367,2.0,328.0,-1.05514886,329.0,-0.967067208,,,,,,,,
186,oxyR__oxyR_ale20,-1.0568083595000002,0.1345242755844889,2.0,330.0,-0.9616853320000001,331.0,-1.151931387,,,,,,,,
187,oxyR__oxyR_ale20_h2o2,-0.8303402530000001,0.10627309198463902,2.0,332.0,-0.9054866770000001,333.0,-0.7551938290000001,,,,,,,,
188,svns_pgi__BmePgi24_15,-0.4042105585,0.04122519862005049,2.0,334.0,-0.433361176,335.0,-0.375059941,,,,,,,,
189,svns_pgi__BmePgi24_26,-0.5102625095,0.002748178283256136,2.0,336.0,-0.508319254,337.0,-0.512205765,,,,,,,,
190,svns_pgi__BmePgi24_41,-0.43927444200000004,0.29815370409293274,2.0,338.0,-0.22844793600000002,339.0,-0.6501009480000001,,,,,,,,
191,svns_pgi__BmePgi24_52,-0.6683571215,0.04504013162843345,2.0,340.0,-0.636508939,341.0,-0.700205304,,,,,,,,
192,svns_pgi__PaePgi2_34,0.0512572035,0.035389091387313755,2.0,342.0,0.026233337000000002,343.0,0.07628107,,,,,,,,
193,svns_pgi__PaePgi2_63,-0.206868257,0.14693842254722914,2.0,344.0,-0.310769412,345.0,-0.102967102,,,,,,,,
194,svns_pgi__PaePgi24_54,-0.14661338000000002,0.014956328070073946,2.0,346.0,-0.157189101,347.0,-0.136037659,,,,,,,,
195,svns_pgi__PaePgi24_90,-0.25338738650000003,0.04223089255330156,2.0,348.0,-0.28324913700000004,349.0,-0.22352563600000003,,,,,,,,
196,abx_media__m9_ctrl,-0.911396841,0.023490418196990707,2.0,350.0,-0.894786607,351.0,-0.928007075,,,,,,,,
197,abx_media__rpmi_ctrl,-0.8024575155,0.06430539730321715,2.0,352.0,-0.7569867330000001,353.0,-0.847928298,,,,,,,,
198,abx_media__camhb_ctrl,-1.508682913,0.10654052259771099,2.0,354.0,-1.433347387,355.0,-1.584018439,,,,,,,,
199,abx_media__m9_mero,-1.0529755225000001,0.20192146405442543,2.0,356.0,-0.9101954860000001,357.0,-1.195755559,,,,,,,,
200,abx_media__rpmi_mero,-1.1556398955,0.05853676078532763,2.0,358.0,-1.197031636,359.0,-1.114248155,,,,,,,,
201,abx_media__camhb_mero,-1.8810234715,0.03279487924169998,2.0,360.0,-1.85783399,361.0,-1.904212953,,,,,,,,
202,abx_media__m9_trisulf,-1.22959461,0.37062405279190913,2.0,362.0,-1.491665391,363.0,-0.9675238290000001,,,,,,,,
203,abx_media__rpmi_trisulf,-1.4182687605000002,0.01956289328294609,2.0,364.0,-1.4044357060000001,365.0,-1.432101815,,,,,,,,
204,abx_media__camhb_trisulf,-1.389385327,0.017211486756749408,2.0,366.0,-1.377214968,367.0,-1.401555686,,,,,,,,
205,abx_media__m9_cef,-0.855388609,0.07009002221253609,2.0,368.0,-0.9049497390000001,369.0,-0.8058274790000001,,,,,,,,
206,abx_media__rpmi_cef,-1.4611738665,0.06162498742676322,2.0,370.0,-1.504749313,371.0,-1.41759842,,,,,,,,
207,abx_media__camhb_cef,-1.487573297,0.026497584945458157,2.0,372.0,-1.468836675,373.0,-1.506309919,,,,,,,,
208,abx_media__m9_cipro,-1.0871364025,0.062750957395067,2.0,374.0,-1.13150803,375.0,-1.042764775,,,,,,,,
209,abx_media__rpmi_cipro,-1.6609727735,0.050972741966239445,2.0,376.0,-1.697015945,377.0,-1.624929602,,,,,,,,
210,abx_media__camhb_cipro,-1.6138647979999998,0.06853377635366684,2.0,378.0,-1.5654040999999999,379.0,-1.662325496,,,,,,,,
211,hot_tale__42c_ale3_30c,-0.550126225,0.11769270386624212,2.0,380.0,-0.466904916,381.0,-0.633347534,,,,,,,,
212,hot_tale__42c_ale3_37c,-0.14834738600000003,0.009189293856150653,2.0,382.0,-0.15484519800000002,383.0,-0.141849574,,,,,,,,
213,hot_tale__42c_ale3_44c,-0.5495114445,0.06319683488965268,2.0,384.0,-0.504824534,385.0,-0.5941983550000001,,,,,,,,
214,hot_tale__hot_ale3_mid_30c,-0.4788492205,0.029313922665566348,2.0,386.0,-0.499577294,387.0,-0.458121147,,,,,,,,
215,hot_tale__hot_ale3_mid_37c,-0.6178939255000001,0.41552715561143017,2.0,388.0,-0.32407185600000005,389.0,-0.9117159950000001,,,,,,,,
216,hot_tale__hot_ale3_mid_44c,-0.342290466,0.024266237372532258,2.0,390.0,-0.359449287,391.0,-0.325131645,,,,,,,,
217,hot_tale__hot_ale3_30c,-0.7325531485000001,0.032075069994296206,2.0,392.0,-0.755233648,393.0,-0.709872649,,,,,,,,
218,hot_tale__hot_ale3_37c,-0.8236274410000001,0.0642330963419477,2.0,394.0,-0.8690470990000001,395.0,-0.778207783,,,,,,,,
219,hot_tale__hot_ale3_44c,-0.42236994650000004,0.06544444450433222,2.0,396.0,-0.376093736,397.0,-0.468646157,,,,,,,,
220,hot_tale__hot_ale4_30c,-0.7177592475000001,0.12996314127520112,2.0,398.0,-0.8096570660000001,399.0,-0.6258614290000001,,,,,,,,
221,hot_tale__hot_ale4_37c,-0.7229337535,0.12504271611089757,2.0,400.0,-0.634515201,401.0,-0.8113523060000001,,,,,,,,
222,hot_tale__hot_ale4_44c,-0.355452496,0.16070389370233049,2.0,402.0,-0.469087309,403.0,-0.241817683,,,,,,,,
223,hot_tale__hot_ale8_30c,-1.033227608,0.04906895665995076,2.0,404.0,-1.0679246,405.0,-0.998530616,,,,,,,,
224,hot_tale__hot_ale8_37c,-1.0122773555,0.055770805130485795,2.0,406.0,-1.05171327,407.0,-0.972841441,,,,,,,,
225,hot_tale__hot_ale8_44c,-0.867446716,0.06185630963205391,2.0,408.0,-0.8237076999999999,409.0,-0.9111857320000001,,,,,,,,
226,hot_tale__hot_ale9_mid_30c,-0.6627294675000001,0.02627244709607573,2.0,410.0,-0.681306893,411.0,-0.6441520420000001,,,,,,,,
227,hot_tale__hot_ale9_30c,-0.682769736,0.001140684860420341,2.0,412.0,-0.6835763220000001,413.0,-0.68196315,,,,,,,,
228,hot_tale__hot_ale9_mid_37c,-0.6266085960000001,0.17083869821937184,2.0,414.0,-0.7474097980000001,415.0,-0.5058073940000001,,,,,,,,
229,hot_tale__hot_ale9_37c,-0.6949425835,0.0012149317795516264,2.0,416.0,-0.694083497,417.0,-0.69580167,,,,,,,,
230,hot_tale__hot_ale9_mid_44c,-0.457820503,0.16938229159536533,2.0,418.0,-0.33804913600000003,419.0,-0.57759187,,,,,,,,
231,hot_tale__hot_ale9_44c,-0.6256867865,0.002101763891312397,2.0,420.0,-0.624200615,421.0,-0.6271729580000001,,,,,,,,
232,hot_tale__hot_ale10_30c,-0.79470866,0.019916786791901193,2.0,422.0,-0.780625365,423.0,-0.808791955,,,,,,,,
233,hot_tale__hot_ale10_37c,-0.775545954,0.08779455331460358,2.0,424.0,-0.8376260780000001,425.0,-0.71346583,,,,,,,,
234,hot_tale__hot_ale10_44c,-0.4664244315,0.0796590119040872,2.0,426.0,-0.522751859,427.0,-0.41009700400000004,,,,,,,,
235,hot_tale__hot_ale16_30c,-0.7106079390000001,0.1353550051371235,2.0,428.0,-0.8063183810000001,429.0,-0.6148974970000001,,,,,,,,
236,hot_tale__hot_ale16_37c,-0.6970311490000001,0.04391449187899648,2.0,430.0,-0.6659789140000001,431.0,-0.7280833840000001,,,,,,,,
237,hot_tale__hot_ale16_44c,-0.4552062640000001,0.09457043657223554,2.0,432.0,-0.5220776610000001,433.0,-0.38833486700000003,,,,,,,,
238,pdhr_ale__pdhR-13_51,-0.871753961,0.08668896499216067,2.0,434.0,-0.933052316,435.0,-0.810455606,,,,,,,,
239,pdhr_ale__pdhR-14_46,-0.7453635185,0.011176728480440028,2.0,436.0,-0.7374603780000001,437.0,-0.753266659,,,,,,,,
240,pdhr_ale__pdhR-15_51,-0.7646560825000001,0.04649467290475114,2.0,438.0,-0.797532781,439.0,-0.7317793840000001,,,,,,,,
241,pdhr_ale__pdhR-16_49,-0.6822748590000001,0.029466979463888085,2.0,440.0,-0.6614385580000001,441.0,-0.7031111600000001,,,,,,,,
242,tcs__del_atoC_LiAcet,-0.322865737,0.11144046570699064,2.0,442.0,-0.401666046,443.0,-0.24406542800000003,,,,,,,,
243,tcs__del_atoC_LiCl,0.06753318200000001,0.13936786723305555,2.0,444.0,-0.031014782,445.0,0.166081146,,,,,,,,
244,tcs__del_atoC_m9,-0.056934427,0.032022078705007305,2.0,446.0,-0.079577456,447.0,-0.034291398,,,,,,,,
245,tcs__del_baeR_etoh,-0.39996636750000003,0.03758905614707697,2.0,448.0,-0.426545844,449.0,-0.373386891,,,,,,,,
246,tcs__del_baeR_lb,-0.8385386375000001,0.04750107535899698,2.0,450.0,-0.8721269700000001,451.0,-0.8049503050000001,,,,,,,,
247,tcs__del_btsR_01xlb,-1.3663643790000002,0.002557526031592278,2.0,452.0,-1.368172823,453.0,-1.364555935,,,,,,,,
248,tcs__del_btsR_lb,-0.102754725,0.014227572507674601,2.0,454.0,-0.092694312,455.0,-0.11281513800000001,,,,,,,,
249,tcs__del_btsR_pyruvate,-1.4149302185,0.016318608174902736,2.0,456.0,-1.40339122,457.0,-1.426469217,,,,,,,,
250,tcs__del_cpxR_etoh,-0.2616255595,0.002539328638578384,2.0,458.0,-0.25982998300000004,459.0,-0.263421136,,,,,,,,
251,tcs__del_cpxR_lb,-0.6909829775,0.02101622116402736,2.0,460.0,-0.6761222650000001,461.0,-0.70584369,,,,,,,,
252,tcs__del_cusR_CuSO4,-0.20977286150000002,0.09710870737906928,2.0,462.0,-0.141106636,463.0,-0.27843908700000003,,,,,,,,
253,tcs__del_cusR_lb,-0.1668760265,0.003236725429445706,2.0,464.0,-0.164587316,465.0,-0.169164737,,,,,,,,
254,tcs__del_kdpE_01-kcl,-0.024226655500000003,0.03723050068311358,2.0,466.0,-0.050552595000000006,467.0,0.0020992840000000003,,,,,,,,
255,tcs__del_kdpE_115-kcl,-0.502482466,0.01047897742907544,2.0,468.0,-0.5098922220000001,469.0,-0.49507271,,,,,,,,
256,tcs__del_phoB_m9,-0.19515848200000002,0.050650036108975414,2.0,470.0,-0.159343498,471.0,-0.23097346600000002,,,,,,,,
257,tcs__del_phoB_m9p,0.2567239035,0.0018786490744310384,2.0,472.0,0.255395498,473.0,0.25805230900000004,,,,,,,,
258,tcs__del_rcsB_etoh,-0.33116615000000005,0.020883151445982642,2.0,474.0,-0.345932768,475.0,-0.31639953200000004,,,,,,,,
259,tcs__del_rcsB_lb,-0.530812696,0.046684154187585425,2.0,476.0,-0.497802014,477.0,-0.563823378,,,,,,,,
260,tcs__del_zraR_lb,-0.420347351,0.008519946577079473,2.0,478.0,-0.426371863,479.0,-0.414322839,,,,,,,,
261,tcs__del_zraR_zncl2,-0.21733360150000003,0.09956278793121459,2.0,480.0,-0.287735124,481.0,-0.14693207900000002,,,,,,,,
262,tcs__wt_01-kcl,-0.2772585355,0.07406946007802821,2.0,482.0,-0.224883518,483.0,-0.329633553,,,,,,,,
263,tcs__wt_01xlb,-1.327429934,0.05855900565755706,2.0,484.0,-1.286022464,485.0,-1.368837404,,,,,,,,
264,tcs__wt_115-kcl,-0.6416497165,0.009668608309098284,2.0,486.0,-0.648486455,487.0,-0.634812978,,,,,,,,
265,tcs__wt_CuSO4,-0.38747859900000003,0.012858179615733776,2.0,488.0,-0.396570705,489.0,-0.37838649300000005,,,,,,,,
266,tcs__wt_etoh,-0.249531514,0.0470912398041552,2.0,490.0,-0.21623297900000002,491.0,-0.28283004900000003,,,,,,,,
267,tcs__wt_lb,-0.492822651,0.06596515440246409,2.0,492.0,-0.539467059,493.0,-0.44617824300000003,,,,,,,,
268,tcs__wt_LiAcet,-0.05492063899999999,0.26390704482689553,2.0,494.0,0.131689822,495.0,-0.2415311,,,,,,,,
269,tcs__wt_LiCl,-0.0667338135,0.010724457326338912,2.0,496.0,-0.05915047700000001,497.0,-0.07431715,,,,,,,,
270,tcs__wt_m9p,0.275559836,0.007272491421127157,2.0,498.0,0.270417408,499.0,0.28070226400000003,,,,,,,,
271,tcs__wt_pyr,-1.4474976635,0.029107283436686678,2.0,500.0,-1.426915706,501.0,-1.468079621,,,,,,,,
272,tcs__wt_zncl2,-0.25150901750000004,0.0378413829593027,2.0,502.0,-0.27826691600000003,503.0,-0.22475111900000003,,,,,,,,
273,ros_tale__1_112_0pq,-1.268468852,0.05831304563478922,2.0,504.0,-1.227235302,505.0,-1.309702402,,,,,,,,
274,ros_tale__1_112_250pq,-0.713109733,0.07322226907952753,2.0,506.0,-0.66133377,507.0,-0.764885696,,,,,,,,
275,ros_tale__1_112_750pq,-1.04778387,0.2028984102288757,3.0,508.0,-0.846668117,509.0,-1.044264346,510.0,-1.252419147,,,,,,
276,ros_tale__3_76_0pq,-0.5109608605,0.06945562071636827,4.0,511.0,-0.47843994700000003,512.0,-0.439540072,513.0,-0.524775636,514.0,-0.601087787,,,,
277,ros_tale__3_76_250pq,-1.0309050785,0.07768241934807374,2.0,515.0,-1.085834844,516.0,-0.9759753130000001,,,,,,,,
278,ros_tale__3_76_750pq,-1.308420612,0.1588886996833364,2.0,517.0,-1.196069335,518.0,-1.420771889,,,,,,,,
279,ros_tale__7_103_0pq,-0.6715829085,0.1965254802242112,4.0,519.0,-0.5020952200000001,520.0,-0.504612064,521.0,-0.8033479360000001,522.0,-0.876276414,,,,
280,ros_tale__7_103_250pq,-0.8115357205,0.021803656689770336,2.0,523.0,-0.8269532340000001,524.0,-0.796118207,,,,,,,,
281,ros_tale__7_103_750pq,-1.0117786805,0.14673834880481276,2.0,525.0,-1.1155383620000001,526.0,-0.908018999,,,,,,,,
282,ros_tale__9_77_0pq,-1.082390873,0.08243879644624885,2.0,527.0,-1.140683905,528.0,-1.024097841,,,,,,,,
283,ros_tale__9_77_250pq,-1.1663867595,0.011220566272446554,2.0,529.0,-1.158452621,530.0,-1.174320898,,,,,,,,
284,ros_tale__9_77_750pq,-1.0159484540000001,0.18664896803638642,2.0,531.0,-0.883967703,532.0,-1.147929205,,,,,,,,
285,ros_tale__11_83_0pq,-0.36375872200000003,0.0402268989024103,2.0,533.0,-0.39220343500000004,534.0,-0.335314009,,,,,,,,
286,ros_tale__11_83_250pq,-0.447556495,0.0781319009659231,2.0,535.0,-0.502804092,536.0,-0.392308898,,,,,,,,
287,ros_tale__11_83_750pq,-0.3037635295,0.16373721703774077,2.0,537.0,-0.41954322600000005,538.0,-0.18798383300000002,,,,,,,,
288,ros_tale__13_87_0pq,-0.8736193665,0.09574974855479165,2.0,539.0,-0.80591407,540.0,-0.9413246630000001,,,,,,,,
289,ros_tale__13_87_250pq,-0.292445118,0.16917870706778038,2.0,541.0,-0.412072529,542.0,-0.17281770700000001,,,,,,,,
290,ros_tale__13_87_750pq,-0.407084049,0.037759288569113716,2.0,543.0,-0.433783898,544.0,-0.3803842,,,,,,,,
291,ros_tale__14_27_0pq,-1.2260493060000002,0.09732092073070503,2.0,545.0,-1.294865589,546.0,-1.157233023,,,,,,,,
292,ros_tale__14_27_250pq,-1.3270816685,0.19078484479193475,2.0,547.0,-1.192176411,548.0,-1.461986926,,,,,,,,
293,ros_tale__14_27_750pq,-1.7901975475,0.24096418395830463,2.0,549.0,-1.6198101390000001,550.0,-1.960584956,,,,,,,,
294,ros_tale__16_28_250pq,-0.609098212,0.008432046133110202,2.0,551.0,-0.6150605690000001,552.0,-0.603135855,,,,,,,,
295,ros_tale__16_32_0pq,-0.528494205,0.054041902579392495,4.0,553.0,-0.539748164,554.0,-0.44941783100000005,555.0,-0.5560055220000001,556.0,-0.568805303,,,,
296,ros_tale__16_32_250pq,-0.8194297675,0.03824832856872975,2.0,557.0,-0.84647542,558.0,-0.792384115,,,,,,,,
297,ros_tale__16_32_750pq,-0.937870148,0.21829704240847506,2.0,559.0,-1.0922294670000001,560.0,-0.783510829,,,,,,,,
298,ros_tale__17_104_0pq,0.36842051750000004,0.07608832630584816,2.0,561.0,0.42222308900000005,562.0,0.31461794600000004,,,,,,,,
299,ros_tale__17_104_250pq,-0.279212507,0.4197238607944904,4.0,563.0,-0.890677641,564.0,0.052915454,565.0,-0.088108829,566.0,-0.190979012,,,,
300,ros_tale__17_104_750pq,-0.1034265445,0.11135393492885652,2.0,567.0,-0.182165667,568.0,-0.024687422,,,,,,,,
301,ros_tale__18_24_250pq,-0.6184332060000001,0.19476491339667565,2.0,569.0,-0.48071361500000004,570.0,-0.756152797,,,,,,,,
302,ros_tale__18_36_0pq,-0.73771083325,0.44215475832369183,4.0,571.0,-0.5472821,572.0,-0.40841461900000003,573.0,-0.605944413,574.0,-1.389202201,,,,
303,ros_tale__18_36_250pq,-0.8043497820000001,0.022523603822996383,2.0,575.0,-0.7884231890000001,576.0,-0.8202763750000001,,,,,,,,
304,ros_tale__18_36_750pq,-0.918429358,0.06195006916281199,2.0,577.0,-0.874624044,578.0,-0.962234672,,,,,,,,
305,ros_tale__19_91_0pq,0.17804675400000003,0.06851962007590738,2.0,579.0,0.22649744200000002,580.0,0.129596066,,,,,,,,
306,ros_tale__19_91_250pq,-0.28313902950000003,0.0335599631220896,2.0,581.0,-0.259408552,582.0,-0.30686950700000004,,,,,,,,
307,ros_tale__19_91_750pq,-0.70210861725,0.3666060976064944,4.0,583.0,-0.342543129,584.0,-0.48430841300000005,585.0,-0.8178749350000001,586.0,-1.163707992,,,,
308,ros_tale__21_97_0pq,-1.0265784775,0.12094980811312155,2.0,587.0,-0.941054048,588.0,-1.112102907,,,,,,,,
309,ros_tale__21_97_250pq,-1.0034534635,0.19792932725825005,2.0,589.0,-1.143410633,590.0,-0.863496294,,,,,,,,
310,ros_tale__21_97_750pq,-1.1754245135,0.19514418638222106,2.0,591.0,-1.3134122910000001,592.0,-1.037436736,,,,,,,,
311,ros_tale__25_111_0pq,-1.0904624004999999,0.27089045190399047,2.0,593.0,-1.282010876,594.0,-0.898913925,,,,,,,,
312,ros_tale__25_111_250pq,-1.171421208,0.24447456678313742,2.0,595.0,-1.344290832,596.0,-0.9985515840000001,,,,,,,,
313,ros_tale__25_111_750pq,-1.076408989,0.31117488596386567,2.0,597.0,-1.296442861,598.0,-0.856375117,,,,,,,,
314,ros_tale__29_119_0pq,-0.5379812310000001,0.2859918224241283,2.0,599.0,-0.7402079880000001,600.0,-0.335754474,,,,,,,,
315,ros_tale__29_119_250pq,-1.6666205695,0.8590470925490203,2.0,601.0,-1.059182545,602.0,-2.274058594,,,,,,,,
316,ros_tale__29_119_750pq,-0.814361149,0.03268786499432841,2.0,603.0,-0.791247338,604.0,-0.83747496,,,,,,,,
317,ros_tale__ALE4_0pq,-0.6229394025,0.018790383367140555,2.0,605.0,-0.609652595,606.0,-0.63622621,,,,,,,,
318,ros_tale__ALE4_250pq,-0.107328698,0.0353891797756614,2.0,607.0,-0.082304769,608.0,-0.132352627,,,,,,,,
319,pcoli__atASMT_325G,-0.721657223,0.06933944816329647,2.0,609.0,-0.7706876170000001,610.0,-0.672626829,,,,,,,,
320,pcoli__bpTDC,-0.8521238875,0.09233603076248104,2.0,611.0,-0.786832454,612.0,-0.917415321,,,,,,,,
321,pcoli__BRCA,-0.883456338,0.048368964787196565,2.0,613.0,-0.849254315,614.0,-0.9176583610000001,,,,,,,,
322,pcoli__BRCActrl,-1.104133353,0.08355911804558443,2.0,615.0,-1.163218572,616.0,-1.045048134,,,,,,,,
323,pcoli__BRCAswap,-0.570660827,0.05302047582840128,2.0,617.0,-0.608151965,618.0,-0.5331696890000001,,,,,,,,
324,pcoli__btAANAT,-0.597788829,0.16132527227157958,2.0,619.0,-0.711863023,620.0,-0.483714635,,,,,,,,
325,pcoli__btASMT,-0.7585839525,0.006285518139908058,2.0,621.0,-0.7630284850000001,622.0,-0.75413942,,,,,,,,
326,pcoli__CC1,-0.474971136,0.14950238607895724,2.0,623.0,-0.580685287,624.0,-0.36925698500000004,,,,,,,,
327,pcoli__ccCOMT,-0.8005994830000001,0.09293954993575768,2.0,625.0,-0.734881297,626.0,-0.8663176690000001,,,,,,,,
328,pcoli__ckDDC,-0.8367385245000001,0.07694475706865855,2.0,627.0,-0.7823303650000001,628.0,-0.8911466840000001,,,,,,,,
329,pcoli__CNTF_belt,-0.738926794,0.11544451583821559,2.0,629.0,-0.657295194,630.0,-0.8205583940000001,,,,,,,,
330,pcoli__cobPNMT,-0.6745162100000001,0.026103962642002137,2.0,631.0,-0.656057921,632.0,-0.6929744990000001,,,,,,,,
331,pcoli__cvPhhB,-0.962505024,0.1277662701076056,2.0,633.0,-1.05284942,634.0,-0.872160628,,,,,,,,
332,pcoli__ggAANAT,-0.81215273,0.009927601016950243,2.0,635.0,-0.8051328560000001,636.0,-0.819172604,,,,,,,,
333,pcoli__ggTPH,-0.604518342,0.017926899214187837,2.0,637.0,-0.617194574,638.0,-0.59184211,,,,,,,,
334,pcoli__hsAANAT,-0.5911758905000001,0.1879919328123804,2.0,639.0,-0.7241062610000001,640.0,-0.45824552,,,,,,,,
335,pcoli__hsASMT,-0.6916539355,0.06709082102195872,2.0,641.0,-0.644213561,642.0,-0.73909431,,,,,,,,
336,pcoli__hsPNMT_mb,-0.6893643565,0.042494531659812707,2.0,643.0,-0.659316185,644.0,-0.719412528,,,,,,,,
337,pcoli__hsTPH,-0.885281524,0.09553709962537861,2.0,645.0,-0.952836455,646.0,-0.8177265930000001,,,,,,,,
338,pcoli__hsTPH_E2K,-0.5776691655,0.009180995958073439,2.0,647.0,-0.58416111,648.0,-0.571177221,,,,,,,,
339,pcoli__hsTPH_E2K_N91I_P99C,-0.717331234,0.09474361409401592,2.0,649.0,-0.650337382,650.0,-0.7843250860000001,,,,,,,,
340,pcoli__hsTPH_N158trunc,-1.025363429,0.008658869017952191,2.0,651.0,-1.031486174,652.0,-1.019240684,,,,,,,,
341,pcoli__hsTPH_N174trunc,-0.6318952050000001,0.035302738800088475,2.0,653.0,-0.6568580110000001,654.0,-0.6069323990000001,,,,,,,,
342,pcoli__hsTPH_Ntermtrunc,-0.6679353190000001,0.23219388976088012,2.0,655.0,-0.8321211930000001,656.0,-0.5037494450000001,,,,,,,,
343,pcoli__hsTPH1,-0.40769944750000003,0.04533650270784572,2.0,657.0,-0.439757196,658.0,-0.37564169900000005,,,,,,,,
344,pcoli__MBP,-1.4706407705,0.3235557762804731,2.0,659.0,-1.699429254,660.0,-1.241852287,,,,,,,,
345,pcoli__msCOMT,-0.8540135045,0.006939826671956891,2.0,661.0,-0.858920703,662.0,-0.849106306,,,,,,,,
346,pcoli__ocAANAT,-0.7136974060000001,0.03252963853832945,2.0,663.0,-0.6906954780000001,664.0,-0.7366993340000001,,,,,,,,
347,pcoli__osTDC_K374H,-0.544964411,0.07797477193964851,2.0,665.0,-0.600100901,666.0,-0.48982792100000005,,,,,,,,
348,pcoli__osTDC_K374L,-0.9198566925,0.09545614226289383,2.0,667.0,-0.987354378,668.0,-0.852359007,,,,,,,,
349,pcoli__osTDC_K374Q,-0.49025581300000004,0.042840458903770876,2.0,669.0,-0.45996303400000005,670.0,-0.520548592,,,,,,,,
350,pcoli__osTDC_L360V,-0.8112792310000001,0.030049550598772137,2.0,671.0,-0.79003099,672.0,-0.8325274720000001,,,,,,,,
351,pcoli__pmTPH,-0.8791030205000001,0.06211076412858413,2.0,673.0,-0.9230219630000001,674.0,-0.835184078,,,,,,,,
352,pcoli__RFC,-0.7972798380000001,0.026329416568115608,2.0,675.0,-0.7786621290000001,676.0,-0.8158975470000001,,,,,,,,
353,pcoli__RFCctrl,-0.5098300745000001,0.014346269573284972,2.0,677.0,-0.49968573,678.0,-0.5199744190000001,,,,,,,,
354,pcoli__RFCnopause,-0.7284869970000001,0.12114589094486503,2.0,679.0,-0.642823916,680.0,-0.814150078,,,,,,,,
355,pcoli__RFCpluspause,-0.8920988900000001,0.12192840500741087,2.0,681.0,-0.8058824880000001,682.0,-0.9783152920000001,,,,,,,,
356,pcoli__rnCOMT_sol,-0.475158605,0.04007719025469747,2.0,683.0,-0.446819752,684.0,-0.503497458,,,,,,,,
357,pcoli__rnPNMT,-0.8954416665,0.01659107338825675,2.0,685.0,-0.883710006,686.0,-0.9071733270000001,,,,,,,,
358,pcoli__rnTDC,-0.8238738130000001,0.06361782434686093,2.0,687.0,-0.778889218,688.0,-0.868858408,,,,,,,,
359,pcoli__rnTDC_trunc,-0.8860431080000001,0.10047616271022074,2.0,689.0,-0.8149957320000001,690.0,-0.9570904840000001,,,,,,,,
360,pcoli__saCOMT_T2A,-0.6916755925,0.011025478339944234,2.0,691.0,-0.699471783,692.0,-0.6838794020000001,,,,,,,,
361,pcoli__sfCOMT,-0.6099123475000001,0.06164966545342667,2.0,693.0,-0.566319451,694.0,-0.6535052440000001,,,,,,,,
362,pcoli__sgAANAT_D63G,-0.7287473040000001,0.032765501076262,2.0,695.0,-0.751916012,696.0,-0.7055785960000001,,,,,,,,
363,pcoli__ssDDC,-0.697005358,0.07784883056506496,2.0,697.0,-0.641957922,698.0,-0.752052794,,,,,,,,
364,pcoli__TP53B,-0.585982788,0.057785891872560356,2.0,699.0,-0.545121992,700.0,-0.6268435840000001,,,,,,,,
365,pcoli__WT,-0.636743772,0.027863890609192317,2.0,701.0,-0.6564465180000001,702.0,-0.617041026,,,,,,,,
366,cck__glu_ale4,-0.4003164755,0.5671672796391927,2.0,703.0,0.000731354,704.0,-0.801364305,,,,,,,,
367,cck__cck_ale1,-0.8981725105,0.049463781752041545,2.0,705.0,-0.933148686,706.0,-0.863196335,,,,,,,,
368,cck__cck_ale2,-0.894100026,0.009746505313434134,2.0,707.0,-0.900991846,708.0,-0.887208206,,,,,,,,
369,cck_pgi__gmos_delpgi,-0.8834796140000001,0.070469370858507,2.0,709.0,-0.8336502440000001,710.0,-0.9333089840000001,,,,,,,,
370,cck_pgi__pgi_ale1,-0.34640853400000005,0.3543151284443748,2.0,711.0,-0.095869904,712.0,-0.596947164,,,,,,,,
371,cck_pgi__pgi_ale2,-0.45870938400000005,,1.0,713.0,-0.45870938400000005,,,,,,,,,,
372,cck_pgi__pgi_ale3,-0.33315840650000006,0.4740998621699795,2.0,714.0,0.002080821,715.0,-0.6683976340000001,,,,,,,,
373,cck_pgi__pgi_ale4,0.129363456,0.4656099976806739,3.0,716.0,0.661048529,717.0,-0.20558702,718.0,-0.06737114100000001,,,,,,
374,cck_pgi__pgi_ale5,-0.38673359100000004,0.1076039291722289,2.0,719.0,-0.46282105900000003,720.0,-0.310646123,,,,,,,,
375,cck_pgi__pgi_ale6,-0.11852708,0.1645131726848911,2.0,721.0,-0.0021987,722.0,-0.23485546000000002,,,,,,,,
376,cck_pgi__pgi_ale7,-0.2163928675,0.27782939257115064,2.0,723.0,-0.019937820000000002,724.0,-0.412847915,,,,,,,,
377,cck_pgi__pgi_ale8,0.32579207600000004,0.24742042737367606,2.0,725.0,0.5007447380000001,726.0,0.150839414,,,,,,,,
378,cck_sdh__gmos_delsdhCB,-0.44488650100000005,0.16733918150444563,2.0,727.0,-0.326559831,728.0,-0.563213171,,,,,,,,
379,cck_sdh__sdh_ale1,-0.6244352310000001,0.06253205481328114,2.0,729.0,-0.5802183910000001,730.0,-0.668652071,,,,,,,,
380,cck_sdh__sdh_ale2,-0.727318467,,1.0,731.0,-0.727318467,,,,,,,,,,
381,cck_sdh__sdh_ale3,-0.7537095523333335,0.1167977477348767,3.0,732.0,-0.6204746670000001,733.0,-0.8384395010000001,734.0,-0.802214489,,,,,,
382,cck_pts__gmos_delptsHIcrr,0.7650171400000001,0.22609265001211035,2.0,735.0,0.6051454940000001,736.0,0.924888786,,,,,,,,
383,cck_pts__pts_ale1,1.017380176,0.08269831594865282,2.0,737.0,0.9589036360000001,738.0,1.075856716,,,,,,,,
384,cck_pts__pts_ale2,0.1603844975,0.1013703423685448,2.0,739.0,0.23206415400000002,740.0,0.088704841,,,,,,,,
385,cck_pts__pts_ale3,0.38975736200000005,0.15807945557024813,2.0,741.0,0.27797830700000004,742.0,0.5015364170000001,,,,,,,,
386,cck_pts__pts_ale4,-0.4363993115,0.024057323381137512,2.0,743.0,-0.45341040800000004,744.0,-0.419388215,,,,,,,,
387,cck_gnd__gmos_delgnd,-0.4042564765000001,0.01562993425328823,2.0,745.0,-0.39320444400000004,746.0,-0.41530850900000005,,,,,,,,
388,cck_gnd__gnd_ale1,-0.7129696640000001,0.10261197591436765,2.0,747.0,-0.785527288,748.0,-0.64041204,,,,,,,,
389,cck_gnd__gnd_ale2,-0.7210662680000001,0.03852659417900979,2.0,749.0,-0.6938238520000001,750.0,-0.7483086840000001,,,,,,,,
390,cck_gnd__gnd_ale3,-0.790810837,0.0948105629640586,2.0,751.0,-0.7237696450000001,752.0,-0.857852029,,,,,,,,
391,cck_tpiA__gmos_deltpiA,-1.112487168,0.13753951537107711,2.0,753.0,-1.015232044,754.0,-1.209742292,,,,,,,,
392,cck_tpiA__tpiA_ale1,0.11723251400000001,0.04267846781126886,2.0,755.0,0.147410748,756.0,0.08705428,,,,,,,,
393,cck_tpiA__tpiA_ale2,-0.297433254,0.3597680163286203,2.0,757.0,-0.043038850000000003,758.0,-0.551827658,,,,,,,,
394,cck_tpiA__tpiA_ale3,-0.44918770350000004,0.002919841182311235,2.0,759.0,-0.447123064,760.0,-0.45125234300000006,,,,,,,,
395,cck_tpiA__tpiA_ale4,-0.6134131595000001,0.06884079292566977,2.0,761.0,-0.662090951,762.0,-0.564735368,,,,,,,,
396,acid_tale__acid_ale1_pH7,-1.0692525195,0.06821512787511301,2.0,763.0,-1.117487899,764.0,-1.02101714,,,,,,,,
397,acid_tale__acid_ale1_pH5,-0.7313668415000001,0.06069776961830178,2.0,765.0,-0.6884470370000001,766.0,-0.7742866460000001,,,,,,,,
398,acid_tale__acid_ale2_pH7,-0.9719689180000001,0.012537271931014293,2.0,767.0,-0.980834108,768.0,-0.9631037280000001,,,,,,,,
399,acid_tale__acid_ale2_pH5,-0.8643942230000001,0.11995921585939635,2.0,769.0,-0.7795702480000001,770.0,-0.9492181980000001,,,,,,,,
400,acid_tale__low_Mg_ale_pH7,-1.0075870315,0.04121068454625972,2.0,771.0,-0.9784466770000001,772.0,-1.036727386,,,,,,,,
401,acid_tale__low_Mg_ale_pH5,-0.735470455,0.028788295546878145,2.0,773.0,-0.715114056,774.0,-0.755826854,,,,,,,,
402,acid_tale__MES_ale_pH7,-0.8441823915,0.028682491866315957,2.0,775.0,-0.864463976,776.0,-0.823900807,,,,,,,,
403,acid_tale__MES_ale_pH5,-0.626124374,0.18226720974692298,2.0,777.0,-0.7550067540000001,778.0,-0.497241994,,,,,,,,
404,acid_tale__gmos_pH7,-0.8437645295,0.0741399671093939,2.0,779.0,-0.896189403,780.0,-0.791339656,,,,,,,,
405,acid_tale__gmos_pH5,-0.5915181865000001,0.048770088786494074,2.0,781.0,-0.5570325260000001,782.0,-0.626003847,,,,,,,,
406,adnB__wt_adn,-1.7094768425,0.062130182695009174,2.0,783.0,-1.665544169,784.0,-1.753409516,,,,,,,,
407,adnB__delydhB_adn,-1.5528767375,0.3493825346794737,2.0,785.0,-1.799927497,786.0,-1.305825978,,,,,,,,
408,ytf2__wt_glc,-0.344135439,0.33077797331757475,2.0,787.0,-0.578030787,788.0,-0.11024009100000001,,,,,,,,
409,ytf2__ybcM_glc,-0.41494077149999997,0.12569459078140557,2.0,789.0,-0.503820269,790.0,-0.326061274,,,,,,,,
410,ytf2__ydhB_glc,-0.46106603500000004,0.03018483143972154,2.0,791.0,-0.43972213600000004,792.0,-0.48240993400000004,,,,,,,,
411,ytf2__yfeC_glc,-0.364382874,0.0740942844757953,2.0,793.0,-0.311990303,794.0,-0.416775445,,,,,,,,
412,ytf2__yciT_glc,-0.454701049,0.035855795297925715,2.0,795.0,-0.429347173,796.0,-0.480054925,,,,,,,,
413,ytf2__ydiZ_glc,-0.241246733,0.12379876184061886,2.0,797.0,-0.153707789,798.0,-0.328785677,,,,,,,,
414,ytf2__ynfL_glc,-0.170335169,0.03770055345144124,2.0,799.0,-0.14367685200000002,800.0,-0.19699348600000002,,,,,,,,
415,misc2__dellon_glc,-1.1992001365,0.1687314203093797,2.0,801.0,-1.079889005,802.0,-1.318511268,,,,,,,,
416,ytf3__wt_glc2,-0.519592844,0.2905085787118288,2.0,803.0,-0.7250134300000001,804.0,-0.31417225800000004,,,,,,,,
417,ytf3__wt_pH7_lactate,-0.8791476790000001,0.020205389596215394,2.0,805.0,-0.864860311,806.0,-0.8934350470000001,,,,,,,,
418,ytf3__wt_pH55_lactate,-0.895360261,0.1753675432046035,2.0,807.0,-1.01936384,808.0,-0.7713566820000001,,,,,,,,
419,ytf3__wt_pH55_HCl,-0.502928844,0.05336869904807803,2.0,809.0,-0.5406662130000001,810.0,-0.465191475,,,,,,,,
420,ytf3__dyieP_pH7,-0.487941685,0.041618115938045624,2.0,811.0,-0.517370137,812.0,-0.458513233,,,,,,,,
421,ytf3__dyieP_pH55,-1.1781229205,0.19045760001624237,2.0,813.0,-1.312796781,814.0,-1.04344906,,,,,,,,
