,condition,X_avg,X_std,n,rep1_idx,rep1_X,rep2_idx,rep2_X,rep3_idx,rep3_X,rep4_idx,rep4_X,rep5_idx,rep5_X,rep6_idx,rep6_X
0,amb__ctrl,-7.401486830834377e-17,0.5224365174371294,3.0,0.0,0.3240520340943633,1.0,0.2786355584859196,2.0,-0.602687592580283,,,,,,
1,amb__amb,-0.0841357089250776,0.02390513324451414,3.0,3.0,-0.08696948552407457,4.0,-0.10649764898355774,5.0,-0.0589399922676005,,,,,,
2,ave1__ctrl_5m,0.0,0.26057002050264827,2.0,6.0,-0.1842508284713403,13.0,0.1842508284713403,,,,,,,,
3,ave1__vdave1_5m,0.1822721580163716,0.00927873039820262,2.0,7.0,0.17571110483100075,14.0,0.1888332112017424,,,,,,,,
4,ave1__ctrl_20m,0.48116255970603766,0.14434056827827682,2.0,8.0,0.37909836507614825,15.0,0.5832267543359271,,,,,,,,
5,ave1__vdave1_20m,0.4674402128025195,0.3638891714362975,2.0,9.0,0.2101317120795594,16.0,0.7247487135254796,,,,,,,,
6,ave1__supernatant_5m,-0.1842508284713403,0.0,2.0,10.0,-0.1842508284713403,17.0,-0.1842508284713403,,,,,,,,
7,ave1__vnave1_20m,0.1547617503772447,0.002195539596111852,2.0,11.0,0.15320926944047045,18.0,0.15631423131401898,,,,,,,,
8,ave1__supernatant_20m,0.4487667128530299,0.36258484273279806,2.0,12.0,0.1923805118012105,19.0,0.7051529139048492,,,,,,,,
9,biofilm_time__8h,-1.3877787807814457e-17,0.4440573450067027,4.0,20.0,-0.6303980614522822,21.0,0.007364755916613896,22.0,0.3146448748945365,23.0,0.3083884306411317,,,,
10,biofilm_time__12h,0.5456342743103123,0.2751381127891026,4.0,24.0,0.391122617774176,25.0,0.29643813062344604,26.0,0.5748029415368725,27.0,0.9201734073067548,,,,
11,biofilm_time__16h,0.8479107344273391,1.0153298012005614,4.0,28.0,-0.330161470244458,29.0,0.3437516736388244,30.0,1.5554181294316962,31.0,1.8226346048832935,,,,
12,biofilm_time__20h,1.7364949303740165,1.3361451425752624,4.0,32.0,2.8711869769827563,33.0,0.8037673829742429,34.0,2.8960581932950653,35.0,0.3749671682440012,,,,
13,biofilm_time__24h,1.2897179776463878,0.6495702948289594,4.0,36.0,2.2165034288864165,37.0,0.7262224672182793,38.0,1.2161851025909522,39.0,0.999960911889904,,,,
14,biofilm_time__28h,2.8054617848598404,0.9649417817626214,4.0,40.0,3.999064647240141,41.0,2.0274618675454885,42.0,2.015851341024285,43.0,3.1794692836294485,,,,
15,biofilm_time__32h,2.9723767895164466,1.0665723989887639,4.0,44.0,1.4251246021952462,45.0,3.3761143058573837,46.0,3.861879173912933,47.0,3.2263890761002214,,,,
16,codY__wt,0.0,0.2195171687246883,2.0,48.0,0.1552220785920986,49.0,-0.1552220785920986,,,,,,,,
17,codY__ctrl,0.7376465404877055,0.29673823585569925,2.0,50.0,0.9474721592986036,51.0,0.5278209216768075,,,,,,,,
18,codY__codYR61K,0.7059360708649561,0.10868193031475676,2.0,52.0,0.7827858007829644,53.0,0.6290863409469478,,,,,,,,
19,codY__codYR61H,0.859448958025734,0.20469442118352282,2.0,54.0,1.0041897713156582,55.0,0.7147081447358097,,,,,,,,
20,codY__codYF71Y,0.7407539008159152,0.32531375860941375,2.0,56.0,0.5107223360899151,57.0,0.9707854655419152,,,,,,,,
21,decay__wt,-1.850371707708594e-17,0.4104293210549076,3.0,58.0,0.03884869371920663,59.0,-0.42847240250689017,60.0,0.3896237087876835,,,,,,
22,decay__delpnpA,0.6705702386645066,0.13088690039119896,3.0,61.0,0.5375600807625722,62.0,0.6749254655223877,63.0,0.7992251697085601,,,,,,
23,ecm_tasA__deltasA,-0.5539836501775358,0.7332608115706342,3.0,64.0,-1.2012687384569705,65.0,-0.7030333194849394,66.0,0.2423511074093025,,,,,,
24,ecm_tasA__delcssRS,-0.7782873561930819,0.4381004845603948,3.0,67.0,-0.348479522125464,68.0,-0.7621480869983632,69.0,-1.2242344594554182,,,,,,
25,ecm_tasA__wt,2.220446049250313e-16,0.388315254307956,2.0,70.0,-0.2745803495593342,71.0,0.27458034955933464,,,,,,,,
26,heatshock__wt_37C,3.700743415417188e-17,0.48151632758633767,3.0,72.0,-0.27800358135117204,73.0,0.5560071627023442,74.0,-0.27800358135117204,,,,,,
27,heatshock__wt_48C,-0.05031863844845563,0.39436188922592363,3.0,75.0,-0.27800358135117204,76.0,-0.27800358135117204,77.0,0.4050512473569772,,,,,,
28,heatshock__wt_53C,0.7483523456463848,1.4514864717819551,2.0,78.0,1.7747082726439416,79.0,-0.27800358135117204,,,,,,,,
29,heatshock__wt_48_53C,0.09028091619251112,0.6378874613856347,3.0,80.0,0.8268499112798775,81.0,-0.27800358135117204,82.0,-0.27800358135117204,,,,,,
30,heatshock__delrelA_37C,0.9429757128005649,1.7267254771661151,2.0,83.0,2.163955006952302,84.0,-0.27800358135117204,,,,,,,,
31,heatshock__delrelA_48C,0.8284099584138342,0.19374007332406076,3.0,85.0,0.6917622772057384,86.0,1.0501312384585404,87.0,0.7433363595772241,,,,,,
32,heatshock__ppGpp_null_37C,-0.06677084453976866,0.3658658323791753,3.0,88.0,-0.27800358135117204,89.0,-0.27800358135117204,90.0,0.3556946290830381,,,,,,
33,heatshock__ppGpp_null_48C,-0.03419022177759009,0.4222971263455037,3.0,91.0,0.4534364973695738,92.0,-0.27800358135117204,93.0,-0.27800358135117204,,,,,,
34,ldar__yfiJKplus,1.0735745501145175,0.18450998294254728,2.0,94.0,0.9431062899792281,95.0,1.2040428102498069,,,,,,,,
35,ldar__yfiJ_A152E,0.8826247459170806,0.582552002930159,2.0,96.0,1.2945512175828016,97.0,0.4706982742513597,,,,,,,,
36,ldar__wt,-2.312964634635743e-17,0.12567240146505723,3.0,98.0,-0.14032757172833682,99.0,0.03815313217487476,100.0,0.10217443955346199,,,,,,
37,mk7__shake,1.6653345369377348e-16,1.791297012627318,4.0,101.0,-1.5513081846899337,102.0,-1.5513081846899337,103.0,1.5494879101571328,104.0,1.5531284592227352,,,,
38,mk7__static,-0.0974986323835636,1.22970864923804,4.0,105.0,-0.676007050026902,106.0,-1.5513081846899337,107.0,1.0262654567472622,108.0,0.8110552484353191,,,,
39,nusA__nusA_induced,-1.262996892893123,0.44497702004329776,6.0,109.0,-1.6519300037241051,110.0,-1.6519300037241051,111.0,-1.6519300037241051,112.0,-0.982340048900498,113.0,-0.6398932506024972,114.0,-0.9999580466834286
40,nusA__no_nusA,-1.1102230246251565e-16,0.54001888231273,6.0,115.0,0.26675927973979685,116.0,0.22067005006489748,117.0,-0.2913152765775495,118.0,0.8397687934746114,119.0,-0.4416415903176911,120.0,-0.5942412563840658
41,pamR__wt_exp,-2.7755575615628914e-17,0.24487512501998407,2.0,121.0,0.17315286144553432,122.0,-0.17315286144553438,,,,,,,,
42,pamR__delydhC_exp,-0.05030136057058391,0.510160252946287,3.0,123.0,-0.3448425199389703,124.0,-0.3448425199389703,125.0,0.5387809581661889,,,,,,
43,pamR__wt_stat,0.7025984168204986,1.1639066632214603,3.0,126.0,0.4970525869993304,127.0,1.955585183401136,128.0,-0.3448425199389703,,,,,,
44,pamR__delydhC_stat,0.4669315849420048,0.35424067153633054,2.0,129.0,0.21644560392658907,130.0,0.7174175659574206,,,,,,,,
45,rho_strains__ncib3610,0.0,0.033004417390494555,2.0,131.0,-0.023337647345929916,132.0,0.023337647345929916,,,,,,,,
46,rho_strains__ncib3610_delrho,0.08631911933826997,0.03126183971905235,2.0,133.0,0.0642136604805611,134.0,0.10842457819597884,,,,,,,,
47,rnase_j1__delrnjA,-0.1676304877888158,0.10633152343356735,3.0,135.0,-0.2290210214665289,136.0,-0.044849420433389575,137.0,-0.2290210214665289,,,,,,
48,rnase_j1__wt,2.7755575615628914e-17,0.20560981146500526,3.0,138.0,0.06031250924339604,139.0,-0.2290210214665289,140.0,0.16870851222313293,,,,,,
49,sigI__delrsgI_37C,0.8670120844780437,0.786797273491121,3.0,141.0,0.0,142.0,1.0654277534563978,143.0,1.5356084999777333,,,,,,
50,sigI__delrsgI_52C,0.0,0.0,3.0,144.0,0.0,145.0,0.0,146.0,0.0,,,,,,
51,sigI__delrsgI_sigI_37C,0.3764111346705044,0.6519632097839646,3.0,147.0,0.0,148.0,0.0,149.0,1.1292334040115133,,,,,,
52,sigI__delrsgI_sigI_52C,0.6162772027409421,1.0674234266937377,3.0,150.0,0.0,151.0,1.8488316082228264,152.0,0.0,,,,,,
53,sigI__wt_37C,0.0,0.0,3.0,153.0,0.0,154.0,0.0,155.0,0.0,,,,,,
54,sigI__wt_52C,1.6546109598425465,0.4496785653892793,3.0,156.0,1.3818818267792108,157.0,1.4083204242855951,158.0,2.173630628462833,,,,,,
55,spbeta__spbeta_nopep_20m,0.36792952429398107,1.2650688283820257,2.0,159.0,1.2624682715106321,161.0,-0.52660922292267,,,,,,,,
56,spbeta__spbeta_pep_20m,-0.05873733821554275,0.6087606610327884,2.0,160.0,-0.4891961297514327,162.0,0.3717214533203472,,,,,,,,
57,spbeta__phi3T_pep_10m,0.0,0.7114239821716849,3.0,163.0,0.2408803883297581,167.0,-0.8005920605135619,171.0,0.5597116721838038,,,,,,
58,spbeta__phi3T_pep_20m,-0.017700949925811987,0.422343473285902,3.0,164.0,-0.4550533421979779,168.0,0.3878339445830241,172.0,0.014116547837517812,,,,,,
59,spbeta__phi3T_nopep_10m,0.534588082839834,0.13903515610807868,3.0,165.0,0.5985067193524809,169.0,0.6301692701641726,173.0,0.3750882590028484,,,,,,
60,spbeta__phi3T_nopep_20m,-0.109572790167495,0.23295666173922788,3.0,166.0,-0.21305982850805494,170.0,-0.2728563179478478,174.0,0.15719777595341775,,,,,,
61,spore_genes__wt_0h,0.0,0.8045744522336914,3.0,175.0,-0.4645212765802174,186.0,0.9290425531604348,197.0,-0.4645212765802174,,,,,,
62,spore_genes__delyphF_0h,0.23165463054206117,0.6708929364119184,3.0,176.0,0.2854609810692005,177.0,0.8740241871372005,178.0,-0.4645212765802174,,,,,,
63,spore_genes__delygaB_0h,-0.0072577982796794656,0.7920035768622005,3.0,179.0,-0.4645212765802174,180.0,-0.4645212765802174,181.0,0.9072691583213964,,,,,,
64,spore_genes__wt_3h,6.147552916374994,0.20289535136598413,3.0,182.0,6.380754974979321,183.0,6.011480793036946,184.0,6.050422981108715,,,,,,
65,spore_genes__delyizD_3h,6.23064321689333,0.06318691985613975,3.0,185.0,6.162231130089857,187.0,6.286813472671153,188.0,6.242885047918977,,,,,,
66,spore_genes__delykzB_3h,-0.4645212765802174,0.0,3.0,189.0,-0.4645212765802174,190.0,-0.4645212765802174,191.0,-0.4645212765802174,,,,,,
67,spore_genes__delyphF_3h,5.92240341310723,0.4951304089704137,3.0,192.0,5.3617161844849175,193.0,6.105914720660353,194.0,6.29957933417642,,,,,,
68,spore_genes__delygaB_3h,4.931824767337904,0.0693033935734857,3.0,195.0,4.939919889954074,196.0,4.858829311912788,198.0,4.9967251001468505,,,,,,
69,spore_genes__delyizD_0h,-0.1153734552319231,0.6047417659272273,3.0,199.0,0.5829221874646655,200.0,-0.4645212765802174,201.0,-0.4645212765802174,,,,,,
70,spore_genes__delykzB_0h,-0.4645212765802174,0.0,3.0,202.0,-0.4645212765802174,203.0,-0.4645212765802174,204.0,-0.4645212765802174,,,,,,
71,swarming__comIQ12L,-3.700743415417188e-17,0.38001000177396554,3.0,205.0,-0.2193988768189492,206.0,0.4387977536378983,207.0,-0.2193988768189492,,,,,,
72,swarming__comIQ12L_delefp,0.5804122346764027,0.012784925972692535,3.0,208.0,0.5920577385397529,209.0,0.5824470276509786,210.0,0.5667319378384766,,,,,,
73,swarming__comIQ12L_delefp_fliYS164A,0.06550215797586623,0.4934630673935689,3.0,211.0,-0.2193988768189492,212.0,-0.2193988768189492,213.0,0.6353042275654971,,,,,,
74,swarming__comIQ12L_delefp_nusGN21S,0.06818737207960734,0.49811399465044903,3.0,214.0,-0.2193988768189492,215.0,0.6433598698767204,216.0,-0.2193988768189492,,,,,,
75,synant49__ctrl,-3.700743415417188e-17,0.52243653114648,3.0,217.0,0.3240520635371605,218.0,0.2786355437793088,219.0,-0.6026876073164694,,,,,,
76,synant49__synant49,0.20541511979121718,0.21859821191085246,3.0,220.0,0.3393050060934202,221.0,0.3237815416723482,222.0,-0.04684118839211682,,,,,,
77,tasA__wt_72h,4.411438004830057,0.20386760288208886,2.0,223.0,4.555594169292228,224.0,4.267281840367886,,,,,,,,
78,tasA__deltasA_72h,2.938741689445217,0.18526945139308054,2.0,225.0,2.8077364040184585,226.0,3.069746974871976,,,,,,,,
79,tasA__wt_24h,-2.7755575615628914e-17,0.23907939246007373,2.0,227.0,0.16905465965047806,228.0,-0.1690546596504781,,,,,,,,
80,tasA__wt_48h,2.51698792426273,0.013873064865357543,2.0,229.0,2.507178186020595,230.0,2.5267976625048654,,,,,,,,
81,tasA__deltasA_24h,0.2508562916601382,0.9665610633810541,2.0,231.0,0.934318174007762,232.0,-0.4326055906874856,,,,,,,,
82,tasA__deltasA_48h,0.2217685601270711,0.30074915549361336,2.0,233.0,0.4344303274127325,234.0,0.009106792841409694,,,,,,,,
83,yacP__wt,-1.850371707708594e-17,0.2518663889939696,3.0,235.0,-0.0650468527800771,239.0,-0.21296253677775007,243.0,0.2780093895578271,,,,,,
84,yacP__delyacP,0.1406342050871123,0.14287728121015064,3.0,236.0,0.04874146959181036,240.0,0.06791839959325667,244.0,0.30524274607626983,,,,,,
85,yacP__yacP_induced,-0.1919069040570928,0.4327754486109474,3.0,237.0,0.3078191394512903,241.0,-0.4417699258112843,245.0,-0.4417699258112843,,,,,,
86,yacP__yacP_no_induce,0.21620189590718053,0.2399632525586976,3.0,238.0,0.30288734891313235,242.0,0.4007771080497048,246.0,-0.055058769241295547,,,,,,
87,yonO__wt,-9.25185853854297e-18,0.1484852516273733,3.0,247.0,-0.08572799999775331,248.0,0.1714559999955066,249.0,-0.08572799999775331,,,,,,
88,yonO__wt_mmc,0.07568310682243223,0.14300731060364605,3.0,250.0,0.12620701295475573,251.0,0.1865703075102943,252.0,-0.08572799999775331,,,,,,
89,yonO__delyonO,0.2317245813901225,0.15331877672545605,3.0,253.0,0.14119581666336994,254.0,0.4087465227942477,255.0,0.14523140471274976,,,,,,
90,yonO__delyonO_mmc,0.09384423201018093,0.15551442363351795,3.0,256.0,-0.08572799999775331,257.0,0.1833203853845252,258.0,0.18394031064377087,,,,,,
91,yydF__ctrl,-1.850371707708594e-17,0.607940326163615,3.0,259.0,0.4306004791643249,260.0,-0.6954344506976723,261.0,0.2648339715333473,,,,,,
92,yydF__yydF,1.0230888819003514,0.17051565022343548,3.0,262.0,1.2051799235539329,263.0,0.8671763711383383,264.0,0.996910351008783,,,,,,
