locus,57
b0002,0.029294635697400002
b0003,0.00655539257681
b0004,0.00397987547793
b0005,-0.00010641400825200001
b0006,0.0143177388757
b0007,-0.0150110367075
b0008,-0.00350551931453
b0009,-0.0014463843152099998
b0010,-0.0114804382384
b0011,0.0017937115757100004
b0014,0.00585643563449
b0015,0.00989525121427
b0016,-0.0007805153495589999
b0018,0.05459267156190002
b0019,-0.000999957097349
b0020,-0.00454217554824
b0021,0.0032420307169099996
b0022,0.00305078088369
b0023,-0.00113613331676
b0025,-0.0029623558205100005
b0026,-0.00396809880678
b0027,0.0005551609578650001
b0028,-0.0031183292833699998
b0029,-0.0012200441298499999
b0030,-0.000521634617401
b0031,0.006004510453830001
b0032,0.010840239942100002
b0033,0.00307758219536
b0034,-0.0005855177132690001
b0036,0.0149446621274
b0037,0.00873835530528
b0038,-0.000481494936385
b0039,0.0159475906398
b0040,-0.00109323592097
b0041,0.0232418321733
b0042,0.00407878475683
b0043,0.006210415925180001
b0045,0.00222185839254
b0046,-0.00996028456267
b0047,-0.011820223477499999
b0048,0.00378339980637
b0049,-0.00448278891315
b0050,-0.0017574692642500001
b0051,-0.014863460975
b0052,0.007145907922050001
b0053,6.82240152751e-05
b0054,-0.000751407225573
b0055,-0.00632877110907
b0058,-0.0059301186967
b0059,-0.0145880569321
b0060,-0.0120721267711
b0061,0.00214807393445
b0062,0.00460672827677
b0063,0.0016204444464500002
b0064,0.00678762261471
b0065,0.002298630897
b0066,0.014986041906399999
b0067,0.000217208556752
b0068,0.0183417898405
b0069,0.0058762355793200004
b0070,0.007276086748959998
b0071,0.013386083208099999
b0072,0.006344552145270001
b0073,0.0121710600284
b0074,0.012346037489200002
b0076,0.00219263901666
b0077,0.009431741006219999
b0078,0.01022179256
b0080,-0.0373055695375
b0081,-0.00425983936463
b0082,-0.00377609763076
b0083,-0.00159486073749
b0084,0.00813041401832
b0085,-0.00922484281809
b0086,0.00163246358841
b0087,-0.0035258154876899998
b0088,-0.0113707412644
b0089,-0.00607389882617
b0090,-0.013944106294499999
b0091,-0.0125677809507
b0092,-0.00626225957007
b0093,-0.013700349863899999
b0094,-0.00849207856321
b0095,-0.00432046660724
b0096,0.00248776007981
b0097,-0.0075097526932900015
b0098,-0.0110569189074
b0099,0.012070134209499999
b0101,0.00258278700694
b0102,0.0025669418052399998
b0103,0.0012812190625
b0104,-0.00194016674001
b0106,0.0047138429576
b0107,-0.00940011495495
b0109,-0.0039051189504499995
b0110,0.00787844166295
b0111,-0.0040364440196
b0112,-0.010324272841499999
b0113,0.021589097308
b0114,0.00235910873361
b0115,-0.0056608369408
b0116,0.0050815619472
b0117,0.003343607362760001
b0118,-0.0145887642362
b0119,-0.00956908656568
b0120,0.00495218489642
b0121,0.0017870528242199999
b0122,-0.0086096964687
b0123,0.009425376101360001
b0124,-0.00136171476795
b0125,-0.00141234321878
b0126,0.00754231099992
b0127,-0.00836976406491
b0128,-0.006281626068919999
b0129,-0.0046226345994500005
b0130,0.000774803879214
b0131,0.00528276174401
b0132,-0.00884965035073
b0133,0.00091821991683
b0134,-0.00174280631725
b0135,-0.00189491492425
b0137,-0.0141850448936
b0139,-0.00115330298299
b0142,-0.0214397962922
b0143,0.0029845005016
b0144,-0.0157762137027
b0145,-0.00357277399701
b0146,-0.00209576284378
b0147,0.00514713221533
b0148,-0.0113438975282
b0149,-0.0021427411128
b0150,0.014661701976900001
b0151,0.00542433849037
b0152,3.34877359556e-05
b0153,0.0010883975400099999
b0154,-0.00235503024226
b0155,-0.00233816017411
b0156,0.00374153512964
b0157,0.000577103287354
b0158,0.00668417674217
b0159,-0.0017467624518399999
b0160,-0.00349706485173
b0161,0.00442794322899
b0162,0.000936922399839
b0163,-0.00964732935944
b0164,0.015267133264299999
b0166,0.00347723455725
b0167,-0.00176652642735
b0168,-0.0052032503618
b0169,-0.00300345373929
b0170,-0.00514942370713
b0171,0.0103786633547
b0172,0.0038288187036200003
b0173,0.0036501552169199997
b0174,0.0140069941652
b0175,0.0038050033509
b0176,0.00206033694556
b0177,-0.0008368312500039999
b0178,-0.00485575286142
b0179,-0.006181111117819999
b0180,0.00128454443297
b0181,-0.00365799272908
b0182,-0.0044204137928
b0183,-0.00501428732216
b0184,0.00047327115864
b0185,-0.00221070271747
b0186,-0.00206534783965
b0187,-0.00493554254835
b0188,0.00188108586112
b0189,-0.000427317079102
b0190,-0.00581130312119
b0191,-0.00862035311618
b0192,-0.004764666268729999
b0193,0.004801323792689999
b0194,-0.00673202624954
b0195,-0.000445134835445
b0196,-0.00351751011284
b0197,-0.00463143729569
b0198,-0.00261526855937
b0199,0.0157311456727
b0200,-0.00769755524523
b0207,0.0259068817122
b0208,0.11198761796399999
b0209,-0.00564180487419
b0210,0.0036375801217100002
b0211,0.00924640622506
b0212,0.00356114258766
b0213,-0.0008172172546649999
b0214,-0.0133264135996
b0215,-0.0042715131201999995
b0217,0.01624493496
b0219,-0.00494215185704
b0220,-0.011959444287299998
b0221,-0.013236001548799996
b0222,-0.00944783223034
b0223,0.00725517154568
b0224,-0.0029676850943099998
b0225,0.0007328174327969999
b0226,0.00241024097277
b0227,0.0021043296940199997
b0228,0.00957837461758
b0229,0.009505026056290002
b0230,-0.0076048197598999985
b0231,-0.00884622896399
b0232,-0.0143992392762
b0233,-0.00174377929738
b0234,0.0028624447781999997
b0237,0.000438660488188
b0238,0.0074199704643
b0239,-0.00873767912509
b0240_2,0.0100827054976
b0241,-0.0009737722773519999
b0242,-0.00627128882339
b0243,-0.00849569439425
b0250,-0.00726397635088
b0251,0.013601438392399998
b0252,-0.0143206357699
b0253,-0.00905957962344
b0254,0.00379064020794
b0258,0.0019860062575
b0259,0.0038403987295700004
b0260,-0.0183828704355
b0261,-0.006958073061949999
b0262,-0.0144426369557
b0264,0.00101401620603
b0265,0.00929840905309
b0266,-0.0121193158324
b0267,-0.00390264187179
b0268,-0.008001435987550001
b0269,0.00804556200745
b0270,-0.026016281119800002
b0271,0.006982842172729999
b0272,-0.00393582341367
b0273,-0.00628880320446
b0274,-0.0191718879826
b0275,0.00830223879771
b0276,0.00500648413754
b0277,-0.00460012341194
b0278,0.007474340677180002
b0280,-0.00898223584454
b0281,-0.0078033128901099985
b0283,-0.00364586095623
b0284,-0.0150045518015
b0285,-0.020056820021400003
b0286,-0.022889761718099998
b0287,-0.0045917538673000005
b0288,0.0148618733972
b0289,-0.00835568005189
b0290,-0.00897444887246
b0291,-0.014057666186799999
b0292,-0.023301314785000003
b0293,-0.006033507481859999
b0294,0.012169923222199999
b0295,-0.00948643169731
b0296,0.020188589162400003
b0300,-0.017439694576
b0304,0.0012406219574000001
b0305,0.0274326081483
b0306,0.00265422090354
b0307,-0.015043787456499999
b0308,-0.00528663987709
b0311,-0.0295571723748
b0312,-0.021136724944400002
b0313,-0.00901437505574
b0314,-0.01305804867
b0315,0.0205632881995
b0316,-0.0220801331649
b0318,0.019851833821
b0320,0.0134159501329
b0321,0.0319923689812
b0323,0.012085336625600001
b0324,-0.00945710803523
b0325,-0.00248928360629
b0328,-0.0236326646083
b0329,0.00433367774419
b0330,-0.00144175436946
b0331,0.0026290293657899996
b0333,-0.005877771112679999
b0334,-0.0134084041567
b0335,-0.00904241453295
b0336,-0.00475905819092
b0337,-0.0135721552978
b0338,0.0103402113808
b0339,0.0045096794506699995
b0340,-0.0188146416761
b0341,-0.0013413345529400002
b0342,0.0015009595611900001
b0343,-0.008862298796959999
b0344,0.0142547698391
b0345,0.0014145799686800002
b0346,0.00027834270897799995
b0347,-0.00760169332042
b0348,-0.0123088416252
b0349,-0.00359527049175
b0350,0.0208670757232
b0351,-0.004940195271399999
b0352,0.0198353114252
b0353,-0.00229751258306
b0354,-0.016188023474299998
b0355,-0.00768503473841
b0356,-0.01261307105
b0357,0.00807495978078
b0358,-0.00570978365513
b0363,-0.015648315673400002
b0365,-0.00315219362057
b0366,-0.0150762074337
b0367,-0.0302616734383
b0368,0.015051373538600001
b0369,0.0052198942084499995
b0372,-0.00989710177988
b0373,0.0146160103817
b0376,0.004349501579390001
b0377,-9.88174930573e-05
b0378,0.00636928629064
b0379,0.0207919213254
b0380,0.011560147837900001
b0381,-0.00611797878426
b0382,0.006193510779779999
b0383,0.00600569829576
b0384,-0.009888772666290001
b0385,-0.0146981082564
b0386,0.000334533592754
b0387,0.00813288562077
b0388,0.00415526562243
b0389,0.027555104399700003
b0390,0.00784426387448
b0391,0.00259125882046
b0392,-0.00798544084981
b0393,0.0116019725771
b0394,-0.0136009406852
b0396,-0.020529531778799997
b0397,0.00669711185723
b0398,0.00214244351897
b0399,-0.006398724709279999
b0400,-0.00785375156361
b0401,0.012461630025899999
b0402,0.007804331361380002
b0403,-0.00737687029533
b0404,-0.00111184402228
b0405,0.00097788590128
b0406,-0.0038653225556600002
b0407,0.0077491774670100004
b0408,-0.00181676326375
b0409,-0.00482762375878
b0410,-0.0140346492631
b0411,0.00822905965171
b0412,0.00115756386779
b0413,0.00022744230017700005
b0414,-0.0026563691816200003
b0415,0.00373104514814
b0416,0.000298880782105
b0417,0.00809758784698
b0418,-0.0011328077585999999
b0419,-0.0038619037487
b0420,0.0013699841959500002
b0421,0.0010974619348599998
b0422,-0.0029745660714699997
b0423,-0.0024867254213800003
b0424,0.000332745260817
b0425,-0.0074222834912299985
b0426,-0.00134624777502
b0427,-0.00180883517871
b0428,-0.0025150912052399996
b0429,-0.010310473071200001
b0430,-0.00967948163086
b0431,0.0009707724852150001
b0432,0.013105271784600001
b0433,0.00809111060897
b0434,0.0017821308756400004
b0435,-0.00358273496782
b0436,0.0011607537549600002
b0437,0.0007697614808
b0438,-0.0056490796649200006
b0439,-0.0016227224749
b0440,-0.0099099505645
b0441,0.00205504662642
b0442,0.00179045643523
b0443,-0.00413938919747
b0444,0.0068279003398800005
b0445,0.00965037935782
b0446,-0.0207546969502
b0447,-0.08923984485770001
b0448,0.0236223585565
b0449,0.015120912652499999
b0450,-0.0006640131899459999
b0451,0.017946126378
b0452,-0.0136507823842
b0453,0.00866881488377
b0454,-0.0128522049254
b0456,-0.00352407163261
b0457,0.00018872493325200002
b0458,-0.00439330035344
b0459,0.00567833702537
b0460,0.006455471358369999
b0461,0.00575215274079
b0462,0.0011198927161
b0463,0.00184022252064
b0464,0.00438355755089
b0465,-0.0024285209775900003
b0467,0.0014151584473699995
b0468,-0.000505296480531
b0469,0.0174702314728
b0470,-0.0048055383869
b0471,0.00202141313433
b0472,-0.006602281198100001
b0473,-0.005466415432310001
b0474,0.0038965799415100004
b0475,0.00818341084212
b0476,-0.005199087464270001
b0477,0.0033048595464299996
b0478,0.0104441668309
b0479,0.00494422561228
b0480,-0.00414687102991
b0481,-0.00504697092879
b0482,0.00884266571918
b0483,-0.0223551866025
b0484,0.0178669269368
b0485,0.00682477882399
b0486,0.0109040605929
b0487,-0.00865670600447
b0488,0.014774372380899996
b0489,0.0163860409127
b0490,0.0192729139881
b0491,0.0023846166041500004
b0492,0.00414885125738
b0493,0.008723302414870002
b0494,0.00036460296306
b0495,0.0038057788481399998
b0496,0.0043046722645600005
b0497,-0.0102167569439
b0498,0.0031578528099299994
b0499,-0.004622296666880001
b0502_1,-0.0139787039156
b0503,0.0015245121953
b0504,0.005590041574029999
b0505,-0.00405038723984
b0506,-0.0009068790792939999
b0507,-0.009971010510030002
b0508,-0.008577761754590001
b0509,0.0174532529708
b0511,0.0034689038936799995
b0512,0.019690915306400002
b0513,-0.0124481467041
b0514,0.0059372706683799995
b0515,0.014005085490899998
b0516,0.00697659621609
b0517,0.006315859476169999
b0518,-0.0127229086014
b0520,0.0549902584901
b0521,0.00318236241347
b0522,0.00236073028095
b0523,0.014924729625600004
b0524,0.0154371286778
b0525,0.004473877228020001
b0526,-0.00261542021718
b0527,0.0175827228889
b0528,-0.00202889812089
b0529,0.005002476789609999
b0532,0.0008464207253810001
b0533,0.0054506949634399995
b0537,-0.0007144043326980001
b0543,0.00868435762657
b0544,-0.0133297760001
b0545,-0.001211325822
b0546,0.00023803806212299998
b0552,0.0035431354094799996
b0553_1,-0.014900343770200001
b0555,-0.0102919941245
b0557,-0.0136996719368
b0559,0.0176689976256
b0562_2,0.00699404441663
b0564,-0.009380274556780002
b0565,-0.0142278955205
b0566,-0.00238598972702
b0567,0.014478955634000003
b0568,0.0030152334831899997
b0569,-0.00203974371434
b0570,-0.0007645885286939997
b0571,-0.00160019909475
b0572,0.007208152283739998
b0573,-0.016183723682899998
b0574,-0.00455382192488
b0575,-0.00338124587895
b0576,0.00157193003172
b0577,0.0178376924772
b0578,0.007856421030369999
b0579,-0.006494401784229999
b0580,0.0456416895818
b0581,-0.0128367846253
b0582,0.0017642193909100001
b0583,-0.0219282105804
b0584,0.0210343671617
b0585,0.0110163118183
b0586,-0.00412186800292
b0587,-0.005276066243249999
b0588,0.009887215900209998
b0589,0.0047155559120000004
b0590,0.0212790087293
b0591,0.008389793520010002
b0592,-0.0076442272395000005
b0593,0.009338824154729999
b0594,0.0173923595234
b0595,-0.00125763859671
b0596,-0.00580756603413
b0597,-0.0112215721349
b0598,0.011461636790400001
b0599,0.0057989907876499994
b0600,-0.00913818346537
b0601,0.00415553164127
b0602,0.023075279164999997
b0603,0.00122052897154
b0604,0.0086749619317
b0605,0.0071200060577600015
b0606,0.0024107550656300002
b0607,-0.00587997769612
b0608,-0.00637749885613
b0610,0.010101418639100001
b0611,0.00243416952976
b0612,0.005250417593149999
b0615,-0.012309813027600001
b0618,-0.0319417121485
b0619,0.00041555925846300016
b0620,-0.00443401097912
b0621,0.0141670212296
b0622,0.011210653833700002
b0623,-0.00804735273779
b0624,0.0159732587507
b0627,-0.017180629264599998
b0628,0.0010164004291599998
b0629,0.014626117030400001
b0630,0.00821640483281
b0631,-0.0117273891628
b0632,0.00250347651083
b0633,0.00502006705761
b0634,-0.00208137200949
b0635,0.00017068401958399994
b0636,-0.00744336841808
b0637,0.008418172745509999
b0638,-0.0100236220404
b0639,0.0026934908522300003
b0640,0.00427566029573
b0641,-0.00309499591891
b0642,-0.0039306920428
b0643,-0.00342409280172
b0644,-0.025152967882799998
b0646,-0.012545294417099999
b0649,-0.0214908465623
b0650,-0.0054363996287599995
b0651,0.0007953231391060001
b0652,0.00355536344714
b0653,-0.00492107016435
b0654,0.00511808521364
b0655,-0.007790376268119998
b0656,0.0023920865780200002
b0657,0.00170131200579
b0658,-0.006884184251699999
b0659,-0.00439560815705
b0660,0.003912522661
b0661,-0.004618792339029999
b0662,0.00689424360945
b0674,-0.00836549263219
b0675,-0.00177270402249
b0676,-0.0103415792282
b0677,-0.022474345947599998
b0678,-0.027843699645700003
b0679,-0.0275077071847
b0680,-0.000967093044258
b0681,-0.0135551038475
b0682,-0.0204350158437
b0683,0.00322557043031
b0684,0.0089941611073
b0685,0.009823164981110001
b0686,-0.011064204312799999
b0687,-0.00140561101596
b0688,-0.0049896433385600006
b0689,0.0033912154893499997
b0692,0.0017367434908699998
b0693,0.00174369621189
b0694,0.008374509873640001
b0695,-0.0074360687683
b0696,-0.010310753222700001
b0697,0.00210859237844
b0698,0.00922240474767
b0699,-0.008098547573479999
b0700,-0.0031765773416399996
b0703,0.015493511051700003
b0704,-0.00519983110871
b0705,-0.00094855101553
b0707,0.0055787710173
b0708,0.0033237601654499994
b0709,0.00416487301657
b0710,-0.00691224679196
b0711,-0.00325171622563
b0712,-0.00426469029052
b0713,-0.00545751590794
b0714,-0.0065547292261899995
b0715,-0.000218350316627
b0716,-0.0375995410285
b0718,-0.00827717241379
b0720,-0.0202923819566
b0721,0.005171757150189999
b0722,-0.00018900167456999999
b0723,-0.009609005044370001
b0724,-0.00996512744727
b0726,-0.015584456983199999
b0727,-0.00336185426783
b0728,-0.0038959659113299997
b0729,0.00286316776258
b0730,0.00459242469719
b0731,0.0021357143476500003
b0732,-0.00424217909222
b0733,0.000288328700912
b0734,0.00671946178068
b0735,-0.0015277268624199999
b0736,-0.00207556976014
b0737,0.00308591442409
b0738,4.49683805019e-06
b0739,0.0009251777927919999
b0740,0.00722588322669
b0741,-0.0088157190445
b0742,-0.010478333191899999
b0750,0.00456004741685
b0751,0.0076898832806000005
b0752,-0.017923123204900002
b0753,-0.0024873414989699996
b0754,-0.0146142281576
b0755,-0.0134728342804
b0756,-0.005772601007859999
b0757,-0.00408150888058
b0758,0.00118650439258
b0759,0.0025879925312100004
b0760,0.0049298573874899995
b0761,-0.006470036257310001
b0762,-0.0101683929384
b0763,-0.0007519193461090001
b0764,-0.00334860038296
b0765,-0.0008691814115010001
b0766,-0.00419306916528
b0767,-0.00759096809709
b0768,-0.00204059738798
b0770,0.031642367821
b0771,0.00125846410808
b0772,0.0001821308955830001
b0773,-0.00112644544608
b0774,-0.00474815524886
b0775,0.00891890903326
b0776,0.0013861572859800002
b0777,-0.0117448802134
b0778,-0.0177368617896
b0779,-0.020887638894400002
b0780,-0.004317213339229999
b0781,-0.0021256495129
b0782,0.0120220959794
b0783,0.00944488059772
b0784,0.0331808784596
b0785,0.0147021279415
b0786,0.0073938923853800005
b0787,-0.00964126166548
b0788,0.00272889741012
b0789,-0.00811386657101
b0790,0.012964641172899999
b0791,0.018206688619
b0792,-0.011757676424799999
b0793,-0.0112513882618
b0794,-0.013476432784
b0795,-0.0014249058967000002
b0796,-0.00372172136497
b0797,-0.00756543548573
b0798,-0.00886394462393
b0799,-0.004495002097310001
b0800,-0.00981090189498
b0801,0.000476241697606
b0802,-0.0266877971057
b0803,-0.0312846778812
b0804,0.0123652081092
b0805,0.0009717888873089998
b0806,-0.037206159644900004
b0807,0.00394279474476
b0808,0.00035792856078699993
b0809,0.00215363636493
b0810,0.008349464619189999
b0811,0.014595370456499999
b0812,0.011105697375700002
b0813,0.0224936581534
b0814,0.00517984363283
b0815,-0.00203615891025
b0817,-0.020859134339700002
b0818,0.00334545475715
b0819,0.004157947746050001
b0820,0.00573074838445
b0821,-2.34419739163e-05
b0822,0.00687662584387
b0823,-0.00110002011776
b0824,0.0005283287186180001
b0825,-0.00321667840482
b0826,0.0045336474059899995
b0827,0.0018124097962200002
b0828,-0.0007738835188089999
b0829,0.00303459361769
b0830,0.00388912056193
b0831,0.0080801980718
b0832,0.0021971647030900004
b0833,0.008859211918290002
b0834,0.0077066056368
b0835,0.0018194736818299998
b0836,0.03147101203
b0837,0.0017443153468699995
b0838,-0.00789723504979
b0839,-0.0055870764504799995
b0840,-0.0070111938295
b0841,-0.00651474579416
b0842,-0.00476407793261
b0843,-0.00387061202139
b0844,0.00433776673132
b0845,0.006901969605170001
b0846,-0.0011244317564800001
b0847,-0.0016634757651899999
b0848,0.00197810639607
b0849,-0.0100568235565
b0850,0.006793396128539999
b0851,0.00645127699777
b0852,0.00474511276376
b0853,-0.00407684727802
b0854,-0.010454469639
b0855,-0.009673052233479999
b0856,-0.0130986026596
b0857,0.00559685179058
b0858,-0.0240421523533
b0859,-0.004991808829520001
b0860,-0.0071722258559799995
b0861,0.0056655353811600005
b0862,-0.00261573548557
b0863,-0.00495665394349
b0864,0.0041703528504699995
b0865,-0.00342931919663
b0866,0.0013219886918699995
b0867,0.00424437998321
b0868,-0.000649981634455
b0869,0.00330601594847
b0870,-0.00407373739875
b0871,-0.00164459310624
b0872,0.00710336035299
b0873,0.0118952463178
b0874,-0.00155084308908
b0875,0.0006571733191950001
b0876,-0.00434450320239
b0877,-0.00867702298861
b0878,0.00359653112885
b0879,0.00048650864978900003
b0880,0.00420525082901
b0881,0.0180431810365
b0882,-0.00528915369003
b0884,0.014403813795100001
b0885,-0.00021850929207099999
b0886,-0.00229960147415
b0887,0.00188931561649
b0888,0.009106357570549999
b0889,-0.00332556827757
b0890,-0.000649347192482
b0891,-0.019156255983099998
b0892,-0.008906448104600001
b0893,-0.00505223037505
b0894,-0.023243884777599998
b0895,-0.0017451148564600002
b0896,0.025450390604699998
b0897,0.00530738841165
b0898,-0.00861785734428
b0899,-0.012107748294600002
b0900,-0.0013313869576699999
b0901,0.007928244371360001
b0902,0.011088371550100002
b0903,-0.00127266215875
b0904,0.0194201765985
b0905,0.00875136166499
b0906,0.000383949586812
b0907,0.00105330410059
b0908,0.00014088912539300002
b0909,0.0118198952201
b0910,0.0189246683325
b0911,0.0080138519872
b0912,-0.0184832156117
b0913,-0.00305272437311
b0914,0.010178183116
b0915,0.00109914775018
b0916,0.010780959965700002
b0917,0.004260208231900001
b0918,0.0027456290364899997
b0919,0.007219083768619999
b0920,0.00845048868184
b0921,0.000608820627987
b0922,-0.004790572846710001
b0923,-0.0068266902214
b0924,-0.00587301287091
b0925,-0.007453201680760002
b0926,-0.00885320670103
b0927,-0.00020454214047099998
b0928,-0.0037907444111799997
b0929,-0.0016643181696099998
b0930,-0.007687966835989999
b0931,-0.000785001915415
b0932,-0.00351943417632
b0933,0.0007411162241310001
b0934,0.015941611869299998
b0935,-0.007264286391680002
b0936,0.0275553586412
b0937,-0.0553136854097
b0940,-0.00171855106531
b0941,0.00174674034636
b0942,0.0118412700196
b0943,-0.00924108119184
b0944,-0.00361124260318
b0945,0.00854832039521
b0946,0.00666304929365
b0947,0.011400475284799998
b0948,-0.00142856098003
b0949,0.000677182225379
b0950,0.009474452692059999
b0951,-0.0033757905276699997
b0952,0.008730917774670001
b0953,0.014843430904399999
b0954,0.0036897636794000002
b0955,-0.004414592485949999
b0956,0.0019477269222200001
b0957,-0.0027764611891
b0958,-0.00786943659113
b0959,-0.00768822403484
b0960,-0.00211662478151
b0961,0.006627422314439999
b0962,-0.0062494580698800005
b0963,-0.00663812181538
b0964,-0.00410941942828
b0965,-0.00816790892808
b0966,0.017161995421799997
b0967,0.0074953554126000015
b0968,-0.00431788339383
b0969,0.0145027346968
b0970,0.0152510716728
b0972,0.023825132319400002
b0973,0.0197597058365
b0974,0.0032957202306700003
b0975,0.0128371932946
b0976,0.0233265383012
b0977,0.0122897333792
b0978,-0.013404753450499999
b0979,-0.00459671787838
b0980,0.00195471842253
b0981,-0.0168993052861
b0982,-0.031984300242
b0983,-6.55028053144e-05
b0984,-0.0011196414429900001
b0985,-0.0006673982738480001
b0986,0.0316114317673
b0987,-0.015245094255299999
b0990,0.0405417655505
b0991,0.017191094472499998
b0992,0.00816285957575
b0993,-0.0005109315149190001
b0994,0.00505613627864
b0995,0.010931124029700002
b0996,-0.00373015129809
b0997,-0.00565969693078
b0998,0.00320142701438
b0999,-0.0116495584903
b1000,-0.0168036968563
b1001,-0.0250906707567
b1002,-0.0062713158178699996
b1003,0.0014571991273900002
b1004,0.012108802092
b1006,0.004589921449
b1007,0.0114444808504
b1008,0.017803860432900002
b1009,-0.042511255385999994
b1010,-0.0105370943863
b1011,-0.00515078651843
b1012,-0.0101390338541
b1013,-0.00758856478676
b1014,0.00292662744627
b1015,0.0149289128911
b1018,-0.008992481343040001
b1019,-0.017667975337
b1020,-0.0147363259471
b1021,0.00111331314959
b1022,0.017471071480400002
b1023,0.0406677965846
b1024,0.00748152890688
b1025,-0.00176379517941
b1026,-0.00800100917689
b1027,0.007288489242659998
b1033,-0.005113943320310001
b1034,0.0006670513187259999
b1035,0.00225168819196
b1036,0.0036605741323299996
b1037,-0.013405236699299999
b1038,-0.00870170474165
b1039,-0.005687414341569999
b1040,0.00390895889285
b1042,-0.00396464119237
b1044,-0.00598369195061
b1045,0.00464431903217
b1046,-0.00143313355145
b1047,0.027318202891700002
b1048,-0.0072871324613
b1049,-1.41417652252e-05
b1050,0.005440033379689999
b1051,-0.000979909759214
b1053,0.0111771683149
b1054,0.00591200892062
b1055,-0.00033736532319199997
b1056,0.000667323814935
b1057,0.00763410009133
b1059,0.00321014650953
b1060,-0.018991359702999998
b1061,0.000845187682491
b1062,0.00863920648041
b1063,-0.015055766510299997
b1064,0.00263445150875
b1065,0.00135522475318
b1066,0.0034746045140300005
b1067,-0.000787536360483
b1068,0.0045014124900900005
b1069,0.007564184388829998
b1070,-0.00295788649392
b1071,0.015409819277299999
b1072,-0.0123071336559
b1073,0.00447352280671
b1074,0.0114621912164
b1075,0.00122510190158
b1076,0.00197434213279
b1077,-0.0077687420017
b1078,0.0019952692203399998
b1079,-0.00702418942758
b1080,0.0211612367805
b1081,-0.0170682662382
b1082,-0.0052744347041800005
b1083,-0.0034061186327800004
b1084,-0.00490918569064
b1086,-0.0009381482352730001
b1087,-0.00356382173902
b1088,0.000524737700247
b1089,-0.0120838202245
b1090,-0.00185657919607
b1091,-0.0032983393228000002
b1092,0.00016398270596399998
b1093,-0.009127337230889999
b1094,-0.010553323945899999
b1095,-0.0053199971615699995
b1096,0.0101293110624
b1097,0.0023009805474499996
b1098,0.000258782697618
b1099,-0.0076063717363600005
b1100,0.00396514985859
b1101,0.00627577285035
b1102,0.010930909389200001
b1103,-0.009864712516729999
b1104,-0.009151023714
b1105,-0.004577664988029999
b1106,0.00635097265792
b1107,0.00034821937010800005
b1108,0.0143781158217
b1109,0.00035899078833599994
b1110,-0.014130424039700001
b1111,0.00123277960486
b1112,-0.0190873659717
b1113,0.010549468429799999
b1114,-0.00204755852715
b1115,-0.00268421055719
b1116,0.0049429988861899995
b1117,-0.00109434903033
b1118,0.0014938824720199999
b1119,-0.00535104870968
b1120,-0.00797994994323
b1123,-0.0082052877278
b1124,0.0191833087005
b1125,0.017617739400799998
b1126,0.000225570623582
b1127,-0.00552192774542
b1128,-0.00694219775446
b1129,-0.00730471935069
b1130,-0.0122903095386
b1131,-0.0164555967024
b1132,-0.00208803710185
b1133,0.0027518995785300003
b1134,-0.013491939052799998
b1135,-0.00798683244768
b1136,-0.0008982791594900002
b1137,0.00789211834557
b1138,0.017586522104200003
b1139,-0.0105467853294
b1140,0.007146765084609998
b1141,0.016638640049299998
b1143,0.0036121384953499997
b1144,-0.00413405065723
b1145,0.026506979463
b1147,0.012222815500000001
b1155,-0.0140932423089
b1159,0.0110159373373
b1161,0.045317697641
b1162,-0.0148478256675
b1163,-0.0148478998868
b1164,0.036326615678199996
b1165,-0.031527752137899996
b1166,-0.0159693119211
b1167,0.00982043994196
b1168,0.0182708124784
b1171,0.00823884166123
b1172,0.0447016872167
b1174,0.000422576436878
b1175,0.0014015547827699998
b1176,0.0008947731584289998
b1177,-0.0116405218888
b1178,-0.014902755586600001
b1179,-0.0016577719690399999
b1180,0.00187505684656
b1181,-0.0070828184116700004
b1182,0.00917046560725
b1183,0.010238633743
b1184,-0.0081662899401
b1185,-0.00504318468615
b1186,-0.0027233109264200002
b1187,-0.0147381669772
b1188,-0.00715355400027
b1189,0.00447501443987
b1190,-0.00999032244222
b1191,0.0201070743776
b1192,-0.00688477045102
b1193,0.00890539673152
b1194,-0.018019342944900003
b1195,0.000584637512961
b1196,-0.00399894421371
b1197,0.004546372757399999
b1198,0.0163485900426
b1199,0.0204083239747
b1200,0.0157691177888
b1201,-0.00401460533402
b1202,0.0329060994723
b1203,0.00760525089087
b1204,0.00215759051589
b1205,-0.00032826634532999997
b1206,-0.006216930494350001
b1207,-0.00118512673396
b1208,0.000495557820227
b1209,-0.00526482414573
b1210,-0.012896381466099999
b1211,-0.013478563263000001
b1212,0.00114462314274
b1213,-0.0062608737322499995
b1214,-0.00864001602027
b1215,-0.0049527650045
b1216,0.000474448185695
b1217,-0.027227815509200004
b1218,0.00995841616069
b1219,0.00479412150378
b1220,-0.005288490876560001
b1221,-0.0073287156199
b1222,-0.0100048615839
b1223,-0.00364973607363
b1224,-0.0322089935105
b1225,0.0110376719225
b1226,-0.000457123340851
b1227,-0.00258958706707
b1232,0.005014231968989999
b1233,0.00893026255408
b1234,-0.00329091579825
b1235,-0.00295852808603
b1236,-0.0060434564719699995
b1237,-0.0082087588277
b1238,0.0283882258984
b1241,0.00699308053611
b1242,-0.010477444748299999
b1243,0.00887752222505
b1244,0.0317301611571
b1245,0.025059463725799997
b1246,0.013856936494
b1247,0.0176548682091
b1248,0.00754834665982
b1249,-0.00437915324509
b1250,-0.0015246779378499998
b1251,-0.0061063565686
b1252,-0.012802361508899998
b1253,-0.00698065235274
b1254,-0.0007325542296760001
b1255,0.008663964164600002
b1256,-0.00626356660491
b1257,-0.0123984088877
b1258,0.0050541174019
b1259,0.00735554205416
b1260,-0.00954388742633
b1261,0.00270709203323
b1262,0.00836813108917
b1263,0.015795235244100002
b1264,0.023801713076299996
b1266,-0.0022687758839299997
b1267,-0.0114496814327
b1268,0.0030620620443499997
b1269,0.00552176595712
b1270,0.004748769124770001
b1271,0.0144821031802
b1272,-0.0033609344066199997
b1273,-0.0341797847734
b1274,0.004358943402159999
b1275,0.00305768361144
b1276,-0.0049891955204799995
b1277,0.00384869188586
b1278,-0.004686062023399999
b1279,-0.017803941410900002
b1280,0.00499911662813
b1281,0.012193304826100001
b1282,0.0172125090372
b1283,0.00258110324374
b1284,-0.0108361266854
b1285,-0.00429450995278
b1286,-0.010207470778
b1287,0.0059421561719200005
b1288,-0.0055730328350200005
b1289,-0.00310521198721
b1290,0.0029687227765
b1291,-0.00311235623938
b1292,-0.0153317614288
b1293,0.00144940081768
b1294,0.004990251277550001
b1295,-0.020611325952
b1296,0.0074480320227899985
b1297,-0.008347972387229998
b1298,-0.018745552932400003
b1299,-0.00251732843533
b1300,0.00156242337002
b1301,-0.005722170919579999
b1302,0.0014568503762399999
b1303,-0.013421845972599999
b1304,0.004690089751140001
b1305,0.0192295436865
b1306,-0.00719724924367
b1308,-0.00948063488525
b1309,0.00824463298562
b1310,0.0278568495463
b1313,-0.0257986685983
b1315,-0.0011657528042000001
b1316,-0.0126930513455
b1319,0.0121417633485
b1320,-0.0022415698819699998
b1321,0.00782103364758
b1322,-0.0005767858102170001
b1323,-0.00545563691092
b1324,-0.012398137273
b1325,0.00365448462239
b1326,0.00273702704312
b1327,-0.0074767830601499986
b1328,0.004138984173449999
b1329,0.00458094491744
b1330,0.0020785169161500004
b1332,0.0029100482909
b1333,-0.00013832148345700005
b1334,0.006047695080810001
b1335,0.00576202535084
b1336,-0.0132743820676
b1337,0.0221846876382
b1338,-0.00849273155786
b1339,0.00255952321585
b1340,-0.00230725702902
b1341,-0.00671851341134
b1342,-0.00566626863301
b1343,-0.0101226646559
b1344,0.00040185738075199995
b1345,-0.010423298388299999
b1349,-0.0126551431738
b1350,-0.00725131250441
b1353,0.020628744191299998
b1356,0.0131244802638
b1357,-0.0254850032557
b1359,-0.014055572578700002
b1360,-0.0015042310628900007
b1361,-0.0316600046882
b1362,-0.018670624780000002
b1363,-0.0022528453525799998
b1368,-0.0102399821885
b1370,-0.0102664892103
b1372,0.00564527206093
b1374,0.0075859820287000005
b1375,0.00987310369104
b1376,0.00133526122479
b1377,0.0074237390691800015
b1378,0.0080252969207
b1379,0.0118020782959
b1380,-0.00574725636288
b1381,0.00438320214657
b1383,0.0063893310165200005
b1384,0.00531680976419
b1385,0.000437579309672
b1386,-0.00137038469408
b1387,-0.0137862101472
b1388,-0.0130020745484
b1389,0.0105307110999
b1390,0.00199146132468
b1391,0.00602572164095
b1392,-0.00864715989946
b1393,0.0052816646517500005
b1394,-0.0116225912805
b1395,0.007354750859899999
b1397,-0.0207756724981
b1398,-0.00169641595141
b1399,-0.00515863397905
b1400,-0.012858931757
b1402,0.0102553931726
b1403,0.00594162402433
b1406,-0.0196274660628
b1407,-0.00341788594221
b1410,-0.014789077864899997
b1411,0.00276389462873
b1412,-0.016318743841899998
b1413,0.0033919595092099996
b1414,0.004739049928520001
b1415,0.00758068522075
b1418,-0.0082910427125
b1419,0.028296975490700007
b1420,-0.00021501599921000002
b1421,0.0138671846059
b1422,0.0150712048937
b1423,-0.00111101745153
b1424,-0.00275648405572
b1426,0.0006592997618569999
b1427,0.006691452399060001
b1428,-0.00414538343971
b1429,0.00294727772
b1430,0.0138075406848
b1431,-0.0064161030831300005
b1432,-0.00585144820193
b1433,0.017678262824099997
b1434,-0.00545447991469
b1435,0.00823046644295
b1438,-0.00671578675102
b1439,-0.00011665974074700004
b1440,0.00470766803423
b1441,0.027270274342799997
b1442,0.0225428883126
b1443,0.000234184794148
b1444,-0.0070138620998699995
b1446,-0.00756978482852
b1447,0.007739350828270002
b1448,0.00324759693858
b1449,0.00894371339491
b1450,0.0023175485906
b1451,0.000605772379307
b1452,0.00975149089149
b1453,0.0103724492639
b1454,0.00205901481802
b1456,-0.00283710330669
b1457,0.0125367099984
b1459_1,-0.005691088441119999
b1460,-0.00724885242631
b1461,0.00133864381712
b1462,-0.0255501852407
b1463,-0.0104813738417
b1464,-0.004903491689859999
b1465,-0.0184357031231
b1466,0.022970582661799997
b1467,-0.0100880527339
b1468,-0.0075285641113
b1469,-0.010950547959
b1473,0.00164848459821
b1474,-0.0021567755491
b1475,-0.00622478855171
b1476,0.019351037297599998
b1477,-0.0459106050153
b1478,0.00941522741814
b1479,-0.014399725805
b1480,0.0164221645662
b1481,-0.019218643191099997
b1482,0.008734431499420001
b1483,-0.00391668311973
b1484,-0.0181640703628
b1485,0.0107760619446
b1486,-0.0073386024124600015
b1487,0.00379441599521
b1488,0.029429791062
b1489,-0.0345514100846
b1490,-0.0258507946905
b1491,-0.003988654169020001
b1492,0.0077317761568399986
b1493,0.005868995444199999
b1494,-0.00989939906559
b1495,-0.00427098899038
b1496,-0.013932813871799999
b1497,-0.0149175459607
b1498,-0.0384890780234
b1499,-0.00538863539751
b1501,-0.0103303020779
b1502,-0.0061286916136300005
b1505,-0.029852828241
b1507,0.00202619532231
b1508,-0.00679795331436
b1511,0.0204756416713
b1512,0.021617583908099997
b1513,0.013925578422799999
b1514,0.0142935721098
b1515,0.00771292996805
b1516,0.0225142906263
b1517,0.00525891402587
b1518,-0.015763572637399997
b1519,-0.0125383596065
b1520,0.00203254160392
b1521,-0.006637140106060001
b1522,0.023074833778400004
b1523,-0.0042308105996500004
b1524,0.010394073916899999
b1525,-0.0036845974941300003
b1526,0.0127164978446
b1527,0.0109264784621
b1528,-4.75187320072e-05
b1529,-0.00183879842428
b1530,-0.006442910568029999
b1531,0.00911553989622
b1533,0.0159518870708
b1534,0.00196914661521
b1535,0.0251560289602
b1536,0.017115652482399997
b1537,0.00983067116504
b1538,-0.00379879943813
b1539,0.00618313249032
b1540,-0.00100981641004
b1541,-0.0113109687699
b1542,-0.014124537111
b1546,-0.012314488696299999
b1547,0.0012167679953699999
b1548,-0.016988602279399998
b1549,-0.00284914052385
b1550,-0.0252613241317
b1552,-0.00683150222228
b1557,-0.00219021131563
b1558,0.0581227216331
b1559,-0.022173178582299998
b1562,-0.0032829886919499996
b1563,0.0030302233634600002
b1564,0.00212559892282
b1566,-0.00627160622725
b1570,0.008929366047259999
b1579,0.00581690922287
b1580,0.00591868697993
b1581,-0.0313599281846
b1582,-0.012967236419899998
b1583,-0.011091812564
b1584,-0.00676518200501
b1585,-0.002630917992
b1586,-0.023211648176700003
b1587,0.029902044191200006
b1588,0.0305536953737
b1589,0.022912618428400002
b1590,0.0325853975264
b1591,0.000103101223354
b1592,0.00402406209714
b1593,0.006177590247109999
b1594,0.00410759940587
b1595,-0.014840586905499999
b1596,-0.0019743071511300002
b1597,0.021428608177700002
b1598,-0.00565407199519
b1599,0.0370858529844
b1600,0.0159750176123
b1601,0.00107367315812
b1602,0.00387503779751
b1603,0.00649171940493
b1604,0.00310147588613
b1605,0.0148017567443
b1606,-0.00111987918584
b1607,0.014145615915000001
b1608,-0.0029082459656599997
b1609,0.000368376157806
b1610,0.0023395598545100003
b1611,-0.008827789993809999
b1612,-0.00128659917069
b1613,-0.000987275978973
b1614,-0.00518945938087
b1615,-0.00190313236399
b1616,0.028854766246000002
b1617,-0.0111326154553
b1618,-0.0053906405987500005
b1619,-0.00166765215122
b1620,0.00258477628752
b1621,0.008678523923580001
b1622,0.00125396102545
b1623,-4.27941551252e-05
b1624,0.0074607441084799985
b1625,-0.0427069029927
b1626,0.0009182578452119999
b1627,0.00477464224172
b1628,-0.00571573515783
b1629,0.00104559788096
b1630,0.00398522567483
b1631,0.0009660444901669999
b1632,-0.00801505401382
b1633,-0.0184973745113
b1634,0.0122830546144
b1635,0.0007630232909480001
b1636,-0.00283017033149
b1637,2.78238023486e-05
b1638,-0.00958230904201
b1639,-0.00617016814059
b1640,0.00196550714623
b1641,0.00973303285382
b1642,-0.00164957414975
b1643,0.005583362768670001
b1644,0.0262119752275
b1645,0.016988003938200002
b1646,0.0018491507305799999
b1647,-0.000947440879783
b1648,-0.00885320582555
b1649,-0.00570877149515
b1650,-0.000128694049401
b1651,-0.00093197196506
b1652,0.0076222059421
b1653,0.00176288014058
b1654,-0.00264294383921
b1655,0.00610605625421
b1656,-0.00599942051366
b1657,0.0059214588535600006
b1658,0.00488050761526
b1659,-0.00541065419297
b1660,-0.00461122796605
b1661,-0.00753813170077
b1662,-0.00658918832004
b1663,-0.017274892615599998
b1664,-0.00818165696885
b1667,0.00186775250446
b1668,-0.011890082757600002
b1669,0.015554532175100003
b1670,0.00910055447082
b1671,0.00355882451603
b1672,0.0130903573752
b1673,0.0431272323739
b1674,0.010799171141899998
b1675,-0.043931517331300005
b1676,-0.00850807588716
b1677,-0.016874453713
b1678,0.00591229724257
b1679,0.0012392855436600002
b1680,-0.00491546067623
b1681,-0.0096816634578
b1682,-0.0021686601943299998
b1683,-0.0010473017101700001
b1684,-0.0009994814721930002
b1685,-0.00702144937734
b1686,-5.63174503772e-05
b1687,0.00515012195975
b1688,0.0014458039222899999
b1689,-0.00839456189981
b1690,-0.016611286112799998
b1692,0.00216416956779
b1693,-0.00137018562385
b1694,-0.00927377796774
b1695,0.010731874979999998
b1696,-0.0194957320337
b1698,-0.0037483267052800004
b1699,0.0213103181806
b1701,-0.00134616200653
b1702,0.00107623939684
b1703,-0.00469502863269
b1704,0.018218404067400003
b1705,-0.025744834391
b1706,-0.00901193951248
b1707,-0.00268834018099
b1708,-0.0020275125507099997
b1709,-0.004400802571680001
b1710,-0.0201858869975
b1711,0.00739751713662
b1712,-0.0012064609211099998
b1713,0.00112499216497
b1714,0.00898084890002
b1716,0.00670740906205
b1717,0.00921605433398
b1718,-0.004918032627
b1719,-0.0032238332638600004
b1722,0.00387970460983
b1723,-0.0126665265885
b1724,0.00171340997373
b1725,0.00277670523679
b1726,0.00411626020937
b1727,-0.00220015864319
b1728,-0.00297700598529
b1729,0.00108380451489
b1731,-0.0191884533225
b1732,0.009274888257959999
b1733,-0.00163338454472
b1734,0.0207235694131
b1735,0.021505450512900003
b1736,0.00180006646689
b1737,0.00127099618631
b1738,-0.0135668365027
b1739,-0.0165414646657
b1740,-0.00281598629373
b1741,0.00544989036058
b1742,-0.009353069566329999
b1743,-0.0030202308502199995
b1744,-0.00739428050769
b1745,-0.014351870869100001
b1746,0.00477232373278
b1747,-0.012668101877200001
b1748,-0.00959721173419
b1749,0.00799039351502
b1750,-0.00992153850336
b1751,0.00924583279613
b1752,-0.00567675438725
b1753,-0.011930157811799999
b1754,0.0185834842387
b1755,0.032742346839299996
b1756,0.003969127861679999
b1757,-0.0157358444768
b1758,0.00757755675824
b1759,-0.00039331645731900016
b1760,-0.00818566998649
b1761,-0.00886721121599
b1762,-0.005430683688329999
b1763,-0.00166348292478
b1764,0.00035963229121599997
b1765,0.0151275388613
b1766,0.012442360597399999
b1767,0.00260001466273
b1768,0.00434035548669
b1769,0.0149265475415
b1770,0.0188168062706
b1771,-0.007741831558939999
b1772,-0.0033536420219699996
b1773,-0.00290220833581
b1774,0.004699851642859999
b1775,0.0192544425621
b1776,0.014303405563399997
b1777,0.017243853278099998
b1778,0.0167059104369
b1779,-0.00503883635246
b1780,-0.00132922458606
b1781,-0.00655175146309
b1782,0.00771069617813
b1783,-0.000913181578675
b1784,0.00271965664068
b1785,0.00177593954807
b1786,-0.00587911979336
b1787,-0.004008172750099999
b1789,-0.00440491587356
b1790,0.00601820568768
b1791,-0.0107010468221
b1792,-0.00204716166539
b1793,-0.0270709248776
b1794,0.009116754045319999
b1795,-0.017953480561400004
b1796,0.0364768245483
b1797,0.0033392004624899995
b1798,0.007448980274539998
b1799,-0.00820333348961
b1800,0.027389751634599998
b1801,0.0013743259791800001
b1802,-0.0199468924505
b1803,-0.011247879087799999
b1804,0.0074263032999300005
b1805,0.0016849040858299999
b1806,0.00687602588005
b1807,0.0133444558479
b1808,0.00584368063664
b1809,-0.00275864680091
b1810,-0.00253137302549
b1811,-0.0206973688715
b1812,0.011359950486899998
b1813,0.0014715838495000001
b1814,0.00881988685453
b1815,-0.013150514190700001
b1816,0.0008997912189169998
b1817,0.00353511914821
b1818,-0.00251088001847
b1819,0.0054645899925
b1820,0.0249515306256
b1821,0.0262218676111
b1822,-0.000590056317342
b1823,-0.024342225616900002
b1824,-0.0013209157362100005
b1825,-0.00504656736838
b1826,0.0500844291595
b1827,0.0017857761772100001
b1828,-0.012241715341199999
b1829,0.010352614615
b1830,-0.00496303177088
b1831,-0.000184917657837
b1832,-0.00490789150725
b1833,-0.00175363432918
b1834,0.00705242545627
b1835,0.00427767613982
b1836,0.0072893685676
b1837,-0.0203683875649
b1838,0.00438646528584
b1839,0.008755480029860001
b1840,0.005547493353920001
b1841,-0.017463417961099997
b1842,0.00891479631796
b1843,0.010277586686200001
b1844,0.00451501192663
b1845,-0.0077729029173199985
b1846,0.011879550873499999
b1847,-0.00804933030013
b1848,0.00569742638331
b1849,-0.011243965171100002
b1850,0.00397855520166
b1851,0.0050078075380699996
b1852,0.0005035284534250001
b1853,0.00822263195244
b1854,0.008955035358399999
b1855,-0.00181578042522
b1856,-0.0015518420756500005
b1857,0.00150575051115
b1858,0.00567990350446
b1859,0.00472537861681
b1860,-0.00254776081601
b1861,0.0028177027222500003
b1863,0.009836886312040001
b1864,-0.00039091529846699996
b1865,0.009381007594049999
b1866,-0.00471852308011
b1867,0.0015282272590299998
b1868,-0.0063884968171799995
b1869,-0.0160854217449
b1870,-0.014341772465200001
b1871,-0.00931866178373
b1872,-0.00411177579613
b1873,0.00843459018616
b1874,-0.008979742426350001
b1875,-0.000941630177387
b1876,0.00461979368317
b1877,0.009462255831370002
b1878,0.009164918255139999
b1879,-0.0077434306099899985
b1880,-0.022144867021400002
b1881,0.019224173915
b1882,0.00689282866147
b1883,0.026999953497599996
b1884,0.0068923256976600004
b1885,0.009916862679
b1886,0.00737961435558
b1887,0.00168066309068
b1888,0.012222693454700001
b1889,-0.0127956381436
b1890,-0.0233631530878
b1891,0.011375870197000001
b1892,0.0181648828715
b1893,0.0155562969919
b1894,-0.0127914418591
b1895,-0.03933132846680002
b1896,-0.00455662707523
b1897,0.00239047732777
b1900,0.0033521667730899997
b1901,-0.021888185066299998
b1902,-0.004565566181069999
b1904,-0.0254610581746
b1905,0.019008825017
b1906,0.0410198277199
b1907,0.00468300361158
b1908,0.00328765427862
b1912,0.00448228041518
b1913,-0.00232048962736
b1914,-0.00244529499511
b1915,0.00144045198627
b1916,0.0106077467595
b1917,0.00916298950281
b1918,0.00972874291068
b1919,0.00494878997769
b1920,0.017121263422399998
b1921,-0.010132605974
b1922,0.0029686604877
b1923,-0.000324691116052
b1924,-0.004989872393970001
b1925,0.00971274532931
b1926,0.0104038364769
b1927,-0.007560812549279998
b1928,0.00627031668226
b1929,-0.00261694348857
b1930,-0.004717277878510001
b1931,-0.009582562006049998
b1932,-0.010747640887
b1937,0.0126589421808
b1938,0.00215994425643
b1939,-0.0116700964741
b1940,-0.015188668999100001
b1941,0.025552885575
b1942,0.0275934590335
b1943,0.00233586014992
b1944,-0.00189366188701
b1945,-0.016108507849
b1946,0.0363119493721
b1947,-0.0597468342384
b1948,-0.0028078698851
b1949,0.0169443949266
b1950,0.0023195029609099998
b1951,-0.0164737228514
b1952,-0.0379911000074
b1953,0.0118063848205
b1955,0.00989337628594
b1956,0.00296973265465
b1957,0.00017344640305799999
b1958,-0.0121410737595
b1959,0.010517232461500001
b1960,-0.0072585147917
b1961,0.00510655269297
b1962,0.00287569835088
b1963,-0.0127841044656
b1967,-0.0057608128628400005
b1968,0.0011571152600699998
b1969,0.016695808439599998
b1970,0.030402166821699998
b1971,-0.0010513207414400002
b1972,-0.012162803481100002
b1973,-0.0222078713969
b1974,-0.021258189465299997
b1976,0.006339978811720001
b1978,-0.0008247772980780001
b1981,0.0104428939723
b1982,-0.00160500512356
b1983,0.00246197768352
b1985,0.00415713377246
b1987,0.0103590396666
b1988,0.010719042484
b1990,-0.0102575960311
b1991,-0.0016601513433
b1992,-0.00194629648377
b1993,0.00850712451114
b1994,0.00166215446558
b1996,0.000107277093261
b1997,-0.0017484869840699998
b1999,0.0085136009536
b2000,0.00249882599253
b2001,0.00604818351594
b2002,-0.004877561468029999
b2007,-0.015705303434800002
b2008,0.00614555919603
b2009,-0.00470839374145
b2010,-0.01850079151
b2011,-0.0073085995060800015
b2012,-0.021702830143400003
b2013,0.0105526866644
b2014,0.00984871124597
b2015,-0.0011779165665000001
b2016,0.00137799996738
b2017,0.010941771247499999
b2019,-0.0073808457719
b2020,-0.00315918187263
b2021,0.0104813379929
b2022,0.0178988638275
b2023,0.021462541642900002
b2024,0.0182483173933
b2025,-0.00612127776536
b2026,-0.006411900435839999
b2027,0.00877407244997
b2028,0.0204370502706
b2029,0.00848597728219
b2030,0.00814945716202
b2032,0.00285088596159
b2033,0.00399488223925
b2034,-0.00126009007975
b2035,0.0009269299114310001
b2036,-0.00524356029139
b2037,-0.00658091672605
b2038,-0.010779160814
b2039,0.0008384182953969999
b2040,-0.00273348135863
b2041,0.00230419766091
b2042,-0.0028560624573699994
b2043,0.005641751737159999
b2044,0.0032019361829
b2045,0.00795816366729
b2046,0.000410744584812
b2047,-0.0137436338558
b2048,0.011878545035299998
b2049,-0.00646616039078
b2050,-0.0134275691754
b2051,-0.020069638004999998
b2052,0.006443158792220001
b2053,-0.017796501295400002
b2054,-0.0029630687732
b2055,0.000527740477891
b2056,0.00310997952276
b2057,0.00411173389177
b2058,-0.0014615775454699998
b2059,0.00288690108966
b2060,0.0009436340152119999
b2061,0.008336018053229999
b2062,0.015292473180899999
b2063,-0.0036789956913299998
b2064,0.00614456101366
b2065,0.011821037355100001
b2066,-0.006485280556270001
b2067,0.00689776573264
b2068,-0.0025584328111500003
b2069,-0.000518973010849
b2070,0.00159130306962
b2074,-0.00361338040147
b2075,-0.0006176597031950001
b2076,0.00196726569087
b2077,-0.006509416124380001
b2078,-0.0112794602731
b2079,-0.0035096053322399997
b2080,0.00791771320434
b2081,0.00433261399346
b2082,0.00810921093162
b2085,0.0119316236118
b2086,-0.00179575820073
b2091,-0.00957819761267
b2092_1,-0.0008213184133880001
b2092_2,-0.0018045163739
b2093,-0.0121677795746
b2094,-0.00221688596986
b2095,0.007184548868600002
b2096,0.00544584366484
b2097,-0.0014214806790699998
b2098,0.0060483308917499996
b2099,0.00262518326009
b2100,0.00866725830552
b2101,-0.0072176144170800005
b2102,0.00723243241652
b2103,-0.000885432541082
b2104,-0.0064333727248799995
b2105,-0.0141681780125
b2106,-0.0628144031482
b2107,-0.0023376245051199996
b2109,0.00974971617018
b2110,0.029946204756999998
b2111,0.011146537384899999
b2112,-0.00725066024632
b2113,0.00437226994128
b2114,0.000480549759574
b2118,0.00154779340504
b2119,-0.00599751061291
b2120,-0.01302025608
b2121,0.0240168447123
b2122,-0.000487064561679
b2124,-0.00499376387257
b2125,-0.00365828702368
b2126,0.00118672048899
b2127,0.00851329948825
b2128,0.0194572421272
b2129,-0.00235704513694
b2130,0.00380463029928
b2131,0.006286666879850001
b2132,-0.00095380735937
b2133,-0.00418392906469
b2134,0.00033605980162799997
b2135,0.0157388212878
b2136,-0.00785566124915
b2137,0.0034367780600799997
b2139_2,0.0131657655024
b2140,0.0213003958516
b2141,-0.0019874886045799997
b2142,-0.0056914215323900005
b2143,-0.0013458230221300002
b2144,0.00919111379431
b2145,-0.003235273304780001
b2146,0.0161892746352
b2147,0.024989717543599996
b2148,-0.011933753520200001
b2149,-0.016886265298
b2150,-0.0102254430142
b2151,-7.29945450858e-05
b2152,0.00945448405856
b2153,-0.00992897074958
b2154,0.014800604247700001
b2155,0.0178283537456
b2156,0.017718022718700002
b2157,-0.046238086861
b2158,0.00151876725664
b2159,-0.00907026084999
b2160,0.0005968871069919999
b2161,0.000696990980653
b2162,-0.0140433643891
b2163,-0.0118844496897
b2164,-0.0109540543646
b2165,0.0015686055232200001
b2166,0.0227837779256
b2167,-0.012407133755900001
b2168,-0.009653894680589999
b2169,-0.00917259341661
b2170,-0.009424890019540002
b2171,-0.0051454743435600005
b2172,-0.0054236251727
b2173,-0.00428064007515
b2174,0.000978551588241
b2175,0.000397393657255
b2176,0.000293533566611
b2177,-0.000333216486403
b2178,0.0027414628010900004
b2179,0.00526186220468
b2180,-0.00427325746138
b2181,-0.014260640061999999
b2182,0.00302640381661
b2183,-0.00711096672233
b2184,0.00380179974861
b2185,0.00010818885244499999
b2186,0.00606597681266
b2187,-0.027478445126099996
b2188,0.011280753810700001
b2190_2,-0.00462369756787
b2192,0.00319862406771
b2193,0.00502162547393
b2194,-0.009317734986540002
b2195,-0.00928053109183
b2196,-0.0124046868965
b2197,-0.011605578919
b2199,-0.019625293008599998
b2200,-0.0126945086977
b2201,-0.0142007009285
b2202,-0.0286887816895
b2203,-0.0148503615852
b2204,-0.00282512918605
b2205,0.0024028329417600004
b2206,-0.027910821992799997
b2207,-0.0144854772977
b2208,-0.034916665823199994
b2209,0.00634533049308
b2210,-0.00837912593928
b2211,-0.00803805948861
b2212,0.0198142348588
b2213,-0.00920072215867
b2214,0.00542888909874
b2215,0.012582806265799999
b2216,0.0029524268395700005
b2217,0.00360051906801
b2218,-0.00220483387346
b2219,-0.0012189483805
b2220,0.00860325652224
b2221,-0.00902043847619
b2222,0.00224001077352
b2223,-0.007257988528069998
b2224,-0.0288687236474
b2225,0.00507908222957
b2226,-0.00979089867235
b2230,-0.00853071417868
b2231,-0.00417744503301
b2232,0.00509731342586
b2233,-0.00103570870714
b2234,-0.00937887553757
b2235,-0.009036246513399999
b2236,-0.0221942420197
b2237,-0.0031840214443499995
b2239,-0.0168017979227
b2240,0.000833599943427
b2241,-0.00013333177900299998
b2242,0.0011729071579
b2243,-0.021077068225799998
b2244,0.0004894940448580001
b2245,-0.010143587239100001
b2246,0.019252010375900002
b2247,0.0144403732626
b2248,0.027645234647
b2249,-0.00646108715248
b2250,-0.00352076470134
b2251,0.010185643907
b2252,-0.007304337516880002
b2253,-0.0231036230381
b2254,-0.009669137799790001
b2255,-0.030657222767500002
b2256,-0.011161517263
b2257,-0.022872916105999997
b2259,-0.017256565816099998
b2260,0.00453347689367
b2261,0.00491771325647
b2262,-0.0015565237440500002
b2263,-0.0147696150223
b2264,-0.00708347116643
b2265,-0.009382722415110002
b2266,0.004706879505649999
b2267,0.00231435899248
b2268,-0.00386863892387
b2269,-0.005841969973140001
b2270,0.0083196840432
b2272,0.00177343535998
b2274,0.0181524107422
b2275,0.0044504414855
b2276,-0.00117972981382
b2277,0.00301811575999
b2278,0.00461839340739
b2279,0.0012973910097800001
b2280,0.00771498815444
b2281,0.00985603871171
b2282,0.00311136655154
b2283,-0.00285145932671
b2284,0.000921304880506
b2285,7.64303950117e-05
b2286,-0.0061258561318400006
b2287,-0.00159264914983
b2288,-0.000861492414929
b2289,-0.007845191383579999
b2290,-0.0063475937406299995
b2291,-0.011554157620000002
b2292,0.0013160442455
b2293,0.008874181769219999
b2294,-0.00425164197221
b2295,0.009442391378360001
b2296,-0.00551337668095
b2297,0.005722728623640001
b2298,0.0011217166778199998
b2299,-0.000253955391722
b2300,-0.0121207367392
b2301,-0.00224225719042
b2302,0.00734892057162
b2303,-0.0064846508915400005
b2304,-0.0015962671878
b2305,-0.0206789625222
b2306,-0.0128447341716
b2307,-0.0100375514761
b2308,-0.0025435077322800005
b2309,-0.0018213229083399998
b2310,-0.00675753099312
b2311,0.00549131107967
b2312,-3.58117878681e-05
b2313,0.00895787289306
b2314,0.0018437026451700001
b2315,0.011228360167100002
b2316,0.005312473721189999
b2317,0.015637927284
b2318,0.0006786003634010001
b2319,-0.00023239461617200009
b2320,-0.0016280091098299998
b2321,-0.00655528624237
b2322,-0.003985764908150001
b2323,0.012531142548200001
b2324,0.00289549874356
b2325,-0.0162397681849
b2326,0.00858980215036
b2327,-0.00146132932183
b2328,0.000569252441724
b2329,0.0038850192264899995
b2330,-0.00415653404942
b2331,-0.00375762118966
b2332,0.0033625096865500005
b2340,0.021185303406000004
b2341,-0.00448507807499
b2342,0.0125044282528
b2343,-2.79320253649e-05
b2344,0.0238656744007
b2345,0.004303956450810001
b2346,0.00017666181278
b2347,-0.00876796509489
b2349,-0.0133983852626
b2350,-0.00892616413564
b2351,-0.012002539836799999
b2352,-0.00855962546555
b2354,-0.00259457417342
b2360,0.0176369411631
b2364,-0.00481887658694
b2365,-0.00685218863199
b2366,0.0021700861366500002
b2367,0.00779741911615
b2368,-0.015984546619200003
b2369,0.0128100180734
b2370,0.00601999154769
b2371,0.0017788416446600005
b2372,0.005465165500819999
b2373,-0.00869772496376
b2374,-0.013884627867100001
b2375,-0.00431608263683
b2376,-0.0436983286644
b2377,-0.0151954752008
b2378,-0.0154995761614
b2379,-0.0020087778293
b2380,0.0038200967393300003
b2381,0.00152885556376
b2382,0.00111687090434
b2383,-0.0146458929168
b2384,-0.009901268442559999
b2385,0.0204322675221
b2386,0.0017925139314299999
b2388,0.00688144732373
b2389,0.00656679858139
b2390,0.0181660610961
b2392,-0.00256725184156
b2393,0.0145659767299
b2394,0.0031061854996100005
b2395,-0.0055696237350800004
b2398,-0.0017137738285500001
b2399,-0.008524508933800001
b2400,-0.00178556492183
b2405,0.00461070719133
b2406,0.0123115139595
b2408,-0.008211518166829999
b2409,0.00106721033694
b2410,0.016919179358700003
b2411,-0.00917850176935
b2412,-0.0046263416757399995
b2413,0.00701135937833
b2414,-0.010445488938
b2415,0.005240638698949999
b2416,0.0015760422052
b2417,-0.0105040692837
b2418,0.00256854804499
b2419,-0.0762164597979
b2420,-0.0130493797086
b2421,-0.00940051564582
b2422,-0.006925417880739999
b2423,0.0108627258959
b2424,0.0111668296869
b2425,0.0140739470237
b2426,-4.85476916056e-05
b2427,-0.00021338932272999998
b2428,0.011295412630200001
b2429,0.020287982607599998
b2430,-0.005520215071170001
b2431,-0.00236185541634
b2432,0.0028520365272199995
b2433,-0.0027924497435199997
b2434,-0.00604237172164
b2435,-0.0142533617584
b2436,-0.0083499267865
b2437,-0.00262670881123
b2438,0.009122036382879999
b2439,-0.00470332443097
b2440,-0.00501056645302
b2441,-0.004115506339780001
b2442,-0.005339558402260001
b2443,-0.00952813987116
b2446,-0.00584382744188
b2447,-0.00563634860232
b2449,0.0025170741831799996
b2450,-0.0135391386939
b2451,-4.66825986124e-05
b2452,-0.00301962376253
b2453,0.0037253880841999995
b2454,0.00710544702227
b2455,0.00262751758987
b2457,-0.0266701872579
b2458,0.00506339050198
b2459,0.00408516172848
b2460,-0.024420126760299997
b2461,0.016937677667200002
b2463,0.00200104081234
b2464,0.00037731201802299996
b2465,0.00627426526938
b2466,-0.00334582701838
b2467,-0.00327575033768
b2468,-0.007108206651069999
b2469,0.0027215812485700003
b2470,0.000332451583285
b2471,0.00443764261044
b2472,-0.00143535292942
b2473,0.00189514250953
b2474,-0.00570937483705
b2475,0.000979170233538
b2476,-0.0016878827253299998
b2477,0.0008174664663830001
b2478,0.00496808501924
b2479,-0.00733045265013
b2480,0.000508402047024
b2482,-0.00503246979594
b2484,0.00774516754089
b2486,-0.014876559952
b2487,-0.0188603898754
b2489,0.012960835951200001
b2491,-0.00674316246716
b2492,-0.000582670488
b2493,-0.0014422159176099999
b2494,-0.0017622235477
b2495,0.00045157235596
b2496,0.00512612769745
b2497,0.0314256504311
b2498,-0.004756126356
b2499,0.014955146355700001
b2500,0.00307978327307
b2501,-0.0026467192226799995
b2502,0.00172719392728
b2503,-0.00212846061301
b2504,-0.0006641478094880001
b2506,-0.0038790897316999997
b2507,-0.0027113655936900002
b2508,0.0008074333995289999
b2509,0.00922150094644
b2510,0.0064506346136299995
b2511,-0.008741794915459998
b2512,0.00175517952528
b2513,-0.0028827774869499994
b2514,0.00019577335358099998
b2515,-0.0035468566421799994
b2516,0.007639215063
b2517,-0.00419801187081
b2518,0.00486396606591
b2519,-0.0005155017955269999
b2520,-0.0139414846816
b2521,-0.00263456435664
b2522,-0.00507518291417
b2523,0.00427983469941
b2524,-0.004818923426
b2525,0.007184572865779998
b2526,0.0035867878509099997
b2527,0.00195074136666
b2528,0.006489385447909999
b2529,-0.00467066714437
b2530,-0.00903596567829
b2531,-0.010931076598200001
b2532,0.00334436535231
b2533,0.010003028095
b2535,0.0051014524100400005
b2536,0.0155420693311
b2537,-0.0035965558752600007
b2538,0.0007685924552769999
b2539,-0.005510280234810001
b2540,-0.00650882396309
b2541,-0.00320709985933
b2542,-0.004711608376479999
b2543,0.008248564035479999
b2544,0.00876579911103
b2545,0.00846714094746
b2546,0.027442801153700003
b2547,0.016511285039099998
b2548,0.0308990805743
b2549,-0.00278888181086
b2550,-0.016366115145299998
b2551,-0.00461486366163
b2552,0.00810511184169
b2553,-0.00224870674121
b2554,-0.0022401262503699997
b2555,0.00646497790271
b2556,-0.0011323127777400001
b2557,-0.00418386340341
b2558,0.008139408212320001
b2559,0.0009276619043010002
b2560,0.0062014496993300005
b2561,-0.016963784857299997
b2562,0.00873837582006
b2563,-0.00444811239466
b2564,0.00448489862192
b2565,0.00293569447444
b2566,0.00438918032481
b2567,0.00017576544585200002
b2568,-0.0009344684921719999
b2569,7.03415141343e-05
b2570,-0.00382642792811
b2571,0.005834806895739999
b2572,0.0032684083166199997
b2573,0.000865613385532
b2574,0.0132527309038
b2575,0.012297572368
b2576,-0.00445188744712
b2577,-0.0009735238836089999
b2578,-0.0137645572502
b2579,-0.013624241378799999
b2580,-0.0030198663370399996
b2581,0.00168796239516
b2582,0.021502328809599996
b2583,0.006813261749739999
b2584,-0.00506018491051
b2585,0.0065788330926599995
b2586,-0.0066509158824099995
b2587,0.0033295747119200005
b2592,-0.000568943193767
b2593,-0.0125961114426
b2594,-0.0111205455354
b2595,0.00350403697706
b2597,-0.00310742212802
b2599,-0.0021986567781
b2600,-0.021392462091099997
b2601,-0.0011468399354300001
b2602,-0.014783257199799999
b2603,0.000397311212843
b2604,-0.00896598774301
b2605,0.00494421106463
b2606,-0.0141394670143
b2607,-0.00866624479331
b2608,-0.00334343631753
b2609,-0.011145711264899999
b2610,0.000681273381047
b2611,0.0012407337894000002
b2614,-0.018986332425299998
b2615,-0.00456347056962
b2616,-0.01537467241
b2617,-0.0188122384011
b2618,-0.00870265895387
b2619,0.0013144063327200002
b2620,-0.0018106246494500001
b2622,-0.00947194354028
b2623,-0.00667376631694
b2625,-0.000991400825791
b2626,0.0109526688105
b2627,-0.00554452475193
b2628,-0.00620209127686
b2630,-0.0006501051044559999
b2631,-0.00393085486057
b2632,0.00424244634382
b2633,-0.0241685340229
b2634,-0.019643568553099996
b2641_2,0.00309249588652
b2642,0.010629568414100002
b2647,-0.00853485075444
b2650,-0.00649946950071
b2659,-0.010518419295700002
b2660,-0.012653743936100002
b2661,-0.00850715535275
b2662,0.00458152420031
b2663,-0.00609008786404
b2664,-0.0022378054416
b2665,0.007510640533359998
b2666,-0.00926379470581
b2667,0.00807120031713
b2668,-0.00105308146295
b2669,-0.0036709742635199997
b2670,0.00949809988742
b2671,-0.0164516453461
b2672,-0.0065284670942
b2673,-0.0151456782181
b2674,-0.0274291504269
b2675,-0.020851803920799997
b2676,-0.0258853211436
b2677,0.029796572667400007
b2678,0.00723010015994
b2679,0.00802680376075
b2681_1,0.00855631491679
b2681_2,-0.020574217085200002
b2682,0.005702389623229999
b2683,-0.00824820731423
b2684,-0.017197829643000002
b2685,-0.017383876772900004
b2686,-0.0163157104012
b2687,-0.0036836316534
b2688,-0.00694041371262
b2689,0.0012965866761099998
b2690,-0.0106641990445
b2696,-0.0058067128785
b2697,0.0005807037987159999
b2698,-0.00741798040617
b2699,-0.00600075086047
b2700,0.00298190192292
b2701,-0.00297640259473
b2702,0.000973031734651
b2703,0.0411234305928
b2704,-0.0133260992513
b2705,-0.003694610068010001
b2706,0.0028501742014599997
b2707,-0.0101952084855
b2708,0.0017722619621700004
b2709,0.000132875175431
b2710,-0.0016849197214
b2711,-0.0117671221638
b2712,-0.0066068019192100005
b2713,0.0103979633092
b2714,-0.0029381500803200003
b2715,-0.00120320198562
b2716,-0.000856499154019
b2717,-0.00921020825843
b2718,-0.00442923717769
b2719,-0.025916246143
b2720,-0.00229161714578
b2721,0.0035550609794599997
b2722,-0.000272246917149
b2723,6.34387806888e-05
b2724,0.0008005034797580001
b2725,0.0161375086133
b2726,0.0720725381315
b2727,-0.008694507460079999
b2728,-0.018683135648299997
b2729,-0.00112231061777
b2730,-0.00670996864988
b2731,-0.00731604404392
b2732,-0.006475546624319999
b2733,-0.00103086025703
b2735,0.010703348849200002
b2736,-0.00336180344649
b2737,-0.00565866319059
b2738,-0.0201889022493
b2739,0.0117574387743
b2740,0.0025366568141
b2741,0.014892566389500001
b2742,0.0127663516056
b2743,-0.007276625067489998
b2744,0.0015636444638099998
b2745,-0.0021094717820299997
b2746,-0.00757944260365
b2747,0.000969506992322
b2748,-0.014715156278799999
b2749,0.00172189698965
b2750,-0.008919261020209998
b2751,-0.0047095055683
b2752,-0.0125655300315
b2753,-0.022116996324900003
b2754,-0.00444555623903
b2755,-0.013957261126600002
b2756,-0.009827319076920001
b2757,-0.0072253719782
b2758,-0.021515732804099998
b2760,-0.00608744551003
b2761,0.00082638014828
b2762,-0.00620508517991
b2763,-0.0047798628581
b2764,-0.0041786996363100005
b2765,-0.014843991147100001
b2766,0.00619486721829
b2768,-0.00135616138721
b2769,-0.0107465464558
b2770,0.00862799877547
b2771,0.00211633929059
b2774,0.00670392795586
b2775,-0.00035829506375999995
b2776,0.00347217504982
b2777,0.00357051778268
b2779,-0.0042423852809600005
b2780,-0.0013601735493
b2781,-0.00782936917187
b2782,-0.000160192441986
b2783,0.0281366232662
b2784,-0.005068357604189999
b2785,0.00255410772544
b2786,0.0015181537326400005
b2787,0.006785830017050001
b2788,0.0151877946378
b2789,0.0075140739712
b2790,0.0014963658545699998
b2791,0.0335450801898
b2792,0.0141040568641
b2793,-0.00128324949985
b2794,-2.299531304e-05
b2795,0.0067218899994899994
b2796,-0.014438252284299999
b2797,-0.00747853500327
b2798,-0.00405564028377
b2799,0.00184762123311
b2800,0.0243130275392
b2801,0.007532919799350002
b2802,-0.00192010995201
b2803,0.000358994352209
b2804,-0.016952561987
b2805,-0.009103362293069999
b2806,0.0007258348310560001
b2807,0.0021557101686799996
b2808,0.00237478691016
b2809,-0.022394607723500003
b2810,-0.00015517371013799999
b2811,-0.009448481168770001
b2812,0.000383392962366
b2813,0.00172853349358
b2817,-0.00387108970631
b2818,-0.0147372263776
b2819,-0.012745126887
b2820,-0.00219291851325
b2821,0.00360447606421
b2822,-0.00195517548912
b2823,-0.019569840577599997
b2825,-0.0257119031973
b2826,-0.00642984433147
b2827,0.00398951352431
b2828,0.00387028714616
b2829,-0.00547727658707
b2830,0.00271254397223
b2831,0.0111787277585
b2832,-0.0050616866323199994
b2833,-0.025270061403
b2834,-0.0074942817602999985
b2835,-0.007491263256140001
b2836,-0.000421991755401
b2837,0.00156523852667
b2838,0.0128774912221
b2839,-0.011484385675500001
b2840,0.0029978245140300005
b2841,-0.0140876770401
b2842,0.00412581025424
b2843,0.0047159529969
b2844,0.00501846516739
b2845,0.0017515132654400002
b2846,-0.012535876004700002
b2847,0.00697671464897
b2848,-0.0101908880996
b2852,0.014038023582600001
b2859,0.0416346831816
b2860,0.00165291868178
b2861,-0.00528084537732
b2863,0.0077344007663100005
b2865,0.00370732845542
b2866,0.00291046234533
b2867,0.011533705158899999
b2868,0.0244890253935
b2869,0.012763801114299998
b2870,0.023142137776099997
b2871,0.0392054686787
b2872,0.000353149901974
b2873,-0.0032266599935
b2874,-0.00826543801475
b2875,-0.00181474955916
b2876,-0.008497006075310001
b2877,0.0035480501204899996
b2878,-0.0072090184823599985
b2879,0.00659427815949
b2880,-0.0030484482164099998
b2881,-0.00821219793526
b2882,-0.00534856047197
b2883,-0.0107883860754
b2886,0.0127888345123
b2887,-0.00196279421728
b2888,0.017393400094299998
b2889,-0.011426750609600002
b2890,-0.004716296117800001
b2891_2,-0.00288020505196
b2892,-0.012970935778700001
b2893,-0.0102442743651
b2894,-0.00293338230081
b2895,0.00804579487917
b2896,0.016962985572500002
b2897,-0.00471781222441
b2898,-0.00474299935559
b2899,-0.010370811755700001
b2900,-0.016328964995600003
b2901,-0.0038945204895700003
b2902,0.011936843290799998
b2903,-0.025331531753500003
b2904,0.000895363122771
b2905,-0.0180943044394
b2906,0.00429340565923
b2907,0.00038317684757300017
b2908,-0.00684469176219
b2909,-0.00531089610177
b2910,0.00348009055561
b2912,-0.0013291983990999998
b2913,-0.00986136009957
b2914,-0.016168543195899998
b2916,-0.00146655200853
b2917,-0.0106142169826
b2918,0.0461663243041
b2919,0.0082525193293
b2920,-1.91594629367e-05
b2921,-0.0104750239192
b2922,-0.011711755989700002
b2923,0.00126879749172
b2924,-0.0056150494507899995
b2925,0.0161787771028
b2926,0.00882058611065
b2927,0.00563009467118
b2928,-0.023051892979099996
b2929,0.00193349231815
b2930,0.01252015517
b2933,-0.006873089176010001
b2935,-0.00346464509524
b2936,0.00130031434746
b2937,0.0163332572629
b2938,0.018378945335099997
b2939,-0.00201738500573
b2942,0.00952663978341
b2943,-0.0127823598789
b2944,-0.009831414881190001
b2945,-0.00609073653162
b2946,-0.0033740073960600004
b2947,-0.00438743151014
b2948,0.0038893733404600003
b2949,-0.007130314965999998
b2950,0.0168235952959
b2951,0.0056789120649
b2952,0.019844790111599998
b2953,0.0165830581682
b2954,-0.004904941363319999
b2955,-0.000517791942898
b2956,-0.023475803823700004
b2957,0.037955035684
b2958,-0.0007321638087219999
b2959,0.00143462779419
b2960,0.013536098450499998
b2961,0.00500684001781
b2962,-0.00922400734606
b2963,0.0016188625096600002
b2964,0.00452709661931
b2965,6.02171043033e-05
b2966,0.00558534496928
b2968,-0.0140087790198
b2969,0.0015358350683
b2970,0.011591052955700001
b2971,0.00107609996098
b2972,-0.00161948508076
b2975,0.0009272579489389999
b2976,-0.0138573885383
b2977,-0.00197096100231
b2979,0.006123705974550001
b2980,0.00042507707428099997
b2981,0.00514389271378
b2983,0.00934157016103
b2984,-0.0168102180063
b2987,-0.000122137329983
b2988,0.00271583825044
b2989,0.00175096440941
b2990,0.0065574114563
b2991,0.00100910159109
b2992,-0.0014090521027100005
b2993,-0.005794624575209999
b2994,-0.00100113333027
b2995,0.010687385495500001
b2996,0.000122495157601
b2997,-0.022972317740700004
b2998,-0.017946249128900003
b3001,0.0057119734804099995
b3002,0.0024743811295300003
b3003,0.00415675972875
b3005,-0.004253345895489999
b3006,-0.0156676641716
b3008,0.00547544092775
b3009,0.00826040028046
b3010,-0.0050188116486600005
b3011,0.0202789881031
b3012,-0.000486505745698
b3013,0.0010383049955999999
b3017,0.0007961036128180001
b3018,0.00159712180816
b3019,0.000117088701699
b3020,-0.00988709838809
b3021,-0.011240091610700002
b3022,0.00348409264584
b3023,-0.018761265431
b3024,0.0027962249008800003
b3025,0.0221719880644
b3026,0.00220391124721
b3028,-0.00308134826282
b3029,-0.0116619299512
b3030,-0.0008984156703310002
b3031,0.00449581279994
b3032,-0.00368372892956
b3033,0.000388699199352
b3034,0.000600810131648
b3035,0.00295331475844
b3037,-0.000408232612991
b3038,-0.006448225593729999
b3039,-0.0215558200851
b3040,0.007173694979310002
b3041,-0.00990437860495
b3042,0.0041293763178900005
b3043,-0.0048335909758
b3046_2,0.00211639613828
b3047,0.00735158144845
b3048,-0.0019390135050299999
b3049,-0.00455430357358
b3050,-0.00852318113594
b3051,-0.0116761679106
b3052,0.00520370594086
b3053,-0.0024153910888
b3054,-0.00793384121636
b3055,0.000595033540155
b3056,-0.00982004716556
b3057,0.00207049884408
b3058,0.00031513818563999997
b3059,0.011785077886600001
b3060,-0.0376520263079
b3061,0.012829610544200001
b3062,-0.011071792659200002
b3063,0.00295479652037
b3064,0.00027350489092199995
b3065,-0.0210629465839
b3066,0.007311290349289999
b3067,-0.0006116385515290001
b3068,-0.00349959096802
b3070,-0.00485688356406
b3071,-0.0062947587251
b3072,-0.0016794424621700001
b3073,-0.00264839823103
b3075,0.0026328769186900005
b3076,0.016986855026700002
b3078,-0.00571293500483
b3079,0.0239544131068
b3080,-0.017709648566199998
b3081,0.005680788035159999
b3082,-0.00038291097937699994
b3083,0.0071505425881
b3084,0.00219174932321
b3085,-0.0057917064305299994
b3087,0.0008632333979700001
b3088,0.0012296332144100001
b3089,0.00437615452536
b3090,0.011077816893100001
b3091,0.00118352345793
b3092,-0.013602190106600002
b3093,0.00213379231325
b3094,-0.0106162874019
b3095,-0.007540227946970002
b3096,0.00913329774296
b3097,-0.013602766665299998
b3098,-0.00307779291825
b3099,0.00218916584647
b3100,0.000667344467491
b3101,-0.0198833562176
b3102,-0.0028937223727600004
b3103,-0.0196830719181
b3105,-0.0023263851758400004
b3106,-0.0249445096043
b3107,0.00198601495639
b3110,-0.032507371433900006
b3113,-0.0034370979343299997
b3114,-0.010524389669500001
b3115,0.025197747058200003
b3116,0.0043054107738500005
b3117,0.00323875069399
b3118,-0.00979457310614
b3124,-0.012394898549899998
b3125,-0.00737867823016
b3126,-0.00299094790139
b3127,-0.013782565296399998
b3128,0.00334370103473
b3129,0.00355561645571
b3130,-0.000117879958125
b3131,-0.0008778473971989997
b3132,-0.021571013595099997
b3133,-0.007872785172380001
b3134,0.0083998527957
b3135,-0.00021338252695299998
b3136,0.00338358049718
b3139,0.00902107226403
b3140,0.010813060564600002
b3142,-0.0206584845891
b3144,-0.00245874182889
b3145,-0.008252452274
b3146,-0.0106036298988
b3147,-0.00368696917969
b3148,0.00105161233804
b3149,-0.0034719432836400003
b3150,0.00476927050574
b3151,0.00513372516159
b3152,0.00490090437695
b3153,0.0146039815869
b3154,-0.00161690518054
b3155,0.0197896183567
b3156,0.00045349915802199995
b3157,0.00386537989012
b3158,0.0023265675450000003
b3159,-0.0027750668069800003
b3160,-0.0152796162926
b3161,0.047356100497900004
b3162,0.0013228029496099999
b3163,-0.000564665815145
b3164,-0.0066106611046
b3165,0.00041248779466800003
b3166,-0.00691021442062
b3167,-0.00691264180067
b3168,-0.00885098269859
b3169,-0.00101090496504
b3170,0.00775487342056
b3172,-0.0154081013704
b3173,-0.008051131796810001
b3175,0.00445699541037
b3176,-0.00741195812709
b3177,-0.0175492351747
b3178,0.00355737402724
b3179,-0.00191547710755
b3180,-0.00122898160223
b3181,-0.019254026309700002
b3182,-0.013455542810500001
b3183,-0.00360437779304
b3184,0.008815601207139999
b3185,-0.00246226201963
b3186,-0.00122342726577
b3187,0.00476497724892
b3188,0.00082190324771
b3189,-0.00540564282307
b3190,0.0015495082426
b3191,0.0073835596105
b3192,0.00237809462268
b3193,-0.00186826782404
b3194,-0.00374597209163
b3195,-0.00487625744937
b3196,0.00773885575907
b3197,-0.00697212451454
b3198,0.00121006874752
b3199,-0.00471202929559
b3200,-0.00327527820487
b3201,-0.00789313293298
b3202,-0.00864979442316
b3203,0.000271660673926
b3204,0.00024968246679
b3205,-0.0028766472444099996
b3206,0.00980900670664
b3207,0.0134149630853
b3208,0.0163008396247
b3209,-0.00119475283317
b3210,0.0016971334968399999
b3211,-0.00172622389642
b3212,-0.015458463839799999
b3213,-0.016041342719000002
b3214,0.00265728846188
b3215,-0.042413305438199995
b3216,-0.011467529998000001
b3218,0.0033117521876100003
b3219,0.000384758773421
b3220,-0.00560310565389
b3221,-0.015110575174499999
b3222,-0.0161494190306
b3223,0.00606122446917
b3224,-0.0173942976417
b3225,-0.0103377886671
b3226,0.0020410514864
b3227,0.004895012498680001
b3228,-0.011698069853900001
b3229,-0.00299448619709
b3230,-0.0134188921221
b3231,0.00309714228258
b3232,0.00115299077802
b3233,0.00776157509566
b3234,0.0031070407248400002
b3235,0.00443508860928
b3236,-0.009086446157169999
b3237,0.006450536672479999
b3238,-0.00302094194129
b3239,0.009828954206540001
b3240,-0.0151325260791
b3241,-0.013287942835799996
b3243,-0.00508447048541
b3244,-0.006465300473869999
b3247,-0.00119512515364
b3248,0.0134106605939
b3249,0.017624703578
b3250,0.0077067067984999986
b3251,0.0080975387847
b3252,-0.00710648744654
b3253,0.000446574853345
b3255,0.00494324287945
b3256,0.00121457773149
b3258,0.00677592583258
b3259,-0.005396892000870001
b3260,0.000878482135943
b3261,-0.00860637156641
b3262,-0.017701179578
b3263,-0.00929738166764
b3265,0.00886729215615
b3266,-0.0027067829734099998
b3267,-0.00874826983442
b3268_2,0.0237712743015
b3269,-0.020377407911599997
b3270,-0.007865963359799999
b3271,-0.0030944993516
b3279,-0.000706058091805
b3280,0.00330648839179
b3281,-0.005957465588270001
b3282,0.0021600868138299998
b3283,0.0055351192536
b3284,-0.006875894006310001
b3287,-0.00112863363205
b3288,-5.6159688385e-05
b3289,-0.0033788323287199996
b3290,-0.00314216889433
b3291,-0.00248155886647
b3292,-0.00608476050923
b3293,0.0130075108084
b3294,-0.0182245401768
b3295,-0.00455834889679
b3296,-0.00872431269139
b3297,0.0083881942759
b3298,-0.00653423103005
b3299,-0.00186838176622
b3300,0.0009004506586989998
b3301,0.000823580889945
b3302,-0.0186887926733
b3303,0.0101503638451
b3304,-0.0031298907644699996
b3305,-0.00011943628912999996
b3306,0.00263372632287
b3307,0.005900994031869999
b3308,0.0057783177122
b3309,0.0110330801835
b3310,0.00445876244307
b3311,-0.0119085761493
b3312,-0.002754998109
b3313,-0.007564895791890002
b3314,-0.0012415191878
b3315,-0.019677481444400003
b3316,0.0036798226808200003
b3317,-0.005854894958819999
b3318,-0.00238863251346
b3319,-0.00472436530705
b3320,-0.0035474730354599997
b3321,0.00710354492392
b3322,-0.0173220098309
b3323,0.00454871054234
b3324,-3.54842705202e-05
b3325,-0.0080761087804
b3326,-0.020768166873700002
b3327,-0.011196757402099999
b3328,-0.00542899943009
b3332,-0.00476166854239
b3333,-0.0219356247297
b3335,-0.00748945380828
b3336,0.00244389048969
b3337,0.0116082339231
b3338,-0.012423335916600001
b3339,-0.015121748687100001
b3340,-0.00876280930498
b3341,-0.00835384751795
b3342,-0.0103142198945
b3343,0.00531265729874
b3344,-0.0112621812902
b3345,0.00417381690389
b3346,-0.00729763593398
b3347,0.000309971126614
b3348,0.0027191951968699997
b3349,0.00773227133848
b3350,-0.00568175456864
b3351,7.13914331673e-05
b3352,0.00106119851138
b3353,0.00603086033649
b3354,-0.0315845864606
b3355,0.00191998149748
b3356,-0.00360486907182
b3357,-0.00377657064351
b3358,0.00422505111026
b3359,-0.00521301933667
b3360,0.009365526521770001
b3361,0.00345301434717
b3362,0.019074755159400002
b3363,0.0019516758783499999
b3364,-0.00192953671471
b3365,-0.0126022982458
b3366,0.0485960187259
b3367,0.0427448538741
b3368,0.0199402409224
b3369,0.0441143761163
b3370,-0.00333809659939
b3371,-0.013406010601899998
b3374,-0.00920917395548
b3375,-0.00352813405091
b3376,-0.0038670527582800006
b3377,0.0005740585731419999
b3379,-0.0309847156764
b3380,0.00913434003899
b3381,-0.000509668455691
b3382,0.0345301447571
b3383,0.00973665113936
b3384,-0.011294930749700002
b3385,-0.00159803692472
b3386,-0.00970466737116
b3387,0.00022211449848299998
b3388,0.0065274488173799996
b3389,0.0027886783541
b3390,0.00201189974901
b3391,-0.0195722155251
b3395,0.00107203460964
b3396,0.00767559789007
b3397,0.00226628375023
b3398,0.00649841813494
b3399,-0.00585193882104
b3400,-0.007432907099510002
b3401,-0.0014194201015999995
b3402,-0.00741894692997
b3403,0.0011753758343800002
b3404,0.00366514772083
b3405,-0.00018406350134200002
b3406,-0.0102135140363
b3407,-0.00116138754082
b3408,-0.00468346710406
b3409,-0.026092788901400002
b3410,-0.00680938596943
b3411,-0.00597681895108
b3412,0.017393048683599997
b3413,-0.0018548293556300002
b3414,0.006317651295510001
b3415,0.011118876259000002
b3416,0.00236568392951
b3417,-0.012869832654299999
b3418,-0.010960783117500001
b3421,-0.0184215651517
b3422,-0.0102404710058
b3423_1,0.0210378923923
b3423_2,-0.00197665323336
b3424,0.0154250429628
b3425,0.023744505077
b3426,0.013820283026799999
b3428,-0.0186486211592
b3429,-0.008981341896209999
b3430,-0.0059338375301800006
b3431,0.00330839360023
b3432,8.04631380597e-05
b3433,-0.00424030295704
b3434,-0.0025477316987
b3437,0.00197368548382
b3438,-0.0127678702501
b3439,0.0014011808236
b3440,-0.00519733003063
b3441,-0.00455296637932
b3442,-0.00743373516738
b3446,-0.0587164093738
b3447,-0.0148926215911
b3448,0.00277542069276
b3449,-0.0103323991234
b3450,-0.0152339029688
b3451,-0.024568600556799998
b3452,-0.017981783576499998
b3453,-0.00863536370725
b3454,0.00897995729257
b3455,0.00194166790481
b3456,0.006241925241810001
b3457,0.019379428721900002
b3458,0.00577012946377
b3459,-0.0007438828492639999
b3460,0.008108036842419999
b3461,-0.00638615355738
b3462,0.00321635169394
b3463,-0.00115349408951
b3464,-0.006179318903310001
b3465,0.00232505571758
b3466,-0.014118389501
b3467,-0.00894055934284
b3468,0.015497804631299999
b3469,-0.0208517561681
b3470,-0.0136169095251
b3471,0.0108126266838
b3472,0.004535436270100001
b3473,0.00875282989475
b3474,0.005831051358439999
b3475,0.0022799915222600003
b3476,0.30250683522
b3477,0.289277699401
b3478,0.246222578288
b3479,0.27212181606999997
b3480,0.230074220148
b3481,0.034526134396300014
b3482,-0.00013757761700700002
b3484,-0.019531212980900003
b3485,0.0010472317675
b3486,0.0019466688243199998
b3487,0.018104462401
b3488,-0.00227833272814
b3491,0.0038231960072600004
b3492,0.00418789670841
b3493,0.016443813944
b3494,0.0119215818273
b3495,-0.005573065644609999
b3496,-0.0113967446479
b3497,-0.017915375229
b3498,-0.0088779966351
b3499,0.00706138669791
b3500,0.00388595135762
b3501,-0.0061606295815200005
b3502,0.022263244001099997
b3503,0.027722169055599998
b3505,0.00660619811382
b3506,-0.00973310891594
b3507,0.00968126235728
b3508,-0.00398265694382
b3509,-0.0104560931102
b3510,-0.00670179948483
b3511,0.00499261165135
b3512,-0.0071514423608399985
b3513,0.00495713695394
b3514,-0.00564564763381
b3515,0.0344424466547
b3516,-0.00219244931932
b3517,0.0102040041467
b3518,0.0148883656222
b3519,0.0037572503613
b3520,-0.0129088967243
b3521,0.00332047499234
b3522,0.0102619531886
b3523,0.026692413573400003
b3524,0.010312134308
b3525,-0.0062318027192099995
b3526,0.012810107256700001
b3527,-0.00513189044529
b3528,0.0026278565985300003
b3529,0.00445870774806
b3530,-0.00864039164889
b3531,-0.0111562055773
b3532,-0.0050298373600200005
b3533,-0.009824699124950001
b3534,-0.0167577301945
b3535,-0.0190582345268
b3536,-0.0100972952958
b3538,-0.00256126467148
b3539,0.008257026825119999
b3540,-0.0022344537883099997
b3541,0.0103673370471
b3542,0.0114491821838
b3543,0.004589269002819999
b3544,0.00305665862377
b3546,-0.0061809237596099995
b3547,-0.0219969903298
b3548,-0.00399894620599
b3549,0.000980037258815
b3550,0.0028093231653299995
b3551,-0.00367467249919
b3552,-0.009988222216440001
b3553,-0.000257625381644
b3554,-6.5064712404e-06
b3555,0.017489691039200003
b3556,0.007023529432729999
b3557,-0.00197472243879
b3558,0.026505297359700003
b3559,-0.011183969467799999
b3560,-0.0051794739134799995
b3561,0.020736204884
b3562,0.012679186124799999
b3563,-0.014100314933100001
b3564,-0.0032917736703200005
b3565,-0.00525549752275
b3566,0.00159055773553
b3567,0.013184922961200001
b3568,0.007632732063919998
b3569,0.0021345651924900002
b3570,0.02337328422
b3571,-0.0062119497025000005
b3572,0.000619402562041
b3573,0.016077877905899998
b3574,-0.0060913692157999995
b3575,-0.00480633542103
b3576,0.0335614917902
b3577,0.0100288200061
b3578,0.00502287087518
b3579,0.00478720328815
b3580,0.015078429183
b3581,-0.0115519752405
b3582,-0.0035123348295899998
b3583,-0.00810273701115
b3584,-0.0165809157601
b3585,-0.000742901194178
b3586,-0.0033013877431300005
b3588,0.0073049675363299985
b3589,0.009969414557149999
b3590,0.005941579380240001
b3591,-0.00577616201087
b3592,0.000355449915672
b3593,-0.0069223426570300004
b3594,-0.00379089329162
b3595,-0.0012110600651099998
b3597,-0.0152203387233
b3598,-0.037010092452500004
b3599,0.010700579490399998
b3600,-0.00654406515979
b3601,-0.008936210014700002
b3602,-0.0024394260703200004
b3603,-0.014722996752799996
b3604,0.00913430878262
b3605,-0.00524917205663
b3606,-0.0031957084688000004
b3607,-0.0108086928353
b3608,0.00230262314533
b3609,-0.00388162965775
b3610,-0.0147204960888
b3611,0.0011869048143399999
b3612,-0.0040588164692600005
b3613,0.00664320179099
b3614,-0.00027374933749699996
b3615,-0.0126930430923
b3616,-0.0015156647966099999
b3617,-0.00798343245245
b3618,0.00176368198654
b3619,-0.00783642381681
b3620,-0.00259945633258
b3621,0.00131002784203
b3622,0.000594569830299
b3623,0.0015456273249000005
b3624,0.0011657656533599998
b3625,0.00487607871568
b3626,-0.0028392357705
b3627,-0.00113245552475
b3628,0.00153089423303
b3629,0.00564942602801
b3630,0.00301855676181
b3631,0.00099868821772
b3632,-3.37727789797e-05
b3633,0.0017459073315799999
b3634,0.008465272204899999
b3635,-0.009797606043200001
b3636,-0.0150852087083
b3637,0.0037097602015699997
b3638,0.00155277722686
b3639,-0.00259531630242
b3640,0.00226657275323
b3641,-0.007664319608369999
b3642,0.027259617883700002
b3643_1,-0.0053069382766499995
b3644,-0.00971851468102
b3645,-0.024687960888400005
b3646,0.042973261337199996
b3647,-0.00695326792565
b3648,-0.004298336249020001
b3649,0.0063981775617499995
b3650,-0.00849794710953
b3651,-0.0027481544076100005
b3652,-0.0167966261684
b3653,-0.0060075115477
b3654,-0.0044464357409
b3655,-0.000102987078093
b3656,0.00152846790328
b3657,0.020089971210099998
b3659,0.00735494507681
b3660,0.014601930739799996
b3661,-0.0119469314545
b3662,-0.00229377990361
b3663,0.0205838237052
b3664,-0.0014556771641199998
b3665,-0.00036684388728900003
b3666,-0.014603179404299999
b3667,-0.00801451514149
b3668,-0.0123823871695
b3669,0.00175324617134
b3670,-0.00333653045928
b3671,0.0111426179162
b3672,0.0155968643557
b3673,0.00494508552182
b3674,0.00345766256643
b3675,0.0107134026926
b3676,-0.010872100905599999
b3677,0.0025318731110300003
b3678,-0.022818575191900003
b3679,0.0187969883625
b3680,0.0042144824051100005
b3683,-0.0022079959983400004
b3684,0.00638353770486
b3685,-0.0022639690510700004
b3686,-0.0026509029530699998
b3687,0.004878784851350001
b3688,0.00618163867292
b3689,-0.0117537943863
b3690,-0.0100946435912
b3691,0.0015385714327
b3693,0.00406699589479
b3696,0.0127773074145
b3697,0.00929732030553
b3698,-0.0022776545350300004
b3699,-0.00419308023525
b3700,0.0127892704335
b3701,-0.001280528792
b3702,-0.011237185363
b3703,0.0360719734972
b3704,0.015422021772799999
b3705,0.00314251139468
b3706,-0.000802949856406
b3708,0.0129206541318
b3709,0.0313485782738
b3710,-0.009666608204870001
b3711,-0.000300843056115
b3712,-0.00345282738799
b3713,0.0023437811495999996
b3714,0.00550920181452
b3715,-0.00251048279154
b3716,0.0159818292417
b3717,0.00143891866859
b3718,-0.012164887153
b3719,-0.000713821436619
b3720,0.0040105429607
b3721,0.00137963017341
b3722,0.019038921574400004
b3723,0.00596252528393
b3724,-0.0125310546993
b3725,-0.0145083488549
b3726,-0.002239615385
b3727,0.0006599258657480001
b3728,-0.0051821718749
b3729,-0.005371222249640001
b3730,-0.00331389921168
b3731,-0.013942247668299998
b3732,-0.0036270997668099996
b3733,-0.00302337992531
b3734,-0.00787955241662
b3735,-0.0101869357811
b3736,-0.00374444415782
b3737,-0.00453867768793
b3738,-0.000422504331112
b3739,0.0115331702166
b3740,-0.0192346423865
b3741,-0.008950980708239999
b3742,0.017901947217999998
b3743,-0.00353904411509
b3744,-0.0224830142204
b3745,-0.0033252849242700003
b3746,-0.00495689319714
b3747,0.0027123133924
b3748,-0.011995286891900001
b3749,0.000165667373773
b3750,-0.00674333479285
b3751,-0.00622955439716
b3752,-0.013209449544600002
b3753,0.00166697749974
b3754,-0.0034733865675500002
b3755,-0.0276344900638
b3764,-0.0024944125587399997
b3765,0.00243535603018
b3766,0.013230895676200002
b3769,0.008778362761079999
b3770,-0.0010971744956900001
b3771,0.007546994703029998
b3772,0.006854636372649999
b3773,-0.014534686389600001
b3774,-0.006926016799520001
b3775,-0.00126470218072
b3777_2,-0.000617807044681
b3778,-0.00094276091615
b3779,0.00040107327285900004
b3780,0.00551986560586
b3781,0.011052594251899998
b3783,-0.007436995162010002
b3784,0.0017610677410399996
b3785,0.009058151209569999
b3786,0.012971585053000001
b3787,0.00231368523145
b3788,0.0035639232811499996
b3789,0.014261650898400001
b3790,-0.00157861417278
b3791,-0.011149737407599999
b3792,0.00375222641115
b3793,0.0071355321347399995
b3794,-0.004765402701149999
b3795,0.018982774291999998
b3800,-0.00285878243043
b3801,0.0055628917104499995
b3802,-0.00300577572415
b3803,-0.000490566684285
b3804,0.00438901564778
b3805,0.00117887906152
b3806,-7.96820771999e-05
b3807,0.00235594771383
b3809,-0.00345623034935
b3810,-0.006107542845930001
b3811,-0.0034079464240900003
b3812,-0.00354283698552
b3813,-0.00214235791225
b3816,-0.003886711588300001
b3817,-0.04308376734180002
b3819,-0.0075020765012100005
b3820,-0.006718695369779999
b3821,0.0133903391837
b3822,0.00945665645721
b3823,0.0060143514353800005
b3824,0.012401044986299998
b3825,0.00210275349655
b3826,-0.00350122658748
b3827,-0.015772249539
b3828,0.0222630395735
b3829,-0.0116015157579
b3830,-0.006624143029029999
b3831,-0.00589667406108
b3832,0.00010119978019
b3833,-0.00447886530046
b3834,0.00342418180027
b3835,-0.00130371077772
b3836,0.00342280180403
b3838,0.00146237008255
b3839,0.0072709627214
b3842,0.0108261899147
b3843,0.00115787106308
b3844,0.00605670448261
b3845,0.0102673940153
b3846,-0.005530798113140001
b3847,0.00290952505716
b3848,0.0004710483613490001
b3849,0.006722691254089999
b3850,0.00833013368685
b3856,-0.010508708200700002
b3857,0.00490294884031
b3858,-0.00266361246736
b3859,-0.00198723300702
b3860,0.0005228184665110001
b3861,-0.017010060294000002
b3862,0.0115959276242
b3863,-0.00098433902699
b3865,0.0117564644529
b3866,-0.00350877291074
b3867,-0.00225022850752
b3868,0.0163081426386
b3869,0.00330467005493
b3870,0.0015578072990499999
b3871,0.00750823199004
b3872,-0.00449020477396
b3873,0.0018692770847000002
b3874,0.04145649614980002
b3875,0.0038660942338
b3876,-0.016225221882599998
b3877,-0.0158743020163
b3878,0.0125673821499
b3879,-0.00630845520025
b3880,-0.009966983325879999
b3881,-0.0151822261259
b3882,0.0257493240125
b3883,-0.008567775268439999
b3884,-0.014663541184300001
b3885,0.0028369953261500004
b3886,-0.000998106511922
b3887,0.00258766596699
b3888,-0.00699934931275
b3891,-0.0031112339618000005
b3892,0.0304833091035
b3893,-0.000533056662917
b3894,0.00980925244465
b3895,0.00152219389823
b3896,-0.00206520445246
b3897,0.00805481807111
b3898,7.08625946317e-05
b3899,-0.00215426111317
b3902,0.0223168453747
b3903,-0.004177913122059999
b3904,-0.000423533128883
b3905,-0.00268165091911
b3906,0.013621257268799999
b3907,0.0160061545216
b3908,0.00262171354175
b3909,0.00626389736715
b3910,0.00551582434397
b3911,-0.00848860139693
b3912,-0.007269578966
b3915,0.00793657401933
b3916,0.00832303396178
b3917,-0.0135641359452
b3918,0.00199726978017
b3919,-0.00680299956053
b3920,0.00717382470041
b3921,0.006283241925220001
b3922,-0.00737994639158
b3923,-0.0109649894181
b3924,-0.00717271778653
b3925,8.05711785162e-05
b3926,-0.00636822037813
b3927,-0.00435489420543
b3928,-0.0031545898337
b3929,-0.00207411092734
b3930,0.00965265018543
b3931,0.0017345836457500002
b3932,0.0055549692750799995
b3933,0.0102662351693
b3934,0.0141289948697
b3935,-0.0028408769627399997
b3936,0.00435801636933
b3937,-0.012152956750199999
b3938,0.012246017969599999
b3939,-0.00173208212229
b3940,-0.0058032399586000006
b3941,-0.0007139094223150001
b3942,0.00599427327364
b3943,0.00034744227177499996
b3945,0.00917657366353
b3946,0.00596617340607
b3947,0.0038341183229200003
b3949,0.00434764760772
b3951,0.00409397555965
b3952,0.00441860630963
b3954,0.009656623579709998
b3955,0.00632897910236
b3956,-0.0053391983453800005
b3957,-0.007394960388979998
b3958,-0.00491217774271
b3959,-0.00798546605049
b3960,-0.0127331143615
b3961,0.00850143127915
b3962,-0.0103119289836
b3963,-0.0101891646175
b3964,-0.011920644732899999
b3965,-0.00025515269683500005
b3966,0.011624443088
b3967,0.00142261645207
b3972,6.91319060932e-06
b3973,0.00708351257088
b3974,0.00526921375768
b3980,-0.0151461096646
b3981,0.005681041745229999
b3982,-0.00259991420047
b3983,-0.00442974794815
b3984,7.6594861237e-05
b3985,-0.0037626651523899996
b3986,0.00763174520243
b3987,-0.00386873029434
b3988,-0.00882699963619
b3989,-0.007214340957909998
b3990,0.0008929670344489998
b3991,-0.00613112719815
b3992,0.00413824864029
b3993,0.00132414174299
b3994,0.00835302820157
b3995,-0.00463626824133
b3996,0.005471876223
b3997,-0.0074361360956800016
b3998,-0.0043208260822700005
b3999,-0.00339633677763
b4000,-0.00980741815023
b4001,-0.000274766602671
b4002,-0.0236846077153
b4003,-0.0254191190479
b4004,0.0114702874131
b4005,-0.009878679748899999
b4006,-0.00614700950058
b4012,-0.0081336096556
b4013,0.00166544853327
b4014,-0.0017512275879700001
b4015,-0.005575320815370001
b4016,-0.0006193600221240001
b4017,0.00926947930456
b4018,-0.0044216859839499995
b4019,-0.00385031828532
b4020,-0.00400762198794
b4021,0.0180375528957
b4022,0.004148434890469999
b4023,-0.00648713497971
b4024,-0.00433913680986
b4025,-0.030023552986300002
b4026,-0.0154805152324
b4027,-0.0088185630475
b4028,0.00981108944382
b4029,0.000645652519525
b4030,0.014527828021799999
b4031,0.0123665974651
b4032,-0.0182442048522
b4033,0.0033594919978099996
b4034,-0.0146973002887
b4035,-0.000417693378248
b4036,0.00184536774744
b4037,0.00227885004424
b4038_3,0.00197751215017
b4039,-0.00773791955863
b4040,-0.007011170941550001
b4041,0.000885641786996
b4042,0.000728057893918
b4043,-0.009943502500200001
b4044,0.0033025060541900003
b4045,0.0417352471263
b4046,0.0024142481753499996
b4049,0.005257089031539999
b4050,0.010019169839
b4051,0.008296702867049999
b4052,-0.0022595872093699996
b4053,-0.00627340314276
b4054,-0.00581225975598
b4055,-0.0005949848525880001
b4056,-0.00423349336489
b4057,-0.00045704004100800003
b4058,-0.00857555473431
b4059,0.00444369059284
b4060,-0.000946220404618
b4061,0.0026921322204
b4062,-0.006868175537750001
b4063,0.020948291243200003
b4064,-0.0007299764955910001
b4065,-0.00766212754847
b4066,0.00458797374057
b4067,0.0059941857658
b4068,0.017907147242099998
b4069,-0.011009688810499999
b4070,0.00260837990502
b4071,0.00614203629542
b4072,0.040312024286300006
b4073,0.016390067898899997
b4074,0.0304843898239
b4076,0.0134193181323
b4077,-0.0189691841337
b4078,-0.00359149891499
b4079,0.0052812330345100005
b4080,0.011322163735599999
b4081,-0.00040648276440099996
b4082,0.016663076966799997
b4083,-0.0125490000839
b4084,-0.00837502621867
b4085,-0.00359094434443
b4086,0.04049218429840002
b4087,0.00953353938726
b4088,0.0165511084083
b4089,0.00393565743193
b4090,-0.00566573113117
b4092,-0.009453677724760001
b4093,0.014902014607500003
b4094,-0.00908779232432
b4095,0.00416570581458
b4096,0.0390686233949
b4098,0.0031262170093600003
b4099,0.0229889649845
b4102,-0.0044903699142
b4105,-0.00149358233082
b4106,0.0311148219467
b4107,0.00645956682166
b4108,0.0005801138121640001
b4109,0.007728578509600002
b4110,-0.0076262539896800015
b4111,0.00746896329385
b4112,-0.000825334971253
b4113,-0.0195997511713
b4114,-0.0307878577312
b4115,0.0104187248746
b4116,-0.00354612790938
b4117,-0.00340134734306
b4118,-0.0152610310518
b4119,-0.010543170373799999
b4120,0.00637346281753
b4121,-0.000571190950005
b4122,0.009546644629679999
b4123,0.034625247840400004
b4124,0.008094463888250001
b4125,0.00472369694322
b4126,-0.00734917263896
b4127,-0.0232963747003
b4128,-0.0041038990457900005
b4129,-0.00483130618639
b4130,-0.00974277197383
b4131,-0.00909359427052
b4132,-0.0064170664867000005
b4133,-0.007830685589750001
b4135,-0.00337737948053
b4136,0.00578307489437
b4137,0.011031888352
b4138,0.0011661128313
b4139,0.0174923719098
b4140,0.0121129213943
b4141,0.00289711352671
b4142,0.00216425284981
b4143,0.00152289284055
b4144,-0.00359878009716
b4145,0.025217416181799998
b4146,-0.00493250442053
b4147,0.006455746528310001
b4148,-0.00270784416655
b4149,0.0029301770215300004
b4150,0.005956801398249999
b4151,0.017117328294799998
b4152,0.0026771515645999996
b4153,-0.00864745737952
b4154,-0.0140430073003
b4155,0.00223139141843
b4156,0.0240222171928
b4159,0.0025068848969600002
b4160,0.0071065144355200015
b4161,-0.00011428881682899999
b4162,0.00378683401259
b4166,-0.0023237595652100002
b4167,-0.00871200936052
b4168,-0.00903069204749
b4169,-0.00450830027356
b4170,-0.0102257157477
b4171,-0.00570230041806
b4172,-0.0095700241573
b4173,-0.00034728034009400005
b4174,0.0016291309272
b4175,0.009760217307389999
b4177,-0.00626608733315
b4178,-0.008743568312709999
b4179,-0.00108397349571
b4180,0.0010128924086799998
b4182,-0.0033469230802699998
b4186,-0.00651864654887
b4187,-0.023541044032700003
b4188,0.00575147397234
b4189,-0.00302184502802
b4190,0.00215150004598
b4191,-0.0042013467110799995
b4192,0.00437088957998
b4193,0.017182204415400002
b4195,0.024026672555900002
b4196,-0.018535848634500002
b4197,-0.00036851870231400017
b4198,0.0228715667713
b4199,-0.00545732257997
b4200,-0.00307776613755
b4201,0.011605818076899999
b4202,0.00544323687212
b4203,-0.00693564893774
b4204,-0.010733923553299999
b4206,0.011941036758999999
b4207,0.00800108139249
b4208,0.00211405956044
b4209,-0.00361592262553
b4210,0.014221363079899999
b4211,0.00279121843819
b4212,-0.00319513481503
b4213,-0.000995894972862
b4214,0.00428239434306
b4215,-0.011445541356600001
b4216,-0.0160860730623
b4217,-0.0489790790527
b4218,-0.005937307134539999
b4219,-0.00034474122334099985
b4220,-0.0014833052680699999
b4221,-0.0031936308081900004
b4222,-0.010248479162799999
b4224,0.00786897863064
b4225,0.00755353736041
b4226,-0.0038286961847
b4227,-0.00640700948259
b4230,0.00183498440851
b4231,0.00630807463493
b4232,0.0010043543038
b4233,-0.000251181532404
b4234,0.00490084726742
b4235,-0.0025606329177300003
b4236,-0.014637139695299999
b4237,0.0170710665936
b4238,-0.011643199428299998
b4239,0.0146739071246
b4240,0.004384428651600001
b4241,-0.00733682001354
b4242,0.0122454218781
b4243,-0.00478732361079
b4244,0.012195446998
b4245,0.000394713965899
b4246,-0.0008111741376639999
b4248,0.00171486644925
b4249,-0.0042545106291
b4251,-0.00593009825356
b4252,-0.0120080806424
b4253,-0.000884475265369
b4254,0.00341435127451
b4255,-0.010598659839700002
b4256,0.00017700926098199998
b4257,0.0036598735029699995
b4258,-0.00348236683433
b4259,0.00319332896916
b4260,-0.0009461888706830001
b4261,0.0021758661159099997
b4262,-0.000662614188118
b4263,-0.0078063146699
b4264,0.00495745005907
b4265,-0.0138615460626
b4266,-0.014096172972899999
b4267,0.0014491322327000002
b4268,0.0156965488748
b4269,-0.00341149136114
b4271,-0.0106023214735
b4278,0.00683504308572
b4279,-0.0176392312742
b4280,-0.00772232363879
b4284,-0.0019378723389200001
b4287,0.00200121690372
b4288,0.00602486562041
b4289,0.00565075618095
b4290,0.0025538914812399996
b4291,0.017263054523900003
b4292,-0.007671743415720002
b4293,-0.007836187571470001
b4294,0.004895396395189999
b4295,-0.000504440209671
b4296,0.00661126807636
b4297,-0.00237662268475
b4298,0.0139699991715
b4299,0.005417744562069999
b4300,-0.00755777004027
b4301,-0.00480087622383
b4302,-0.0170941692849
b4303,-0.00276899011081
b4304,0.010516399905999998
b4305,0.000212554132306
b4306,0.012552232649100001
b4307,-0.00366968085735
b4308_2,-2.66082909277e-06
b4309,-0.009255047195959999
b4310,-0.0045575785796400006
b4311,0.00866541381651
b4312,-0.00117586041273
b4313,-0.00580099737595
b4314,0.009494401394670001
b4315,-0.003035317099
b4316,-0.00370368541007
b4317,0.0008132511095510001
b4318,-0.023217775383000003
b4319,0.0148585405027
b4320,-0.012450770430700002
b4321,-0.00229380447415
b4322,0.0040907230723899995
b4323,-0.0061506639396200005
b4324,-0.00600813137111
b4325,0.0182998142676
b4326,-0.0367735944959
b4327,-0.0016667500321600002
b4328,-0.00136791863929
b4329,0.0005034382195930001
b4330,-0.00518599294644
b4331,-0.00448218767932
b4332,-0.00458635469982
b4333,0.0154439757892
b4334,0.0255694437381
b4335,0.00943871422862
b4336,-0.0036440390159
b4337,0.00427068516432
b4339,-0.0207054595062
b4340,-0.0037525309912800004
b4342,0.0034862036208600003
b4345,-0.0437060176771
b4346,-0.009074559122530001
b4348,-0.0113239442302
b4349,-0.006193057552850001
b4350,-0.006269767489670001
b4351,-0.0174037509136
b4352,-0.00345108362797
b4353,0.011703174538399998
b4354,0.0172237244942
b4355,0.0026589253688000004
b4356,0.005009554689439999
b4357,0.00710324954842
b4358,0.0147195472997
b4359,-0.00267193786884
b4360,-0.00706043219456
b4361,-0.016093775733399998
b4362,-0.00808367475496
b4363,0.00652182592666
b4364,-0.0025526484018200003
b4366,0.00396924620997
b4367,-0.0113075734806
b4371,0.0021958645260100004
b4372,0.00830150689889
b4373,0.00989069867465
b4374,-0.0075207863185000005
b4375,0.0030783329433
b4376,0.0228491319986
b4377,-0.0180634007951
b4378,0.011705728300900001
b4379,0.0198198757797
b4380,0.0271554504869
b4381,-0.010067314279
b4382,-0.010067852461299999
b4383,-0.008683197054709999
b4384,-0.00761600242614
b4385,-0.00317927312943
b4386,-0.00496445282096
b4387,0.012889764096
b4388,0.025498535230799996
b4389,-0.00231916582736
b4390,-0.00474529327136
b4391,-0.007103239440079998
b4392,-0.0034424282095000002
b4393,0.00207757698036
b4394,7.87656645212e-05
b4395,0.00313364863819
b4396,0.00835902033806
b4397,0.00989711984415
b4398,0.00031552176871499994
b4399,-0.0042878892675700005
b4400,0.00625649534821
b4401,0.0049141914204499995
b4403,-0.00547566756535
b4406,-0.0385946890292
b4407,-0.00988809506671
b4409,-0.009603914169580001
b4410,0.00736285175297
b4411,-0.0034477847060399996
b4428,-0.00689555661114
b4460,-0.0030879722592399997
b4461,0.0032221736661799997
b4462,-0.0249729637929
b4463,-0.00149044350003
b4464,-8.04187721443e-05
b4465,0.00040180362464999997
b4466,0.0018063378919000001
b4467,-0.00989486253403
b4468,0.00574300120913
b4469,0.00798733401482
b4470,-0.0318401125711
b4471,-0.00421320339391
b4472,-0.0102120460243
b4473,0.0037846326734999997
b4474,0.000590044466232
b4475,-0.027296389944599996
b4476,-0.0109757541216
b4477,0.0205346934568
b4478,0.00462055765524
b4479,-0.0008600153718989999
b4480,0.00661238540363
b4481,-0.0010056841962400001
b4482,-0.0130432229711
b4483,-0.0069850943204
b4484,0.0131439553791
b4485,0.00202485997679
b4486,0.00152931190867
b4487,-0.00788557756016
b4488_1,-0.014361630436700001
b4488_2,-0.012754104791600001
b4490_2,0.011712922943500001
b4491_1,-0.00720162756079
b4492_1,0.00198195451611
b4492_3,0.0021712052933
b4493_1,-0.0037186261629000004
b4493_2,-0.00313504502179
b4495_1,-0.0373446716804
b4495_2,0.00031189605356299994
b4496_1,0.0363497631961
b4496_2,-0.00370817702423
b4497,0.014886546675499997
b4498_1,-0.0128809386984
b4498_2,-0.00804136098814
b4499_1,0.011585649691899999
b4500,-0.00789550224718
b4501,0.00214637609466
b4505,-0.0174867148552
b4506,0.00347717396412
b4511,-0.0157473775053
b4512,-0.00511155027973
b4515,-0.00143625323401
b4517,-0.00320551262203
b4518,0.014696141625899996
b4519,0.0111792895395
b4522,-0.037071083
b4523,0.017853222766900004
b4529,-0.0113261515885
b4536,0.0180647307401
b4537,0.00034427544167300005
b4539,-0.00503823949129
b4543,-0.0167528634605
b4544,-0.012784369901399998
b4546,-0.00379209172394
b4547,0.0132767701499
b4550,0.0389562865991
b4551,-0.0475559926549
b4553,0.0182451379213
b4554,0.0165370192711
b4555,-0.0017201234575899998
b4556,0.0136024495566
b4557,0.0171040344349
b4558,0.000868588498202
b4565,-0.0141923534164
b4567,0.0101981048044
b4568,0.05202093857469999
b4571_1,0.0021774859081
b4571_2,0.012263665914200002
b4572,0.0102195401267
b4575_2,0.00307267811536
b4576,0.0261977045228
b4580_1,0.005761472480399999
b4580_2,-0.000119708871588
b4581_2,-0.0155570874263
b4582_1,-0.0263708933768
b4582_2,0.014319590991499999
b4587_1,0.000983954748048
b4587_2,-4.99695633951e-05
b4593,0.00157697137514
b4595,-0.00989883371766
b4596,-0.0556572594145
b4600_2,0.00126398047326
b4620,-0.0360949205556
b4623_1,0.00948721174509
b4633,0.0719857360204
b4634,-0.04217895906000002
b4640_1,0.0092565630019
b4641,-0.070762845203
b4646_2,0.024946697756799998
b4656,-0.00878836450839
b4658_1,0.0101866584895
b4658_2,0.0156048175165
b4659_1,-0.011620580353299999
b4659_2,0.00511548281485
b4660_1,0.00585108439045
b4661,0.0007744944839999999
b4662,-0.008000031347000001
b4676,0.0049079291245100005
b4686,-0.0393708091528
b4688,0.10249789021500001
b4693,0.004693821247010001
b4696_1,-0.000441732519444
b4696_2,0.0153444621841
b4705,-0.0195552115439
