,name,x,y,cog,color,link
meta,start,0.07927864999173379,,,,
STM0002,thrA,337,0.0173785977,Amino acid transport and metabolism,#ff0000,
STM0003,thrB,2801,0.00036857430000000003,Nucleotide transport and metabolism,#00bfbf,
STM0004,thrC,3734,0.0041721185000000004,Amino acid transport and metabolism,#ff0000,
STM0005,yaaA,5114,-0.010574282,Function unknown,#708090,
STM0006,yaaJ,5966,-0.0006907346,"Intracellular trafficking, secretion, and vesicular transport",#8b4513,
STM0007,talB,7665,-0.0070732751,Nucleotide transport and metabolism,#00bfbf,
STM0008,mog,8729,-0.0126478018,Coenzyme transport and metabolism,#008000,
STM0009,yaaH,9376,-0.0182341938,Function unknown,#708090,
STM0010,htgA,10092,0.0170989665,Function unknown,#708090,
STM0011,yaaI,10841,-0.0058985316000000005,Function unknown,#708090,
STM0012,dnaK,11593,-0.0062645848,"Post-translational modification, protein turnover,and chaperones",#87ceeb,
STM0013,dnaJ,13595,-0.0059477963000000005,"Post-translational modification, protein turnover,and chaperones",#87ceeb,
STM0014,STM0014,15014,0.0014077505,Transcription,#f4a460,
STM0015,STM0015,16088,0.0090363474,Function unknown,#708090,
STM0016,STM0016,16493,0.0126985142,Function unknown,#708090,
STM0017,STM0017,17043,0.01127828,Transcription,#f4a460,
STM0018,STM0018,17867,-0.0010404518,Carbohydrate transport and metabolism,#ffc0cb,
STM0019,STM0019,20058,0.0024813572,Function unknown,#708090,
STM0020,STM0020,23335,0.0005181964,Signal transduction mechanisms,#00ff00,
STM0021,bcfA,24469,-0.0025381154,Cell motility,#da70d6,
STM0022,bcfB,25112,-0.0105065868,Cell wall/membrane/envelope biogenesis,#c71585,
STM0023,bcfC,25803,0.0004190598,Cell motility,#da70d6,
STM0024,bcfD,28425,0.0148098207,Cell motility,#da70d6,
STM0025,bcfE,29433,-2.5526000000000003e-05,Cell motility,#da70d6,
STM0026,bcfF,29994,0.0053844060000000004,Cell motility,#da70d6,
STM0027,bcfG,30478,-0.00572167,Cell motility,#da70d6,
STM0028,bcfH,31274,-0.010450007,"Post-translational modification, protein turnover,and chaperones",#87ceeb,
STM0029,STM0029,32545,-0.0365957472,Transcription,#f4a460,
STM0030,STM0030,33364,-0.0059635746,Transcription,#f4a460,
STM0031,STM0031,34376,-0.0160083138,Transcription,#f4a460,
STM0032,STM0032,35339,-0.0124981899,Cell wall/membrane/envelope biogenesis,#c71585,
STM0033,STM0033,37103,-0.002150239,Nucleotide transport and metabolism,#00bfbf,
STM0034,STM0034,38773,-0.0161414585,Function unknown,#708090,
STM0035,STM0035,40131,-0.0012906563000000002,Inorganic ion transport and metabolism,#0000ff,
STM0036,STM0036,41723,-0.010596349100000001,Energy production and conversion,#90ee90,
STM0037,STM0037,42932,-0.0074720395,"Replication, recombination and repair",#ff00ff,
STM0038,STM0038,44312,0.0083750135,Cell wall/membrane/envelope biogenesis,#c71585,
STM0039,nhaA,46190,0.0057794478,Inorganic ion transport and metabolism,#0000ff,
STM0040,nhaR,47418,0.0063774478,Transcription,#f4a460,
STM0041,STM0041,48372,0.0013043605,Carbohydrate transport and metabolism,#ffc0cb,
STM0042,STM0042,50451,0.001534126,Inorganic ion transport and metabolism,#0000ff,
STM0043,rpsT,52280,0.0010668123,"Translation, ribosomal structure and biogenesis",#000000,
STM0044,yaaY,52649,0.0464500465,Function unknown,#708090,
STM0045,ribF,52872,-0.0046032802000000005,Coenzyme transport and metabolism,#008000,
STM0046,ileS,53855,-0.0040345581,"Translation, ribosomal structure and biogenesis",#000000,
STM0047,lspA,56689,0.0060531954,Cell wall/membrane/envelope biogenesis,#c71585,
STM0048,slpA,57344,-0.00650567,Carbohydrate transport and metabolism,#ffc0cb,
STM0049,lytB,57796,-0.013393835100000001,Lipid transport and metabolism,#40e0d0,
STM0050,STM0050,58946,0.009512511100000001,No COG annotation,#87cefa,
STM0051,rihC,60164,-0.0070369819,Carbohydrate transport and metabolism,#ffc0cb,
STM0052,STM0052,61106,-0.0057966562,Transcription,#f4a460,
STM0053,STM0053,61794,0.0029364429,Signal transduction mechanisms,#00ff00,
STM0056,STM0056,66654,0.0109836863,Energy production and conversion,#90ee90,
STM0057,STM0057,67052,0.008310062200000001,"Intracellular trafficking, secretion, and vesicular transport",#8b4513,
STM0058,citC2,68637,-0.0020897396,Coenzyme transport and metabolism,#008000,
STM0059,citD2,69710,0.0111469477,Energy production and conversion,#90ee90,
STM0060,citE2,70000,-0.0052572421,Carbohydrate transport and metabolism,#ffc0cb,
STM0061,citF2,70880,0.021727811,Energy production and conversion,#90ee90,
STM0062,citX2,72400,0.006294485900000001,Coenzyme transport and metabolism,#008000,
STM0063,citG2,72929,0.0015921124,Nucleotide transport and metabolism,#00bfbf,
STM0064,dapB,74017,-0.0013838642000000001,Amino acid transport and metabolism,#ff0000,
STM0066,carA,75880,-0.0308754717,Nucleotide transport and metabolism,#00bfbf,
STM0067,carB,77047,-0.008391549,Nucleotide transport and metabolism,#00bfbf,
STM0068,caiF,80548,0.0015757326,Transcription,#f4a460,
STM0069,caiE,81020,-0.0067765039000000004,Function unknown,#708090,
STM0070,caiD,81725,-0.0033365144,Coenzyme transport and metabolism,#008000,
STM0071,caiC,82564,-0.0071196627,Lipid transport and metabolism,#40e0d0,
STM0073,caiA,85509,-0.00570324,Lipid transport and metabolism,#40e0d0,
STM0074,caiT,86686,-0.0081331842,Cell wall/membrane/envelope biogenesis,#c71585,
STM0075,fixA,88684,-0.0097957943,Energy production and conversion,#90ee90,
STM0076,fixB,89470,-0.007018885900000001,Energy production and conversion,#90ee90,
STM0077,fixC,90461,-0.0128510554,Energy production and conversion,#90ee90,
STM0078,fixX,91744,0.0193453011,Energy production and conversion,#90ee90,
STM0079,yaaU,92178,-0.0044248989,Carbohydrate transport and metabolism,#ffc0cb,
STM0080,STM0080,93607,0.0008637345000000001,Cell wall/membrane/envelope biogenesis,#c71585,
STM0081,STM0081,94131,0.0203160021,No COG annotation,#87cefa,
STM0082,STM0082,94771,0.0060457034000000005,Function unknown,#708090,
STM0084,STM0084,95959,0.0051486528,Inorganic ion transport and metabolism,#0000ff,
STM0085,yabF,98255,0.0020426375,Energy production and conversion,#90ee90,
STM0086,kefC,98778,-0.0037612414,Inorganic ion transport and metabolism,#0000ff,
STM0087,folA,100839,-0.0043494618,Coenzyme transport and metabolism,#008000,
STM0088,apaH,101424,0.0011198077,Signal transduction mechanisms,#00ff00,
STM0089,apaG,102283,0.0042356179,Inorganic ion transport and metabolism,#0000ff,
STM0090,ksgA,102663,-0.0010564758000000001,"Translation, ribosomal structure and biogenesis",#000000,
STM0091,pdxA,103481,0.0051852432,Coenzyme transport and metabolism,#008000,
STM0092,surA,104470,-7.97564e-05,Cell wall/membrane/envelope biogenesis,#c71585,
STM0093,imp,105810,0.0020346175,Cell wall/membrane/envelope biogenesis,#c71585,
STM0094,djlA,108424,0.0018423966,"Post-translational modification, protein turnover,and chaperones",#87ceeb,
STM0095,rluA,109331,-0.0179170914,"Translation, ribosomal structure and biogenesis",#000000,
STM0096,hepA,110002,-0.010708672,Transcription,#f4a460,
STM0097,polB,113082,0.0008490944,"Replication, recombination and repair",#ff00ff,
STM0098,STM0098,115477,-0.0059819095,Function unknown,#708090,
STM0100,STM0100,116816,0.0052783254000000005,Function unknown,#708090,
STM0101,araD,117241,-0.0135444478,Carbohydrate transport and metabolism,#ffc0cb,
STM0102,araA,118077,0.0049280984,Carbohydrate transport and metabolism,#ffc0cb,
STM0103,araB,119590,0.0015038459,Nucleotide transport and metabolism,#00bfbf,
STM0104,araC,121640,-0.0056470455000000004,Transcription,#f4a460,
STM0105,yabI,122604,-0.012044284300000001,Function unknown,#708090,
STM0106,yabJ,123410,-9.08936e-05,Coenzyme transport and metabolism,#008000,
STM0107,yabK,124101,0.0011930608,Inorganic ion transport and metabolism,#0000ff,
STM0108,tbpA,125687,-0.0053287875,Coenzyme transport and metabolism,#008000,
STM0109,yabN,126848,0.0052367711,Transcription,#f4a460,
STM0110,leuD,129057,-0.0106840975,Amino acid transport and metabolism,#ff0000,
STM0111,leuC,129673,0.00037101420000000004,Amino acid transport and metabolism,#ff0000,
STM0112,leuB,131076,-0.0001484116,Energy production and conversion,#90ee90,
STM0113,leuA,132167,0.009686361400000001,Amino acid transport and metabolism,#ff0000,
STM0115,leuO,134569,-0.0107469647,Transcription,#f4a460,
STM0116,ilvI,135898,0.0078587181,Coenzyme transport and metabolism,#008000,
STM0117,ilvH,137562,0.0026319545,Amino acid transport and metabolism,#ff0000,
STM0118,fruR,138337,0.0105760995,Transcription,#f4a460,
STM0119,yabB,139947,0.0003654481,Transcription,#f4a460,
STM0120,yabC,140407,-0.0014515219,"Translation, ribosomal structure and biogenesis",#000000,
STM0121,ftsL,141345,0.0052236848,"Cell cycle control, cell division, chromosome partitioning",#bfbf00,
STM0122,ftsI,141726,-0.0014002906,"Cell cycle control, cell division, chromosome partitioning",#bfbf00,
STM0123,murE,143479,-0.0034348253,Cell wall/membrane/envelope biogenesis,#c71585,
STM0124,murF,144963,0.00023429400000000002,Cell wall/membrane/envelope biogenesis,#c71585,
STM0125,mraY,146315,0.0070997596,Cell wall/membrane/envelope biogenesis,#c71585,
STM0126,murD,147400,0.00329792,Cell wall/membrane/envelope biogenesis,#c71585,
STM0127,ftsW,148716,0.0036085325,"Cell cycle control, cell division, chromosome partitioning",#bfbf00,
STM0128,murG,149957,0.0027061849000000002,Cell wall/membrane/envelope biogenesis,#c71585,
STM0129,murC,151143,-0.0015502137,Cell wall/membrane/envelope biogenesis,#c71585,
STM0130,ddlB,152611,-0.0012389694,Nucleotide transport and metabolism,#00bfbf,
STM0131,ftsQ,153533,0.0009025762,"Cell cycle control, cell division, chromosome partitioning",#bfbf00,
STM0132,ftsA,154360,-0.0034775869000000003,"Cell cycle control, cell division, chromosome partitioning",#bfbf00,
STM0133,ftsZ,155683,-0.0018393348,"Cell cycle control, cell division, chromosome partitioning",#bfbf00,
STM0134,lpxC,156935,0.0051668796,Nucleotide transport and metabolism,#00bfbf,
STM0135,yacA,158199,-0.0038402634,Function unknown,#708090,
STM0136,secA,158689,-0.00241987,"Intracellular trafficking, secretion, and vesicular transport",#8b4513,
STM0137,mutT,161546,0.0047821192000000005,"Replication, recombination and repair",#ff00ff,
STM0138,yacG,162263,-0.009597538400000001,Function unknown,#708090,
STM0139,yacF,162464,-0.008940673100000001,"Cell cycle control, cell division, chromosome partitioning",#bfbf00,
STM0140,yacE,163207,-0.0033293445000000003,Nucleotide transport and metabolism,#00bfbf,
STM0141,guaC,164053,-0.0200862425,Nucleotide transport and metabolism,#00bfbf,
STM0142,hofC,165127,-0.0099685669,Cell motility,#da70d6,
STM0143,hofB,166319,0.0014061151000000001,Cell motility,#da70d6,
STM0144,ppdD,167714,-0.0101298093,Cell motility,#da70d6,
STM0145,nadC,168373,-0.0002475258,Coenzyme transport and metabolism,#008000,
STM0146,ampD,169354,-0.0056411869,Defense mechanisms,#d3d3d3,
STM0147,ampE,169914,-0.0096428251,Defense mechanisms,#d3d3d3,
STM0148,STM0148,170860,0.0072585227000000006,Carbohydrate transport and metabolism,#ffc0cb,
STM0149,STM0149,171810,-0.0015515693000000001,Carbohydrate transport and metabolism,#ffc0cb,
STM0150,aroP,173380,0.0010560541,Amino acid transport and metabolism,#ff0000,
STM0151,pdhR,175316,0.0046574493,Transcription,#f4a460,
STM0152,aceE,176240,0.0034799737,Energy production and conversion,#90ee90,
STM0153,aceF,178918,0.007613940600000001,Energy production and conversion,#90ee90,
STM0154,lpdA,181007,-0.0135947441,Energy production and conversion,#90ee90,
STM0155,STM0155,182720,-0.019065829200000002,No COG annotation,#87cefa,
STM0156,STM0156,183042,-0.0003601146,Cell motility,#da70d6,
STM0158,acnB,185857,0.0011872663,Energy production and conversion,#90ee90,
STM0159,STM0159,188515,0.0067403126,"Replication, recombination and repair",#ff00ff,
STM0160,yacL,189603,-0.0016452315,Function unknown,#708090,
STM0161,kdgT,190200,0.0176357431,"Intracellular trafficking, secretion, and vesicular transport",#8b4513,
STM0162,STM0162,191150,0.023482957000000002,Function unknown,#708090,
STM0163,STM0163,192411,-0.0049027242,Coenzyme transport and metabolism,#008000,
STM0164,STM0164,193404,0.0024883582,Transcription,#f4a460,
STM0165,speD,194201,-0.0105560472,Nucleotide transport and metabolism,#00bfbf,
STM0166,speE,195016,-0.0005520669,Amino acid transport and metabolism,#ff0000,
STM0167,yacC,195983,0.004287355200000001,Function unknown,#708090,
STM0168,cueO,196532,-0.0070792512,"Secondary metabolites biosynthesis, transport, and catabolism",#1e90ff,
STM0169,gcd,198220,0.0014529197,Carbohydrate transport and metabolism,#ffc0cb,
STM0170,hpt,200816,0.0043318442000000006,Nucleotide transport and metabolism,#00bfbf,
STM0171,yadF,201410,-0.0146306522,Inorganic ion transport and metabolism,#0000ff,
STM0172,yadG,202181,-0.0004341158,Defense mechanisms,#d3d3d3,
STM0173,yadH,203104,-0.0052480735,Defense mechanisms,#d3d3d3,
STM0174,stiH,203991,0.0119119232,Cell motility,#da70d6,
STM0175,stiC,205079,0.0033061342,Cell motility,#da70d6,
STM0176,stiB,207652,0.0055078303000000006,Cell wall/membrane/envelope biogenesis,#c71585,
STM0177,stiA,208383,-0.0054086659,Cell motility,#da70d6,
STM0178,yadI,209293,-0.0174177477,Carbohydrate transport and metabolism,#ffc0cb,
STM0179,yadE,209795,-0.007462088,Carbohydrate transport and metabolism,#ffc0cb,
STM0180,panD,211031,-0.009747494,Coenzyme transport and metabolism,#008000,
STM0181,panC,211506,-0.0104297529,Coenzyme transport and metabolism,#008000,
STM0182,panB,212486,0.0022748589,Coenzyme transport and metabolism,#008000,
STM0183,folK,213398,-0.0075567289,Coenzyme transport and metabolism,#008000,
STM0184,pcnB,213874,-0.0031841017,Nucleotide transport and metabolism,#00bfbf,
STM0185,yadB,215433,-0.0060628902000000005,"Translation, ribosomal structure and biogenesis",#000000,
STM0186,dksA,216398,-6.50041e-05,Transcription,#f4a460,
STM0187,sfsA,217030,-0.002693495,Function unknown,#708090,
STM0188,ligT,217751,-0.0033204094,"Translation, ribosomal structure and biogenesis",#000000,
STM0189,hrpB,218309,0.004470967,"Replication, recombination and repair",#ff00ff,
STM0190,mrcB,220924,-0.0040744826,Cell wall/membrane/envelope biogenesis,#c71585,
STM0191,fhuA,223739,0.0062015531,Inorganic ion transport and metabolism,#0000ff,
STM0192,fhuC,225977,0.0081016305,Coenzyme transport and metabolism,#008000,
STM0193,fhuD,226774,-0.0006216866,Inorganic ion transport and metabolism,#0000ff,
STM0194,fhuB,227661,0.004902608,Inorganic ion transport and metabolism,#0000ff,
STM0195,stfA,230658,-0.0156982417,Cell motility,#da70d6,
STM0196,stfC,231304,0.0008764115000000001,Cell motility,#da70d6,
STM0197,stfD,233979,0.0074238609,Cell wall/membrane/envelope biogenesis,#c71585,
STM0198,stfE,234750,-0.0038560634,Cell motility,#da70d6,
STM0199,stfF,235259,-0.008206136000000001,Cell motility,#da70d6,
STM0200,stfG,235735,-0.019338598000000002,Cell motility,#da70d6,
STM0201,STM0201,236265,-0.0042802441,Function unknown,#708090,
STM0202,hemL,237212,0.0039559818,Coenzyme transport and metabolism,#008000,
STM0203,yadQ,238662,0.0061314287,Inorganic ion transport and metabolism,#0000ff,
STM0204,yadR,240120,0.0067440487000000006,Energy production and conversion,#90ee90,
STM0205,yadS,240610,0.0055790535,Function unknown,#708090,
STM0206,btuF,241270,0.0001792911,Inorganic ion transport and metabolism,#0000ff,
STM0207,pfs,242063,0.0085405242,Nucleotide transport and metabolism,#00bfbf,
STM0208,dgt,242846,0.0054486327,Nucleotide transport and metabolism,#00bfbf,
STM0209,htrA,244493,0.0067472151000000005,"Post-translational modification, protein turnover,and chaperones",#87ceeb,
STM0210,cdaR,246073,0.0076624188,Transcription,#f4a460,
STM0211,yaeH,247319,0.009999406,Function unknown,#708090,
STM0213,dapD,249290,0.0020948117,Amino acid transport and metabolism,#ff0000,
STM0214,glnD,250144,-0.0004818987,"Post-translational modification, protein turnover,and chaperones",#87ceeb,
STM0215,map,253053,0.0019036564,Amino acid transport and metabolism,#ff0000,
STM0216,rpsB,254298,0.0033794541,"Translation, ribosomal structure and biogenesis",#000000,
STM0217,tsf,255281,-0.0048337323,"Translation, ribosomal structure and biogenesis",#000000,
STM0218,pyrH,256277,-0.0027554887,Nucleotide transport and metabolism,#00bfbf,
STM0219,frr,257149,-0.0038801756000000002,"Translation, ribosomal structure and biogenesis",#000000,
STM0220,dxr,257847,0.0046011519,Lipid transport and metabolism,#40e0d0,
STM0221,uppS,259356,0.0006635828000000001,Nucleotide transport and metabolism,#00bfbf,
STM0222,cdsA,260127,-0.0032560654,Lipid transport and metabolism,#40e0d0,
STM0223,yaeL,260996,-0.008681423800000001,Cell wall/membrane/envelope biogenesis,#c71585,
STM0224,yaeT,262380,-0.0033987313,Cell wall/membrane/envelope biogenesis,#c71585,
STM0225,hlpA,264917,0.0091843455,Cell wall/membrane/envelope biogenesis,#c71585,
STM0226,lpxD,265406,8.81428e-05,Lipid transport and metabolism,#40e0d0,
STM0227,fabZ,266537,-0.0108711916,Lipid transport and metabolism,#40e0d0,
STM0228,lpxA,266996,-0.00429388,Lipid transport and metabolism,#40e0d0,
STM0229,lpxB,267784,-0.013056880600000001,Cell wall/membrane/envelope biogenesis,#c71585,
STM0230,rnhB,268929,-0.0055451887,"Replication, recombination and repair",#ff00ff,
STM0231,dnaE,269549,-0.0054278270000000005,"Replication, recombination and repair",#ff00ff,
STM0232,accA,273044,-0.0008871596,Lipid transport and metabolism,#40e0d0,
STM0233,STM0233,274184,0.0035028924,Cell wall/membrane/envelope biogenesis,#c71585,
STM0234,ldcC,276023,-0.0035767888000000003,Amino acid transport and metabolism,#ff0000,
STM0235,yaeR,278220,0.0057372827000000005,Amino acid transport and metabolism,#ff0000,
STM0236,mesJ,278672,-0.006937616000000001,"Translation, ribosomal structure and biogenesis",#000000,
STM0237,rof,280048,0.0018110987000000002,Transcription,#f4a460,
STM0238,yaeP,280295,-0.0026146153,Function unknown,#708090,
STM0239,yaeQ,280693,-0.007144279900000001,Function unknown,#708090,
STM0240,yaeJ,281235,0.0095923364,"Translation, ribosomal structure and biogenesis",#000000,
STM0242,proS,282468,-0.0026418129,"Translation, ribosomal structure and biogenesis",#000000,
STM0243,yaeB,284297,-0.0035002743,Function unknown,#708090,
STM0244,rcsF,285001,0.0014213021,Cell wall/membrane/envelope biogenesis,#c71585,
STM0245,yaeC,285524,-0.012786096,Cell wall/membrane/envelope biogenesis,#c71585,
STM0246,yaeE,286378,-0.0025825929,Inorganic ion transport and metabolism,#0000ff,
STM0247,abc,287024,-0.0066683206,Inorganic ion transport and metabolism,#0000ff,
STM0255,yafB,295070,-0.0012871014,Coenzyme transport and metabolism,#008000,
STM0256,yafC,295894,0.0020525431,Transcription,#f4a460,
STM0257,STM0257,296913,-0.0062272762,"Intracellular trafficking, secretion, and vesicular transport",#8b4513,
STM0258,yafD,298241,0.0077117414,Function unknown,#708090,
STM0259,yafE,299098,-0.0028072517,"Secondary metabolites biosynthesis, transport, and catabolism",#1e90ff,
STM0260,dniR,299924,-0.0160954256,Cell wall/membrane/envelope biogenesis,#c71585,
STM0261,gloB,301363,-0.0066712206000000005,Function unknown,#708090,
STM0262,yafS,302153,0.0031628649,"Secondary metabolites biosynthesis, transport, and catabolism",#1e90ff,
STM0263,rnhA,302872,-0.0028873369,"Replication, recombination and repair",#ff00ff,
STM0264,dnaQ,303403,-0.0108807703,Nucleotide transport and metabolism,#00bfbf,
STM0266,STM0266,304666,-0.0082833128,Function unknown,#708090,
STM0267,STM0267,305732,0.0029310825,Function unknown,#708090,
STM0268,STM0268,306724,-0.0009834127,Function unknown,#708090,
STM0269,STM0269,308623,-0.0079194461,Function unknown,#708090,
STM0270,STM0270,309114,0.0014794413,Function unknown,#708090,
STM0271,STM0271,309925,-0.0143923886,No COG annotation,#87cefa,
STM0272,STM0272,311195,-0.0082879931,"Post-translational modification, protein turnover,and chaperones",#87ceeb,
STM0273,STM0273,313934,-0.0179156344,Function unknown,#708090,
STM0274,STM0274,314500,-0.0112999423,Function unknown,#708090,
STM0278,STM0278,318154,-0.0006589421000000001,Function unknown,#708090,
STM0280,STM0280,319232,0.0021378197000000002,Cell wall/membrane/envelope biogenesis,#c71585,
STM0281,STM0281,319772,0.0104999264,Function unknown,#708090,
STM0282,STM0282,321112,0.0022111969,Cell motility,#da70d6,
STM0283,STM0283,322421,-0.0033159273000000003,No COG annotation,#87cefa,
STM0284,STM0284,323397,0.004886233,No COG annotation,#87cefa,
STM0285,STM0285,323862,0.010068101900000001,Cell motility,#da70d6,
STM0286,STM0286,327731,-0.0071515211000000006,Function unknown,#708090,
STM0287,STM0287,328516,-0.0039997857,Function unknown,#708090,
STM0288,STM0288,328956,-0.0111150261,Function unknown,#708090,
STM0289,STM0289,329874,-0.0057022144,Function unknown,#708090,
STM0290,STM0290,332087,-0.019572812000000002,Function unknown,#708090,
STM0293,STM0293,337830,-0.0065282326,No COG annotation,#87cefa,
STM0295,STM0295,340045,-0.010986786,No COG annotation,#87cefa,
STM0300,safB,342830,-0.0001103406,Cell wall/membrane/envelope biogenesis,#c71585,
STM0301,safC,343567,0.004806567,Cell motility,#da70d6,
STM0302,safD,346099,0.0001708795,Function unknown,#708090,
STM0303,ybeJ,346975,0.0005132385,Carbohydrate transport and metabolism,#ffc0cb,
STM0304,sinR,348611,0.010654118800000001,Transcription,#f4a460,
STM0306,STM0306,349894,0.0048045363,Cell wall/membrane/envelope biogenesis,#c71585,
STM0307,STM0307,350944,-0.0076819289,Cell motility,#da70d6,
STM0308,yafV,351722,0.0091209256,Function unknown,#708090,
STM0309,yafH,352598,-0.0066571593,Lipid transport and metabolism,#40e0d0,
STM0310,ghmA,355282,-0.0041257256,Carbohydrate transport and metabolism,#ffc0cb,
STM0311,yafJ,356073,-0.0086549738,Function unknown,#708090,
STM0312,yafK,356811,-0.0129847368,Function unknown,#708090,
STM0313,dinP,357801,0.0024125866,"Replication, recombination and repair",#ff00ff,
STM0315,prfH,360204,0.0025739083000000003,"Translation, ribosomal structure and biogenesis",#000000,
STM0316,pepD,360974,0.001330302,Amino acid transport and metabolism,#ff0000,
STM0317,gpt,362680,-0.0022740661,Nucleotide transport and metabolism,#00bfbf,
STM0318,yafA,363227,-0.0033810758,Function unknown,#708090,
STM0319,crl,364529,-0.0032653313000000003,Transcription,#f4a460,
STM0320,phoE,364981,-0.019274570300000002,Cell wall/membrane/envelope biogenesis,#c71585,
STM0321,proB,366316,0.0028303977,Nucleotide transport and metabolism,#00bfbf,
STM0322,proA,367431,0.0084316188,Amino acid transport and metabolism,#ff0000,
STM0327,STM0327,370740,0.0169514774,Function unknown,#708090,
STM0330,STM0330,374197,-0.011755198500000001,Amino acid transport and metabolism,#ff0000,
STM0331,STM0331,374838,0.0191895635,"Secondary metabolites biosynthesis, transport, and catabolism",#1e90ff,
STM0332,STM0332,375716,-0.0003560206,Function unknown,#708090,
STM0333,STM0333,376664,0.0001508065,Transcription,#f4a460,
STM0335,STM0335,378537,0.0011516617,No COG annotation,#87cefa,
STM0336,stbE,378982,0.000218282,Cell wall/membrane/envelope biogenesis,#c71585,
STM0337,stbD,379706,-0.0031809739,Cell motility,#da70d6,
STM0338,stbC,381036,-0.0033812537,Cell motility,#da70d6,
STM0339,stbB,383581,-0.012676327000000001,Cell wall/membrane/envelope biogenesis,#c71585,
STM0343,STM0343,387110,0.004283248,Signal transduction mechanisms,#00ff00,
STM0344,STM0344,388784,0.002935495,Transcription,#f4a460,
STM0345,STM0345,389500,0.0049594631,No COG annotation,#87cefa,
STM0346,STM0346,390389,-0.0107744315,Cell wall/membrane/envelope biogenesis,#c71585,
STM0347,STM0347,391057,-0.0104556422,Transcription,#f4a460,
STM0348,STM0348,391709,0.0092425311,No COG annotation,#87cefa,
STM0349,STM0349,391991,-0.013886526000000001,Cell wall/membrane/envelope biogenesis,#c71585,
STM0350,STM0350,392420,-0.011297454,Cell wall/membrane/envelope biogenesis,#c71585,
STM0351,STM0351,393894,-0.0076708194,Defense mechanisms,#d3d3d3,
STM0352,STM0352,397058,0.0090721038,Cell wall/membrane/envelope biogenesis,#c71585,
STM0353,STM0353,398561,0.0006291152,Inorganic ion transport and metabolism,#0000ff,
STM0354,STM0354,400861,-0.0106557627,Transcription,#f4a460,
STM0355,STM0355,401403,0.0051939062,Inorganic ion transport and metabolism,#0000ff,
STM0356,STM0356,401890,-0.0092292338,Inorganic ion transport and metabolism,#0000ff,
STM0357,mod,403332,0.0004454737,"Replication, recombination and repair",#ff00ff,
STM0358,res,405300,0.0045327398,Defense mechanisms,#d3d3d3,
STM0360,STM0360,408767,-0.0062934089,Energy production and conversion,#90ee90,
STM0361,STM0361,410167,0.0076966516,Energy production and conversion,#90ee90,
STM0363,STM0363,411514,-0.013849366,Transcription,#f4a460,
STM0364,foxA,412664,-0.0115129694,Cell wall/membrane/envelope biogenesis,#c71585,
STM0365,yahN,414813,-7.8688e-06,Amino acid transport and metabolism,#ff0000,
STM0366,yahO,415677,0.0024357499,Function unknown,#708090,
STM0367,prpR,416088,0.038282795700000004,Transcription,#f4a460,
STM0368,prpB,417978,0.0204299749,Coenzyme transport and metabolism,#008000,
STM0369,prpC,418988,0.0203123953,Energy production and conversion,#90ee90,
STM0370,prpD,420197,0.019769400200000002,Function unknown,#708090,
STM0371,prpE,421689,0.0061553771000000005,Lipid transport and metabolism,#40e0d0,
STM0372,hemB,423679,-0.0112592169,Coenzyme transport and metabolism,#008000,
STM0373,yaiU,425166,-0.0024356771000000003,Cell wall/membrane/envelope biogenesis,#c71585,
STM0374,yaiV,428188,-0.0008598470000000001,Signal transduction mechanisms,#00ff00,
STM0375,ampH,428856,-0.0044954368000000005,Defense mechanisms,#d3d3d3,
STM0376,sbmA,430360,-0.009663144,Lipid transport and metabolism,#40e0d0,
STM0377,yaiW,431595,-0.0022431265,Cell wall/membrane/envelope biogenesis,#c71585,
STM0378,yaiY,432727,0.009791213,Function unknown,#708090,
STM0379,yaiZ,433303,0.0056823931000000005,Function unknown,#708090,
STM0380,ddlA,433544,0.0038294698,Nucleotide transport and metabolism,#00bfbf,
STM0381,STM0381,434716,0.006080475100000001,Function unknown,#708090,
STM0382,STM0382,435598,0.0213242122,Amino acid transport and metabolism,#ff0000,
STM0383,yaiB,437100,0.0025137595,Function unknown,#708090,
STM0384,psiF,437718,-0.0090348974,Function unknown,#708090,
STM0385,yaiC,438130,0.0088241734,Signal transduction mechanisms,#00ff00,
STM0386,proC,439257,0.0022683264,Amino acid transport and metabolism,#ff0000,
STM0387,yaiI,440206,0.0025752191,Function unknown,#708090,
STM0388,aroL,440846,-0.0105733795,Nucleotide transport and metabolism,#00bfbf,
STM0389,yaiA,441418,-0.0095663541,Function unknown,#708090,
STM0390,aroM,441860,-1.15648e-05,Amino acid transport and metabolism,#ff0000,
STM0391,yaiE,442608,0.0071587911,Function unknown,#708090,
STM0392,rdgC,442930,-0.0078529826,"Replication, recombination and repair",#ff00ff,
STM0393,yajF,443967,0.009176172,Carbohydrate transport and metabolism,#ffc0cb,
STM0394,araJ,444897,-0.0063405449,Amino acid transport and metabolism,#ff0000,
STM0395,sbcC,446242,-4.38289e-05,"Replication, recombination and repair",#ff00ff,
STM0396,sbcD,449379,-3.49403e-05,"Replication, recombination and repair",#ff00ff,
STM0397,phoB,450796,-0.0035659633000000002,Transcription,#f4a460,
STM0398,phoR,451555,0.0021628483,Signal transduction mechanisms,#00ff00,
STM0399,brnQ,453259,-0.0001695775,"Intracellular trafficking, secretion, and vesicular transport",#8b4513,
STM0400,proY,454653,-0.0038743786,Amino acid transport and metabolism,#ff0000,
STM0401,malZ,456185,0.0021079140000000002,Carbohydrate transport and metabolism,#ffc0cb,
STM0402,STM0402,458074,-0.0104588869,"Post-translational modification, protein turnover,and chaperones",#87ceeb,
STM0403,yajB,458886,-0.014228632000000001,Lipid transport and metabolism,#40e0d0,
STM0404,queA,459561,0.0032442143,Nucleotide transport and metabolism,#00bfbf,
STM0405,tgt,460822,-0.0102900144,Nucleotide transport and metabolism,#00bfbf,
STM0406,yajC,461972,-0.01040541,"Intracellular trafficking, secretion, and vesicular transport",#8b4513,
STM0407,secD,462332,-0.0050253619,"Intracellular trafficking, secretion, and vesicular transport",#8b4513,
STM0408,secF,464190,-0.0017591747,"Intracellular trafficking, secretion, and vesicular transport",#8b4513,
STM0409,STM0409,465309,0.0009663358000000001,Function unknown,#708090,
STM0410,STM0410,465700,-0.0086927991,Transcription,#f4a460,
STM0411,yajD,466562,-0.0028426093,"Replication, recombination and repair",#ff00ff,
STM0413,tsx,467538,0.0319737372,Cell wall/membrane/envelope biogenesis,#c71585,
STM0414,yajI,468701,-0.0026787290000000004,Cell wall/membrane/envelope biogenesis,#c71585,
STM0415,ybaD,469392,0.002873034,Transcription,#f4a460,
STM0416,ribD,469845,0.0044275991,Coenzyme transport and metabolism,#008000,
STM0417,ribH,471037,0.024625784,Coenzyme transport and metabolism,#008000,
STM0418,nusB,471528,0.006918911000000001,Transcription,#f4a460,
STM0419,thiL,472026,-0.0020554081,Coenzyme transport and metabolism,#008000,
STM0420,pgpA,472981,-0.0033269385,Lipid transport and metabolism,#40e0d0,
STM0421,yajO,473600,-0.0054933333,Energy production and conversion,#90ee90,
STM0422,dxs,474631,0.000493018,Nucleotide transport and metabolism,#00bfbf,
STM0423,ispA,476517,-5.87352e-05,Coenzyme transport and metabolism,#008000,
STM0424,xseB,477417,0.0022644083,"Replication, recombination and repair",#ff00ff,
STM0425,thiI,477869,0.0027245313,Nucleotide transport and metabolism,#00bfbf,
STM0426,phnV,479361,0.008950876200000001,"Intracellular trafficking, secretion, and vesicular transport",#8b4513,
STM0427,phnU,480161,-0.016430863100000002,"Intracellular trafficking, secretion, and vesicular transport",#8b4513,
STM0428,phnT,481024,0.0012999694000000001,Amino acid transport and metabolism,#ff0000,
STM0429,phnS,482139,-0.0147779381,Inorganic ion transport and metabolism,#0000ff,
STM0430,phnR,483350,-0.0037782317,Transcription,#f4a460,
STM0431,phnW,484209,-0.0061976749,Amino acid transport and metabolism,#ff0000,
STM0432,phnX,485319,-0.006733577100000001,Nucleotide transport and metabolism,#00bfbf,
STM0433,thiJ,486228,0.0046692001000000006,Function unknown,#708090,
STM0434,apbA,486781,-0.0005523123,Coenzyme transport and metabolism,#008000,
STM0435,yajQ,487800,0.0041722503,Function unknown,#708090,
STM0436,yajR,488356,-0.0028374609000000003,Amino acid transport and metabolism,#ff0000,
STM0437,STM0437,490257,0.0198134419,Function unknown,#708090,
STM0438,STM0438,491990,0.006862144000000001,Cell wall/membrane/envelope biogenesis,#c71585,
STM0439,cyoE,493355,-0.010909728300000001,"Post-translational modification, protein turnover,and chaperones",#87ceeb,
STM0440,cyoD,494257,-0.0083244041,Energy production and conversion,#90ee90,
STM0441,cyoC,494586,-0.0098847165,Energy production and conversion,#90ee90,
STM0442,cyoB,495190,-0.0111949701,Energy production and conversion,#90ee90,
STM0443,cyoA,497192,-0.011542515500000001,Energy production and conversion,#90ee90,
STM0444,ampG,498601,-0.0063757511,Inorganic ion transport and metabolism,#0000ff,
STM0445,yajG,500120,-0.0028614034,Cell wall/membrane/envelope biogenesis,#c71585,
STM0446,bolA,501002,0.0106257366,Signal transduction mechanisms,#00ff00,
STM0447,tig,501666,-0.0013610754000000001,"Cell cycle control, cell division, chromosome partitioning",#bfbf00,
STM0448,clpP,503211,0.0044135126,"Post-translational modification, protein turnover,and chaperones",#87ceeb,
STM0449,clpX,504086,0.0080723937,"Post-translational modification, protein turnover,and chaperones",#87ceeb,
STM0450,lon,505543,0.0032722089000000003,"Post-translational modification, protein turnover,and chaperones",#87ceeb,
STM0451,hupB,508106,0.0014084618,"Replication, recombination and repair",#ff00ff,
STM0452,cypD,508669,-0.0115643516,"Post-translational modification, protein turnover,and chaperones",#87ceeb,
STM0453,ybaV,510690,-0.0002930645,"Replication, recombination and repair",#ff00ff,
STM0454,ybaW,511168,-0.0056710381,Function unknown,#708090,
STM0455,ybaX,511672,0.0011736107,Nucleotide transport and metabolism,#00bfbf,
STM0456,ybaE,512432,-0.0057590333,Function unknown,#708090,
STM0457,cof,514233,-0.0018849671,Function unknown,#708090,
STM0458,STM0458,515101,0.0179470667,Amino acid transport and metabolism,#ff0000,
STM0460,mdlA,516768,-0.0036954368,Inorganic ion transport and metabolism,#0000ff,
STM0461,mdlB,518533,0.0015310452,Inorganic ion transport and metabolism,#0000ff,
STM0462,glnK,520527,0.0344043268,Transcription,#f4a460,
STM0463,amtB,520897,0.0073255442,Inorganic ion transport and metabolism,#0000ff,
STM0464,tesB,522283,-0.0031650551,Lipid transport and metabolism,#40e0d0,
STM0465,ybaY,523358,-0.0047866543,Function unknown,#708090,
STM0468,ylaB,524580,-0.0074911801000000005,Signal transduction mechanisms,#00ff00,
STM0469,rpmE2,526355,-0.0052082967,"Translation, ribosomal structure and biogenesis",#000000,
STM0471,ylaC,526817,-0.016313260700000002,Function unknown,#708090,
STM0472,maa,527404,0.006300287700000001,Function unknown,#708090,
STM0473,hha,528134,0.011947032500000001,Function unknown,#708090,
STM0474,ybaJ,528380,0.0006627621,Function unknown,#708090,
STM0475,acrB,529250,-0.0017930256000000002,Defense mechanisms,#d3d3d3,
STM0476,acrA,532422,0.0021847478,Cell wall/membrane/envelope biogenesis,#c71585,
STM0477,acrR,533757,-0.0044982237,Transcription,#f4a460,
STM0478,aefA,534529,0.0007508372,"Cell cycle control, cell division, chromosome partitioning",#bfbf00,
STM0479,STM0479,537933,-0.0013860562,Function unknown,#708090,
STM0480,ybaM,538938,0.008771536600000001,Function unknown,#708090,
STM0481,priC,539119,0.0038290282,"Replication, recombination and repair",#ff00ff,
STM0483,apt,540245,-0.0040400148,Nucleotide transport and metabolism,#00bfbf,
STM0484,dnaX,540910,0.0032861615000000003,Coenzyme transport and metabolism,#008000,
STM0485,ybaB,542884,-0.011542134800000001,Function unknown,#708090,
STM0486,recR,543213,-0.0078945548,"Replication, recombination and repair",#ff00ff,
STM0487,htpG,543905,-0.0003641527,"Post-translational modification, protein turnover,and chaperones",#87ceeb,
STM0488,adk,546044,-0.0005626382,Nucleotide transport and metabolism,#00bfbf,
STM0489,hemH,546917,-0.0023556053000000003,Coenzyme transport and metabolism,#008000,
STM0490,aes,547876,0.006966092100000001,Lipid transport and metabolism,#40e0d0,
STM0491,gsk,549000,0.0001292981,Carbohydrate transport and metabolism,#ffc0cb,
STM0492,ybaL,550353,-0.0188947879,Inorganic ion transport and metabolism,#0000ff,
STM0493,fsr,552244,-0.0030381917000000002,Inorganic ion transport and metabolism,#0000ff,
STM0494,ushA,553637,-0.0064318671000000004,Nucleotide transport and metabolism,#00bfbf,
STM0495,ybaK,555406,-0.010794274900000001,Coenzyme transport and metabolism,#008000,
STM0496,ybaP,556087,0.0060777123,Function unknown,#708090,
STM0497,STM0497,556967,0.0233049231,Function unknown,#708090,
STM0498,copA,557948,-0.006195745900000001,Inorganic ion transport and metabolism,#0000ff,
STM0499,cueR,560559,-0.0070288393,Transcription,#f4a460,
STM0500,ybbJ,560976,0.0021913625000000003,"Post-translational modification, protein turnover,and chaperones",#87ceeb,
STM0501,ybbK,561425,-0.004745409700000001,"Post-translational modification, protein turnover,and chaperones",#87ceeb,
STM0502,ybbL,562489,0.0002721076,Function unknown,#708090,
STM0503,ybbM,563153,0.0069596452000000005,Function unknown,#708090,
STM0504,ybbN,564018,0.0002802243,"Post-translational modification, protein turnover,and chaperones",#87ceeb,
STM0505,ybbO,564932,-0.0116118854,Function unknown,#708090,
STM0506,tesA,565857,-0.0061878988,Amino acid transport and metabolism,#ff0000,
STM0507,ybbA,566442,0.012955690300000001,"Secondary metabolites biosynthesis, transport, and catabolism",#1e90ff,
STM0508,ybbP,567125,0.0009862204,"Secondary metabolites biosynthesis, transport, and catabolism",#1e90ff,
STM0509,STM0509,569725,0.0122701675,Cell wall/membrane/envelope biogenesis,#c71585,
STM0510,sfbA,571115,0.0087869995,Inorganic ion transport and metabolism,#0000ff,
STM0511,sfbB,571982,0.00661198,Inorganic ion transport and metabolism,#0000ff,
STM0512,sfbC,572991,0.0230938057,Inorganic ion transport and metabolism,#0000ff,
STM0513,ybbB,573689,-0.0076636492,Coenzyme transport and metabolism,#008000,
STM0514,ybbS,574853,-0.0037623748,Transcription,#f4a460,
STM0515,allA,576006,-0.0069707805,Nucleotide transport and metabolism,#00bfbf,
STM0516,allR,576567,0.0056558229,Transcription,#f4a460,
STM0530,ylbE,593037,-0.0093674618,Energy production and conversion,#90ee90,
STM0531,ylbF,594308,-0.009664293800000001,Function unknown,#708090,
STM0532,arcC,595121,4.96879e-05,Amino acid transport and metabolism,#ff0000,
STM0533,purK,596055,-0.0077102719,Nucleotide transport and metabolism,#00bfbf,
STM0534,purE,597119,-0.0180944272,Nucleotide transport and metabolism,#00bfbf,
STM0535,lpxH,597746,-0.006470169600000001,Function unknown,#708090,
STM0536,ppiB,598471,-0.0144689846,Carbohydrate transport and metabolism,#ffc0cb,
STM0537,cysS,599138,-0.0054627858,"Translation, ribosomal structure and biogenesis",#000000,
STM0538,STM0538,600567,-0.0019444962,Function unknown,#708090,
STM0539,STM0539,601388,-0.0149127083,No COG annotation,#87cefa,
STM0540,ybcI,601818,-0.0013189983000000001,Function unknown,#708090,
STM0541,ybcJ,602491,0.0005248324000000001,Function unknown,#708090,
STM0542,folD,602705,0.0020083107,Nucleotide transport and metabolism,#00bfbf,
STM0543,fimA,604118,-0.0166829957,Cell motility,#da70d6,
STM0544,fimI,604751,-0.0017132996000000001,Cell motility,#da70d6,
STM0545,fimC,605328,-0.0038227746000000003,Cell wall/membrane/envelope biogenesis,#c71585,
STM0546,fimD,606051,0.0062158002000000006,Cell motility,#da70d6,
STM0547,fimH,608678,-0.004989785,Cell motility,#da70d6,
STM0548,fimF,609695,-0.0010461203,Cell motility,#da70d6,
STM0550,fimY,611495,-0.0037431702,Transcription,#f4a460,
STM0551,STM0551,612236,-0.0002696879,No COG annotation,#87cefa,
STM0552,fimW,612709,-0.0154436854,Transcription,#f4a460,
STM0557,STM0557,614807,0.014690315300000001,No COG annotation,#87cefa,
STM0558,yfdH,616440,-0.0080395864,Cell wall/membrane/envelope biogenesis,#c71585,
STM0559,rfbI,617363,0.0042562833,"Intracellular trafficking, secretion, and vesicular transport",#8b4513,
STM0563,STM0563,619261,0.0001338286,Transcription,#f4a460,
STM0564,STM0564,620331,0.0049328809000000005,Energy production and conversion,#90ee90,
STM0565,STM0565,621813,0.026762665600000003,Function unknown,#708090,
STM0566,STM0566,622062,0.0193844824,Function unknown,#708090,
STM0567,STM0567,622701,-0.0031302637,"Post-translational modification, protein turnover,and chaperones",#87ceeb,
STM0568,pheP,624202,0.0071044458,Amino acid transport and metabolism,#ff0000,
STM0569,ybdG,625638,-0.006650051000000001,Cell wall/membrane/envelope biogenesis,#c71585,
STM0570,apeE,627196,0.0032085231,Lipid transport and metabolism,#40e0d0,
STM0571,STM0571,629333,0.0047463318,Transcription,#f4a460,
STM0572,STM0572,632190,-0.0224348018,Carbohydrate transport and metabolism,#ffc0cb,
STM0573,STM0573,633243,-0.0164164201,Cell wall/membrane/envelope biogenesis,#c71585,
STM0574,STM0574,634319,-0.0253079547,Carbohydrate transport and metabolism,#ffc0cb,
STM0575,STM0575,635176,-0.009603705300000001,Carbohydrate transport and metabolism,#ffc0cb,
STM0576,STM0576,635934,-0.0216441754,Carbohydrate transport and metabolism,#ffc0cb,
STM0577,STM0577,636382,-0.0243785369,Carbohydrate transport and metabolism,#ffc0cb,
STM0578,nfnB,637031,-0.0095257932,Energy production and conversion,#90ee90,
STM0579,ybdF,637781,0.0053421173,Function unknown,#708090,
STM0580,STM0580,638149,-0.0021798779,Transcription,#f4a460,
STM0581,STM0581,639019,-0.0023198850000000003,Transcription,#f4a460,
STM0582,ybdJ,639366,0.0043517607,Function unknown,#708090,
STM0583,ybdK,639681,0.004851522400000001,Nucleotide transport and metabolism,#00bfbf,
STM0584,entD,640811,-0.0018297606000000001,Coenzyme transport and metabolism,#008000,
STM0585,fepA,641561,-0.0010474403,Cell wall/membrane/envelope biogenesis,#c71585,
STM0586,fes,644005,0.0089044021,Inorganic ion transport and metabolism,#0000ff,
STM0587,ybdZ,645250,-0.009077796400000001,Function unknown,#708090,
STM0588,entF,645465,0.005038653000000001,"Secondary metabolites biosynthesis, transport, and catabolism",#1e90ff,
STM0589,fepE,649599,0.0047349254,Cell wall/membrane/envelope biogenesis,#c71585,
STM0590,fepC,650788,0.0027126850000000003,Coenzyme transport and metabolism,#008000,
STM0591,fepG,651579,-0.0114540456,Inorganic ion transport and metabolism,#0000ff,
STM0592,fepD,652568,-0.0059426787000000005,Inorganic ion transport and metabolism,#0000ff,
STM0593,ybdA,653686,-0.0044161178,Amino acid transport and metabolism,#ff0000,
STM0594,fepB,654993,-0.0014501215000000001,Inorganic ion transport and metabolism,#0000ff,
STM0595,entC,656258,-3.8887000000000006e-06,Coenzyme transport and metabolism,#008000,
STM0596,entE,657443,-0.0019615856000000003,"Secondary metabolites biosynthesis, transport, and catabolism",#1e90ff,
STM0597,entB,659067,-0.0040308945,"Secondary metabolites biosynthesis, transport, and catabolism",#1e90ff,
STM0598,entA,659924,-0.0033827382000000002,Lipid transport and metabolism,#40e0d0,
STM0599,ybdB,660682,0.007717304,"Secondary metabolites biosynthesis, transport, and catabolism",#1e90ff,
STM0600,cstA,661277,-0.012507053700000001,Signal transduction mechanisms,#00ff00,
STM0601,ybdD,663446,-0.0114370092,Function unknown,#708090,
STM0602,ybdH,663679,-0.0041992584,Energy production and conversion,#90ee90,
STM0603,ybdL,664894,0.006209803000000001,Amino acid transport and metabolism,#ff0000,
STM0604,ybdM,666055,-0.0024922431,Transcription,#f4a460,
STM0605,ybdN,666645,-0.0066085069,Function unknown,#708090,
STM0606,ybdO,668046,0.0006973525,Transcription,#f4a460,
STM0607,dsbG,669265,0.0009194497,"Post-translational modification, protein turnover,and chaperones",#87ceeb,
STM0608,ahpC,670452,0.0279189073,"Post-translational modification, protein turnover,and chaperones",#87ceeb,
STM0609,ahpF,671257,0.022888287,Energy production and conversion,#90ee90,
STM0610,STM0610,673154,0.0078289538,Function unknown,#708090,
STM0611,STM0611,673707,-0.0035689346,Energy production and conversion,#90ee90,
STM0613,STM0613,676540,0.0064684695,Function unknown,#708090,
STM0614,ybdQ,677375,0.0090167308,Signal transduction mechanisms,#00ff00,
STM0615,ybdR,678026,-0.0098607802,Amino acid transport and metabolism,#ff0000,
STM0616,rnk,679347,0.002282931,Carbohydrate transport and metabolism,#ffc0cb,
STM0617,rna,679992,0.0040482415,"Translation, ribosomal structure and biogenesis",#000000,
STM0618,citT,680908,-0.0069317607,Inorganic ion transport and metabolism,#0000ff,
STM0619,citG,682409,-0.0100661776,Nucleotide transport and metabolism,#00bfbf,
STM0620,citX,683277,0.0065692304,Coenzyme transport and metabolism,#008000,
STM0621,citF,683832,0.0019098034,Coenzyme transport and metabolism,#008000,
STM0622,citE,685371,-0.0051661992,Carbohydrate transport and metabolism,#ffc0cb,
STM0623,citD,686276,0.007513742800000001,Energy production and conversion,#90ee90,
STM0624,citC,686569,0.0010345950000000001,Coenzyme transport and metabolism,#008000,
STM0625,dpiB,688030,0.0187291792,Signal transduction mechanisms,#00ff00,
STM0626,dpiA,689660,-0.0058697569,Transcription,#f4a460,
STM0627,dcuC,690394,-0.0016541182,Energy production and conversion,#90ee90,
STM0628,pagP,692158,0.0170007677,Cell wall/membrane/envelope biogenesis,#c71585,
STM0629,cspE,692918,0.0005607113,Transcription,#f4a460,
STM0630,crcB,693185,-0.013999577400000001,"Cell cycle control, cell division, chromosome partitioning",#bfbf00,
STM0631,ybeM,693659,-0.0014095490000000002,Function unknown,#708090,
STM0632,ybeC,694576,0.0132977735,"Intracellular trafficking, secretion, and vesicular transport",#8b4513,
STM0633,lipA,694865,0.0068349806,Coenzyme transport and metabolism,#008000,
STM0634,ybeF,696036,0.0008872044000000001,Transcription,#f4a460,
STM0635,lipB,697291,-0.008988643000000001,Coenzyme transport and metabolism,#008000,
STM0637,dacA,698404,-0.0071469324,Cell wall/membrane/envelope biogenesis,#c71585,
STM0639,mrdB,700911,-0.0051040059,Cell wall/membrane/envelope biogenesis,#c71585,
STM0640,mrdA,702026,-0.0125199364,Cell wall/membrane/envelope biogenesis,#c71585,
STM0641,ybeA,703958,-0.0088150052,"Translation, ribosomal structure and biogenesis",#000000,
STM0642,ybeB,704429,-0.0044394772,"Translation, ribosomal structure and biogenesis",#000000,
STM0643,cobC,705075,0.0023649481,Carbohydrate transport and metabolism,#ffc0cb,
STM0644,cobD,705780,0.0057972354000000005,Coenzyme transport and metabolism,#008000,
STM0645,nadD,706849,-0.0061252851,Coenzyme transport and metabolism,#008000,
STM0646,holA,707492,-0.0033284694000000003,"Replication, recombination and repair",#ff00ff,
STM0647,rlpB,708523,0.0039687318,Cell wall/membrane/envelope biogenesis,#c71585,
STM0648,leuS,709128,0.0059580849000000005,"Translation, ribosomal structure and biogenesis",#000000,
STM0649,STM0649,711947,-0.0022206883000000003,Carbohydrate transport and metabolism,#ffc0cb,
STM0650,STM0650,712305,0.0076827425,Carbohydrate transport and metabolism,#ffc0cb,
STM0651,STM0651,713527,0.007055968300000001,"Intracellular trafficking, secretion, and vesicular transport",#8b4513,
STM0652,STM0652,714548,0.0029416117,Transcription,#f4a460,
STM0653,ybeL,716569,0.0065931474,"Translation, ribosomal structure and biogenesis",#000000,
STM0654,ybeQ,717081,0.0018630329,No COG annotation,#87cefa,
STM0655,ybeR,718201,-0.0128153923,Function unknown,#708090,
STM0656,ybeS,718905,-0.015937013400000002,"Post-translational modification, protein turnover,and chaperones",#87ceeb,
STM0658,ybeV,721042,0.0032193431,"Post-translational modification, protein turnover,and chaperones",#87ceeb,
STM0659,hscC,722536,0.0049578433000000005,"Post-translational modification, protein turnover,and chaperones",#87ceeb,
STM0660,STM0660,724291,0.025126735900000002,No COG annotation,#87cefa,
STM0661,ybeK,725561,0.0276658977,Nucleotide transport and metabolism,#00bfbf,
STM0662,gltL,726613,-0.0145657417,Amino acid transport and metabolism,#ff0000,
STM0663,gltK,727338,-0.013753773700000001,Inorganic ion transport and metabolism,#0000ff,
STM0664,gltJ,728012,-0.006998556600000001,Inorganic ion transport and metabolism,#0000ff,
STM0665,gltI,728912,0.0063701073,Amino acid transport and metabolism,#ff0000,
STM0666,lnt,730175,0.0016972212000000001,Cell wall/membrane/envelope biogenesis,#c71585,
STM0667,ybeX,731733,0.0002596103,Inorganic ion transport and metabolism,#0000ff,
STM0668,ybeY,732769,-0.0004478242,"Translation, ribosomal structure and biogenesis",#000000,
STM0669,phoL,733239,-0.0019219127,Signal transduction mechanisms,#00ff00,
STM0670,miaB,734490,0.0031986193000000003,"Translation, ribosomal structure and biogenesis",#000000,
STM0671,ubiF,736058,0.0013844005,Energy production and conversion,#90ee90,
STM0672,STM0672,737300,-0.0063506181,No COG annotation,#87cefa,
STM0680,asnB,738942,-0.0002174718,Amino acid transport and metabolism,#ff0000,
STM0681,nagD,740896,0.0040973809,Carbohydrate transport and metabolism,#ffc0cb,
STM0682,nagC,741695,0.0023012581,Transcription,#f4a460,
STM0683,nagA,742920,0.0102378446,Carbohydrate transport and metabolism,#ffc0cb,
STM0684,nagB,744134,0.0111729255,Carbohydrate transport and metabolism,#ffc0cb,
STM0685,nagE,745261,0.009000529,Carbohydrate transport and metabolism,#ffc0cb,
STM0686,glnS,747424,0.0007306395,"Translation, ribosomal structure and biogenesis",#000000,
STM0687,ybfM,749537,0.0050521201,Function unknown,#708090,
STM0688,ybfN,750993,0.0020144118,Cell wall/membrane/envelope biogenesis,#c71585,
STM0689,citA,751374,0.0072834467000000005,Amino acid transport and metabolism,#ff0000,
STM0690,citB,752729,-0.0017185468,Energy production and conversion,#90ee90,
STM0691,STM0691,753855,-0.008658787000000001,Energy production and conversion,#90ee90,
STM0692,STM0692,755356,0.0024131032000000003,Transcription,#f4a460,
STM0693,fur,756397,-0.003537707,Transcription,#f4a460,
STM0694,fldA,757131,-0.0056208377,Energy production and conversion,#90ee90,
STM0696,ybfF,758239,-0.0071917331,Function unknown,#708090,
STM0697,seqA,759194,-0.0011245889,"Replication, recombination and repair",#ff00ff,
STM0698,pgm,759761,-0.0024097781,Carbohydrate transport and metabolism,#ffc0cb,
STM0699,STM0699,761516,0.0337964004,Function unknown,#708090,
STM0700,potE,762066,0.027165502,Amino acid transport and metabolism,#ff0000,
STM0701,speF,763382,0.0078506516,Amino acid transport and metabolism,#ff0000,
STM0702,kdpE,766342,-0.002127491,Transcription,#f4a460,
STM0703,kdpD,767016,-0.0010202877,Signal transduction mechanisms,#00ff00,
STM0704,kdpC,769697,-0.0011433598,Inorganic ion transport and metabolism,#0000ff,
STM0705,kdpB,770290,-0.0084813283,Inorganic ion transport and metabolism,#0000ff,
STM0706,kdpA,772359,-0.0178283292,Inorganic ion transport and metabolism,#0000ff,
STM0708,ybfA,774464,-0.0303776855,Function unknown,#708090,
STM0709,phrB,774781,-0.0027522458000000002,Coenzyme transport and metabolism,#008000,
STM0710,ybgH,776241,-0.0011297219,"Intracellular trafficking, secretion, and vesicular transport",#8b4513,
STM0711,ybgI,778051,0.0017534881000000001,Function unknown,#708090,
STM0712,ybgJ,778810,-0.0031006423,Amino acid transport and metabolism,#ff0000,
STM0713,ybgK,779460,-0.0005218565,Amino acid transport and metabolism,#ff0000,
STM0714,ybgL,780382,0.0052800657,Function unknown,#708090,
STM0715,STM0715,781440,0.0093688133,No COG annotation,#87cefa,
STM0716,STM0716,781631,-0.0047165384,"Replication, recombination and repair",#ff00ff,
STM0717,STM0717,782657,0.0158415765,No COG annotation,#87cefa,
STM0718,STM0718,782994,-0.0033535878,Amino acid transport and metabolism,#ff0000,
STM0720,STM0720,785168,-0.017387205200000002,Function unknown,#708090,
STM0721,STM0721,786077,-0.012440445900000001,Cell wall/membrane/envelope biogenesis,#c71585,
STM0722,STM0722,787339,-0.0016918016000000001,Carbohydrate transport and metabolism,#ffc0cb,
STM0723,STM0723,788113,0.0012889889000000001,Carbohydrate transport and metabolism,#ffc0cb,
STM0724,STM0724,788917,-0.011219486400000001,Function unknown,#708090,
STM0725,STM0725,790888,-0.0124608362,Cell wall/membrane/envelope biogenesis,#c71585,
STM0726,STM0726,791779,-0.0146707906,"Secondary metabolites biosynthesis, transport, and catabolism",#1e90ff,
STM0728,nei,793928,-0.011220008600000001,"Replication, recombination and repair",#ff00ff,
STM0729,abrB,794774,3.3053100000000004e-05,Function unknown,#708090,
STM0730,gltA,795957,-0.0053201738,Coenzyme transport and metabolism,#008000,
STM0732,sdhC,797995,0.0067909928,Energy production and conversion,#90ee90,
STM0733,sdhD,798378,0.0013415103,Energy production and conversion,#90ee90,
STM0734,sdhA,798725,0.0065461516,Energy production and conversion,#90ee90,
STM0735,sdhB,800505,0.0037092811,Energy production and conversion,#90ee90,
STM0736,sucA,801748,0.0008916772000000001,Energy production and conversion,#90ee90,
STM0737,sucB,804564,0.005439138400000001,Energy production and conversion,#90ee90,
STM0738,sucC,805914,-0.0003531879,Nucleotide transport and metabolism,#00bfbf,
STM0739,sucD,807080,0.0051079233,Energy production and conversion,#90ee90,
STM0740,cydA,809532,0.006796962100000001,Energy production and conversion,#90ee90,
STM0741,cydB,811116,0.0067862299,Energy production and conversion,#90ee90,
STM0742,ybgT,812270,0.0027642945,Function unknown,#708090,
STM0743,ybgE,812520,0.0116230071,Function unknown,#708090,
STM0744,ybgC,813030,0.0097466726,Function unknown,#708090,
STM0745,tolQ,813431,-0.007476420300000001,"Intracellular trafficking, secretion, and vesicular transport",#8b4513,
STM0746,tolR,814127,0.0040242154,"Intracellular trafficking, secretion, and vesicular transport",#8b4513,
STM0748,tolB,815967,-0.0034955251000000002,"Intracellular trafficking, secretion, and vesicular transport",#8b4513,
STM0749,pal,817294,-0.00047366250000000003,Cell wall/membrane/envelope biogenesis,#c71585,
STM0750,ybgF,817828,-0.004854641000000001,"Cell cycle control, cell division, chromosome partitioning",#bfbf00,
STM0756,nadA,820236,0.0367699099,Nucleotide transport and metabolism,#00bfbf,
STM0757,pnuC,821304,0.0129482524,Coenzyme transport and metabolism,#008000,
STM0758,ybgR,822020,-0.0024093551,Inorganic ion transport and metabolism,#0000ff,
STM0759,ybgS,823069,-0.009704389400000001,Function unknown,#708090,
STM0760,aroG,823775,0.010719282200000001,Amino acid transport and metabolism,#ff0000,
STM0761,STM0761,824921,0.0045149466,Energy production and conversion,#90ee90,
STM0762,STM0762,825481,0.0137679028,Energy production and conversion,#90ee90,
STM0763,STM0763,826495,-0.014015856600000001,Transcription,#f4a460,
STM0764,STM0764,827347,-0.0196756665,Transcription,#f4a460,
STM0765,STM0765,828574,-0.0122818992,Inorganic ion transport and metabolism,#0000ff,
STM0769,STM0769,833342,0.0065781343,Coenzyme transport and metabolism,#008000,
STM0770,STM0770,834420,-0.0063392973,"Intracellular trafficking, secretion, and vesicular transport",#8b4513,
STM0771,STM0771,835499,0.0128475038,Coenzyme transport and metabolism,#008000,
STM0772,gpmA,836366,-0.0118582749,Carbohydrate transport and metabolism,#ffc0cb,
STM0773,galM,837342,0.0024464419,Carbohydrate transport and metabolism,#ffc0cb,
STM0774,galK,838376,0.008643680800000001,Nucleotide transport and metabolism,#00bfbf,
STM0775,galT,839527,0.0046471515,Coenzyme transport and metabolism,#008000,
STM0776,galE,840584,0.004091035000000001,Cell wall/membrane/envelope biogenesis,#c71585,
STM0777,STM0777,841823,0.0115985034,Function unknown,#708090,
STM0778,modF,842902,0.0001348046,Inorganic ion transport and metabolism,#0000ff,
STM0779,modE,844445,-0.0009104405,Coenzyme transport and metabolism,#008000,
STM0781,modA,845678,0.0043192813,Inorganic ion transport and metabolism,#0000ff,
STM0782,modB,846451,0.0094018373,Inorganic ion transport and metabolism,#0000ff,
STM0783,modC,847143,0.0042576081,Inorganic ion transport and metabolism,#0000ff,
STM0784,ybhA,848202,-0.0034761254,Function unknown,#708090,
STM0785,ybhE,849184,-0.0009877393,Nucleotide transport and metabolism,#00bfbf,
STM0786,ybhC,850323,-0.0036908576000000003,Carbohydrate transport and metabolism,#ffc0cb,
STM0787,hutI,851844,-0.0062425813,Nucleotide transport and metabolism,#00bfbf,
STM0788,hutG,853064,-0.0034492115,Nucleotide transport and metabolism,#00bfbf,
STM0789,hutC,854050,-0.0031189765,Transcription,#f4a460,
STM0791,hutH,856658,-0.0058793372,Amino acid transport and metabolism,#ff0000,
STM0792,ybhB,858263,-0.0082236572,Function unknown,#708090,
STM0793,bioA,858797,0.0082967575,Coenzyme transport and metabolism,#008000,
STM0794,bioB,860173,-0.0090296786,Coenzyme transport and metabolism,#008000,
STM0795,bioF,861210,-0.0027645509,Coenzyme transport and metabolism,#008000,
STM0796,bioC,862351,-0.017453875100000002,Coenzyme transport and metabolism,#008000,
STM0797,bioD,863099,0.0074801892,Coenzyme transport and metabolism,#008000,
STM0798,uvrB,864436,0.0038047562000000004,"Replication, recombination and repair",#ff00ff,
STM0800,slrP,866947,0.0051678566,Function unknown,#708090,
STM0801,ybhK,869336,0.0030748436,Function unknown,#708090,
STM0802,moaA,870641,0.0121134055,Coenzyme transport and metabolism,#008000,
STM0803,moaB,871652,-0.0013557127,Coenzyme transport and metabolism,#008000,
STM0804,moaC,872167,0.0036153767000000002,Coenzyme transport and metabolism,#008000,
STM0805,moaD,872639,-0.0007313892,Coenzyme transport and metabolism,#008000,
STM0806,moaE,872892,-0.0057341839,Coenzyme transport and metabolism,#008000,
STM0807,ybhL,873392,0.0036964328,Function unknown,#708090,
STM0808,ybhM,874243,-0.0108268707,Function unknown,#708090,
STM0809,STM0809,874974,0.027501163500000002,No COG annotation,#87cefa,
STM0810,STM0810,875590,0.013741291000000001,No COG annotation,#87cefa,
STM0811,ybhN,876153,0.0061355078,Function unknown,#708090,
STM0812,ybhO,877115,0.004845045,Lipid transport and metabolism,#40e0d0,
STM0813,ybhP,878353,0.0060045851,"Replication, recombination and repair",#ff00ff,
STM0814,ybhQ,879244,0.014441978400000001,Function unknown,#708090,
STM0815,ybhR,879616,-0.00481556,Defense mechanisms,#d3d3d3,
STM0816,ybhS,880838,-0.0019197562000000002,Defense mechanisms,#d3d3d3,
STM0817,ybhF,881961,-0.0037976416000000002,Defense mechanisms,#d3d3d3,
STM0818,STM0818,883690,-0.0026367534,Cell wall/membrane/envelope biogenesis,#c71585,
STM0819,ybiH,884685,0.0041832378000000005,Transcription,#f4a460,
STM0820,rhlE,885589,0.0133904546,Nucleotide transport and metabolism,#00bfbf,
STM0821,dinG,887161,0.0030367466,Nucleotide transport and metabolism,#00bfbf,
STM0822,ybiB,889335,0.0068743408,Amino acid transport and metabolism,#ff0000,
STM0823,ybiJ,890465,-0.0039427393,Function unknown,#708090,
STM0825,ybiI,891010,0.0027350148000000003,Signal transduction mechanisms,#00ff00,
STM0826,ybiN,891481,0.0034350382,Coenzyme transport and metabolism,#008000,
STM0827,ybiO,892404,0.0020982636,Cell wall/membrane/envelope biogenesis,#c71585,
STM0828,glnQ,894745,-0.008038357500000001,Amino acid transport and metabolism,#ff0000,
STM0829,glnP,895464,0.0069914734,Inorganic ion transport and metabolism,#0000ff,
STM0830,glnH,896267,0.0040621246000000005,Amino acid transport and metabolism,#ff0000,
STM0831,dps,897490,-0.016831231800000002,Inorganic ion transport and metabolism,#0000ff,
STM0832,ybiF,898296,0.0047052711,Function unknown,#708090,
STM0833,ompX,899537,0.0134882851,Cell wall/membrane/envelope biogenesis,#c71585,
STM0835,STM0835,902274,-0.0038741572,Transcription,#f4a460,
STM0836,ybiR,902744,-0.0015482344,Inorganic ion transport and metabolism,#0000ff,
STM0837,ybiS,903900,0.0048764719,Function unknown,#708090,
STM0838,ybiT,905039,-0.0038346744000000003,Function unknown,#708090,
STM0839,STM0839,907240,-0.002889023,Function unknown,#708090,
STM0841,ybiU,908936,0.0022672181,Function unknown,#708090,
STM0842,ybiV(1),910463,0.0007412201,Function unknown,#708090,
STM0843,pflF,911350,0.0053267401,Energy production and conversion,#90ee90,
STM0844,pflE,913788,0.0038178235000000003,Coenzyme transport and metabolism,#008000,
STM0845,moeB,914965,0.0018964739000000002,Coenzyme transport and metabolism,#008000,
STM0846,moeA,915714,-0.002323868,Coenzyme transport and metabolism,#008000,
STM0847,ybiK,917152,-0.0017077681000000002,Amino acid transport and metabolism,#ff0000,
STM0848,yliA,918104,-0.0016692432,Inorganic ion transport and metabolism,#0000ff,
STM0849,yliB,920008,0.0015930723,Amino acid transport and metabolism,#ff0000,
STM0850,yliC,921607,0.0004876335,Amino acid transport and metabolism,#ff0000,
STM0851,yliD,922530,-0.0131321623,Amino acid transport and metabolism,#ff0000,
STM0852,yliG,923532,-0.0057145263,"Translation, ribosomal structure and biogenesis",#000000,
STM0853,yliH,925088,-0.0044882691,Function unknown,#708090,
STM0855,STM0855,926617,-0.0141761722,Energy production and conversion,#90ee90,
STM0856,STM0856,927482,-0.0022365636,Energy production and conversion,#90ee90,
STM0857,STM0857,928723,-0.0090791056,Lipid transport and metabolism,#40e0d0,
STM0858,STM0858,930335,-0.0154524768,Energy production and conversion,#90ee90,
STM0859,STM0859,932026,0.0072111972,Transcription,#f4a460,
STM0860,STM0860,933181,0.0150250637,Amino acid transport and metabolism,#ff0000,
STM0862,yliJ,934630,-0.000408666,"Post-translational modification, protein turnover,and chaperones",#87ceeb,
STM0863,dacC,935500,-0.0011109289,Cell wall/membrane/envelope biogenesis,#c71585,
STM0864,deoR,936747,-0.0005361984,Transcription,#f4a460,
STM0865,ybjG,937577,0.008947255000000001,Lipid transport and metabolism,#40e0d0,
STM0866,mdfA,938498,-0.0105989189,Amino acid transport and metabolism,#ff0000,
STM0867,STM0867,939784,-0.0099833258,Function unknown,#708090,
STM0868,STM0868,940596,-0.0005642042,Carbohydrate transport and metabolism,#ffc0cb,
STM0869,STM0869,941975,0.0064827836,Transcription,#f4a460,
STM0870,STM0870,942712,-0.0055729644,"Intracellular trafficking, secretion, and vesicular transport",#8b4513,
STM0871,ybjM,944668,-0.0037875831,Function unknown,#708090,
STM0875,rimK,946564,0.0035016816,Nucleotide transport and metabolism,#00bfbf,
STM0876,ybjN,947563,-0.0068162953000000005,Function unknown,#708090,
STM0877,potF,948388,-0.012937152,Amino acid transport and metabolism,#ff0000,
STM0878,potG,949588,0.00020147250000000002,Amino acid transport and metabolism,#ff0000,
STM0879,potH,950731,0.0006795877000000001,Inorganic ion transport and metabolism,#0000ff,
STM0880,potI,951681,0.0037129728,Inorganic ion transport and metabolism,#0000ff,
STM0881,ybjO,952600,0.0002421268,Function unknown,#708090,
STM0882,ybjF,953116,-0.0023231764000000003,"Translation, ribosomal structure and biogenesis",#000000,
STM0884,STM0884,954529,-0.0109940494,Function unknown,#708090,
STM0885,STM0885,955902,-0.011232103,Carbohydrate transport and metabolism,#ffc0cb,
STM0886,STM0886,956232,-0.0114855185,Inorganic ion transport and metabolism,#0000ff,
STM0887,artJ,957938,0.014702041800000001,Amino acid transport and metabolism,#ff0000,
STM0888,artM,958906,0.0017350801,Inorganic ion transport and metabolism,#0000ff,
STM0889,artQ,959574,0.0053188982,Inorganic ion transport and metabolism,#0000ff,
STM0890,artI,960297,-0.0018202269,Amino acid transport and metabolism,#ff0000,
STM0891,artP,961046,0.0085944056,Amino acid transport and metabolism,#ff0000,
STM0892,ybjP,962004,0.0019962304,Cell wall/membrane/envelope biogenesis,#c71585,
STM0930,STM0930,1005370,0.0025689313,Function unknown,#708090,
STM0931,ybjR,1005690,0.0039942281,Defense mechanisms,#d3d3d3,
STM0932,STM0932,1006517,0.0047535938,Cell wall/membrane/envelope biogenesis,#c71585,
STM0933,ybjT,1007626,0.0082101189,Carbohydrate transport and metabolism,#ffc0cb,
STM0934,ltaA,1009070,0.010652908,Amino acid transport and metabolism,#ff0000,
STM0935,poxB,1010110,0.011804615000000001,Amino acid transport and metabolism,#ff0000,
STM0936,hcr,1011986,0.0115081353,Energy production and conversion,#90ee90,
STM0937,hcp,1012966,0.0024734120000000004,Energy production and conversion,#90ee90,
STM0938,ybjE,1014762,-0.0089119595,Function unknown,#708090,
STM0939,ybjD,1015863,-0.0018566855,"Replication, recombination and repair",#ff00ff,
STM0940,ybjX,1017518,0.0020383145,Function unknown,#708090,
STM0941,ybjY,1018614,-0.0026659450000000003,Cell wall/membrane/envelope biogenesis,#c71585,
STM0943,cspD,1021805,0.0023046445,Transcription,#f4a460,
STM0944,yljA,1022350,-0.0036774747000000003,Amino acid transport and metabolism,#ff0000,
STM0945,clpA,1022701,-0.0010626099,"Post-translational modification, protein turnover,and chaperones",#87ceeb,
STM0947,STM0947,1026090,-0.0035130267,"Replication, recombination and repair",#ff00ff,
STM0948,STM0948,1026944,-0.0020825453,"Replication, recombination and repair",#ff00ff,
STM0950,STM0950,1027682,-0.0052339357,"Secondary metabolites biosynthesis, transport, and catabolism",#1e90ff,
STM0951,STM0951,1028379,0.008633304000000001,Function unknown,#708090,
STM0952,STM0952,1029348,-0.0091789513,Transcription,#f4a460,
STM0955,aat,1030880,-0.0068393788,"Post-translational modification, protein turnover,and chaperones",#87ceeb,
STM0956,cydC,1031629,-0.0059353013,Energy production and conversion,#90ee90,
STM0957,cydD,1033351,-0.010297032400000001,Energy production and conversion,#90ee90,
STM0958,trxB,1035231,-0.0066293608,Energy production and conversion,#90ee90,
STM0959,lrp,1036745,-0.00035102930000000004,Transcription,#f4a460,
STM0961,lolA,1041569,0.0033067360000000002,Cell wall/membrane/envelope biogenesis,#c71585,
STM0962,ycaJ,1042193,0.0034814078,"Replication, recombination and repair",#ff00ff,
STM0963,serS,1043795,-0.0084580449,"Translation, ribosomal structure and biogenesis",#000000,
STM0964,dmsA,1045324,-0.0073959847,Energy production and conversion,#90ee90,
STM0966,dmsC,1048398,-0.0103954048,Function unknown,#708090,
STM0968,ycaD,1049611,0.0028976049,"Intracellular trafficking, secretion, and vesicular transport",#8b4513,
STM0969,ycaM,1050977,0.005083761500000001,Amino acid transport and metabolism,#ff0000,
STM0970,pflA,1052691,-0.0077970656,Energy production and conversion,#90ee90,
STM0972,STM0972,1054064,0.0045513405,Transcription,#f4a460,
STM0973,pflB,1055099,-0.0036444610000000003,Coenzyme transport and metabolism,#008000,
STM0974,focA,1057441,-0.005562838200000001,Inorganic ion transport and metabolism,#0000ff,
STM0975,ycaO,1058703,-0.0082198102,Function unknown,#708090,
STM0976,ycaP,1060600,0.009814656100000001,Function unknown,#708090,
STM0977,serC,1061478,0.0034120806000000003,Amino acid transport and metabolism,#ff0000,
STM0978,aroA,1062637,0.0057397901,Amino acid transport and metabolism,#ff0000,
STM0979,ycaL,1064063,0.015984872100000002,Cell wall/membrane/envelope biogenesis,#c71585,
STM0980,cmk,1064997,0.0102372949,Nucleotide transport and metabolism,#00bfbf,
STM0981,rpsA,1065794,0.0006396377,"Translation, ribosomal structure and biogenesis",#000000,
STM0982,himD,1067623,-0.0032007404000000002,Transcription,#f4a460,
STM0983,ycaI,1068137,-0.0032697336,Function unknown,#708090,
STM0984,msbA,1070438,-0.0034598405000000002,Defense mechanisms,#d3d3d3,
STM0985,lpxK,1072183,-0.0013929372,Lipid transport and metabolism,#40e0d0,
STM0986,ycaQ,1073204,0.0083822976,Function unknown,#708090,
STM0987,ycaR,1074488,0.0011773078,Function unknown,#708090,
STM0988,kdsB,1074667,-0.0061442271,Cell wall/membrane/envelope biogenesis,#c71585,
STM0989,STM0989,1075624,-0.0071504906,"Translation, ribosomal structure and biogenesis",#000000,
STM0990,ycbC,1076497,0.0071065926,Function unknown,#708090,
STM0991,smtA,1077409,0.0013587987,"Translation, ribosomal structure and biogenesis",#000000,
STM0992,mukF,1078205,0.0061506203,"Cell cycle control, cell division, chromosome partitioning",#bfbf00,
STM0993,mukE,1079508,0.0085009998,"Cell cycle control, cell division, chromosome partitioning",#bfbf00,
STM0994,mukB,1080212,0.0098514863,"Cell cycle control, cell division, chromosome partitioning",#bfbf00,
STM0995,ycbB,1085023,-0.0035820102,Function unknown,#708090,
STM0996,ycbK,1087124,-0.0075739235,Function unknown,#708090,
STM0997,ycbL,1087700,-0.0060201655,Function unknown,#708090,
STM0998,aspC,1088409,-0.0027533051,Amino acid transport and metabolism,#ff0000,
STM0999,ompF,1089784,0.0082580052,Cell wall/membrane/envelope biogenesis,#c71585,
STM1000,asnS,1091482,-0.0080080598,"Translation, ribosomal structure and biogenesis",#000000,
STM1001,STM1001,1093083,-0.0046900803,Transcription,#f4a460,
STM1002,STM1002,1093861,-0.0088375187,Amino acid transport and metabolism,#ff0000,
STM1003,STM1003,1095320,-0.0135823322,"Intracellular trafficking, secretion, and vesicular transport",#8b4513,
STM1004,pncB,1096834,0.0104206258,Nucleotide transport and metabolism,#00bfbf,
STM1008,STM1008,1100139,-0.012037107,Function unknown,#708090,
STM1057,pepN,1144129,-0.0005117186,Amino acid transport and metabolism,#ff0000,
STM1058,pyrD,1146949,0.0046921787,Nucleotide transport and metabolism,#00bfbf,
STM1059,ycbW,1148125,-0.0012863067,"Cell cycle control, cell division, chromosome partitioning",#bfbf00,
STM1060,STM1060,1148664,0.0121711438,Energy production and conversion,#90ee90,
STM1061,ycbY,1149872,0.0026334751,"Translation, ribosomal structure and biogenesis",#000000,
STM1062,uup,1151993,2.0568e-06,Function unknown,#708090,
STM1063,pqiA,1153915,-0.0061330423000000005,Function unknown,#708090,
STM1064,pqiB,1155173,0.0027928795,"Secondary metabolites biosynthesis, transport, and catabolism",#1e90ff,
STM1065,ymbA,1156810,0.008165056,Function unknown,#708090,
STM1067,fabA,1157896,0.0154818131,Lipid transport and metabolism,#40e0d0,
STM1068,lonH,1158483,0.00039909820000000003,Amino acid transport and metabolism,#ff0000,
STM1069,ycbG,1160429,-0.010068958000000001,"Cell cycle control, cell division, chromosome partitioning",#bfbf00,
STM1070,ompA,1160953,0.0037429053,Cell wall/membrane/envelope biogenesis,#c71585,
STM1071,sulA,1162362,0.0057496392,"Cell cycle control, cell division, chromosome partitioning",#bfbf00,
STM1072,yccR,1163088,-0.0012998133,Transcription,#f4a460,
STM1073,yccS,1163680,-0.0022445944,Function unknown,#708090,
STM1074,yccF,1165852,-0.0011610095000000001,Function unknown,#708090,
STM1075,helD,1166422,0.0033005601,"Replication, recombination and repair",#ff00ff,
STM1076,mgsA,1168512,0.010907626600000001,Carbohydrate transport and metabolism,#ffc0cb,
STM1077,yccT,1169065,-0.0009615263000000001,Function unknown,#708090,
STM1078,STM1078,1169898,0.0064809593,Function unknown,#708090,
STM1079,yccV,1170359,-0.0005835025,Function unknown,#708090,
STM1080,yccW,1170734,0.0162482564,"Translation, ribosomal structure and biogenesis",#000000,
STM1081,STM1081,1172160,0.0048096538,Function unknown,#708090,
STM1082,STM1082,1172734,0.0034185275,Transcription,#f4a460,
STM1083,yccX,1173562,0.0203873902,Energy production and conversion,#90ee90,
STM1084,yccK,1173840,-0.0006210224000000001,Inorganic ion transport and metabolism,#0000ff,
STM1085,yccA,1174256,-0.0008153068000000001,Function unknown,#708090,
STM1087,pipA,1175536,-0.006356151,Amino acid transport and metabolism,#ff0000,
STM1088,pipB,1176438,0.0298433068,Function unknown,#708090,
STM1090,pipC,1177861,-0.010639077,"Post-translational modification, protein turnover,and chaperones",#87ceeb,
STM1091,sopB,1178219,-0.012778553500000001,Function unknown,#708090,
STM1095,copS,1182268,1.9413e-06,Signal transduction mechanisms,#00ff00,
STM1096,copR,1183625,-0.0048178363,Transcription,#f4a460,
STM1097,STM1097,1184441,0.0042836003,Nucleotide transport and metabolism,#00bfbf,
STM1098,hpaC,1185184,-0.0027315054,Function unknown,#708090,
STM1099,hpaB,1185714,-0.019768919000000003,"Secondary metabolites biosynthesis, transport, and catabolism",#1e90ff,
STM1100,hpaR,1187494,-0.0017485787,Transcription,#f4a460,
STM1101,hpaG,1188209,0.0081404658,"Secondary metabolites biosynthesis, transport, and catabolism",#1e90ff,
STM1102,hpaE,1189495,-0.0048632755,Energy production and conversion,#90ee90,
STM1103,hpaD,1190963,-0.0183822553,Function unknown,#708090,
STM1104,hpaF,1191824,-0.0013863718,Carbohydrate transport and metabolism,#ffc0cb,
STM1105,hpaH,1192347,-0.016619173600000002,"Secondary metabolites biosynthesis, transport, and catabolism",#1e90ff,
STM1106,hpaI,1193161,-0.0047927178,Carbohydrate transport and metabolism,#ffc0cb,
STM1107,hpaX,1194024,0.006034655000000001,Carbohydrate transport and metabolism,#ffc0cb,
STM1108,hpaA,1195410,0.0087563475,Transcription,#f4a460,
STM1109,STM1109,1196320,-0.0003464454,Function unknown,#708090,
STM1111,yccD,1198682,-0.010561465400000001,Transcription,#f4a460,
STM1112,cbpA,1198987,-0.0052574794,"Post-translational modification, protein turnover,and chaperones",#87ceeb,
STM1113,scsA,1200142,0.0035863808,Function unknown,#708090,
STM1114,scsB,1200553,-0.0007068436000000001,Energy production and conversion,#90ee90,
STM1115,scsC,1202436,0.015941911200000002,"Post-translational modification, protein turnover,and chaperones",#87ceeb,
STM1116,scsD,1203049,0.0029838088,Energy production and conversion,#90ee90,
STM1117,agp,1203688,0.0120321248,Function unknown,#708090,
STM1118,yccJ,1204963,0.004073393000000001,Function unknown,#708090,
STM1119,wraB,1205211,-0.0054499283,Coenzyme transport and metabolism,#008000,
STM1121,ymdF,1206192,-0.0172863109,No COG annotation,#87cefa,
STM1122,ycdC,1206496,0.010273711500000001,Transcription,#f4a460,
STM1123,STM1123,1207131,-0.0125858931,Function unknown,#708090,
STM1125,putP,1211969,-0.0192912961,Amino acid transport and metabolism,#ff0000,
STM1127,STM1127,1215264,-0.010939915100000001,Transcription,#f4a460,
STM1128,STM1128,1216430,0.0052022566,Amino acid transport and metabolism,#ff0000,
STM1129,STM1129,1218263,0.0081566602,Carbohydrate transport and metabolism,#ffc0cb,
STM1130,STM1130,1219449,-0.0077859242000000006,Cell wall/membrane/envelope biogenesis,#c71585,
STM1131,STM1131,1220655,-0.0113762171,Cell wall/membrane/envelope biogenesis,#c71585,
STM1132,STM1132,1221630,-0.016350902100000002,"Intracellular trafficking, secretion, and vesicular transport",#8b4513,
STM1133,STM1133,1222921,-0.031817132000000005,Function unknown,#708090,
STM1135,ycdW,1225055,-0.0029561181000000002,Energy production and conversion,#90ee90,
STM1136,ycdX,1226077,0.0015790602,Amino acid transport and metabolism,#ff0000,
STM1137,ycdY,1226838,0.0022529926,Function unknown,#708090,
STM1138,ycdZ,1227445,0.0078059382,Function unknown,#708090,
STM1139,csgG,1228014,0.0021076301,Cell wall/membrane/envelope biogenesis,#c71585,
STM1140,csgF,1228874,0.0181918953,Function unknown,#708090,
STM1141,csgE,1229317,0.008079169,Function unknown,#708090,
STM1142,csgD,1229717,-0.005113447,Transcription,#f4a460,
STM1143,csgB,1231122,-0.017713549800000002,Function unknown,#708090,
STM1144,csgA,1231619,0.011582141800000001,Function unknown,#708090,
STM1145,csgC,1232136,0.015171994400000001,Cell wall/membrane/envelope biogenesis,#c71585,
STM1146,ymdA,1232593,0.0081294209,No COG annotation,#87cefa,
STM1147,STM1147,1233002,0.004850080200000001,Function unknown,#708090,
STM1148,ymdC,1233480,0.0042607902000000005,Lipid transport and metabolism,#40e0d0,
STM1149,mdoC,1234981,-0.0030244676,Lipid transport and metabolism,#40e0d0,
STM1150,mdoG,1236407,-0.0024583336000000003,Inorganic ion transport and metabolism,#0000ff,
STM1151,mdoH,1237935,-0.0046971363,Cell wall/membrane/envelope biogenesis,#c71585,
STM1152,yceK,1240552,0.0051586582,Function unknown,#708090,
STM1153,msyB,1240780,-0.010594335600000001,Function unknown,#708090,
STM1154,yceE,1241236,-0.0007556081,"Intracellular trafficking, secretion, and vesicular transport",#8b4513,
STM1155,htrB,1242605,-0.0026155103000000002,Cell wall/membrane/envelope biogenesis,#c71585,
STM1156,yceA,1243745,0.0020678494,Function unknown,#708090,
STM1157,yceI,1244849,-0.0025705715,Function unknown,#708090,
STM1158,STM1158,1245421,0.0038510167000000003,Energy production and conversion,#90ee90,
STM1160,solA,1246410,0.0018615860000000001,Amino acid transport and metabolism,#ff0000,
STM1161,yceP,1247641,0.012864663200000001,Function unknown,#708090,
STM1163,pyrC,1248504,-0.0021055013,Nucleotide transport and metabolism,#00bfbf,
STM1164,yceB,1249655,0.0019057228000000002,Function unknown,#708090,
STM1165,grxB,1250340,-0.0165248705,"Post-translational modification, protein turnover,and chaperones",#87ceeb,
STM1166,yceL,1251051,-0.0092473224,"Intracellular trafficking, secretion, and vesicular transport",#8b4513,
STM1167,rimJ,1252496,0.0069772064,"Translation, ribosomal structure and biogenesis",#000000,
STM1168,yceH,1253116,-0.0095097724,Function unknown,#708090,
STM1169,mviM,1253765,0.007605333000000001,Function unknown,#708090,
STM1170,mviN,1254953,0.0010412702,Function unknown,#708090,
STM1171,flgN,1256609,0.0065060163,Cell motility,#da70d6,
STM1172,flgM,1257036,0.0105468316,Cell motility,#da70d6,
STM1173,flgA,1257421,0.0094290409,Cell motility,#da70d6,
STM1174,flgB,1258237,-0.0017287243000000002,Cell motility,#da70d6,
STM1175,flgC,1258657,-0.0129202082,Cell motility,#da70d6,
STM1176,flgD,1259073,-0.0028627241,Cell motility,#da70d6,
STM1177,flgE,1259798,0.0075296645,Cell motility,#da70d6,
STM1178,flgF,1261030,0.006201323000000001,Cell motility,#da70d6,
STM1179,flgG,1261799,0.00508945,Cell motility,#da70d6,
STM1180,flgH,1262636,0.0109646595,Cell motility,#da70d6,
STM1181,flgI,1263346,0.0094507689,Cell motility,#da70d6,
STM1182,flgJ,1264443,0.008382467900000001,Cell motility,#da70d6,
STM1183,flgK,1265458,0.0035224473000000003,Cell motility,#da70d6,
STM1184,flgL,1267134,0.0056418106,Cell motility,#da70d6,
STM1185,rne,1268344,0.000130566,"Translation, ribosomal structure and biogenesis",#000000,
STM1187,rluC,1272121,0.0041238222,"Translation, ribosomal structure and biogenesis",#000000,
STM1188,STM1188,1273236,-0.0024852905,Function unknown,#708090,
STM1189,yceF,1274481,-5.43285e-05,"Cell cycle control, cell division, chromosome partitioning",#bfbf00,
STM1190,yceD,1275263,-0.0005844611,Function unknown,#708090,
STM1192,plsX,1276143,-0.0070206592,Lipid transport and metabolism,#40e0d0,
STM1193,fabH,1277302,0.0024226857,Lipid transport and metabolism,#40e0d0,
STM1194,fabD,1278271,-0.0031835325,Lipid transport and metabolism,#40e0d0,
STM1195,fabG,1279213,0.0022152574,Lipid transport and metabolism,#40e0d0,
STM1196,acpP,1280103,-0.0033926309,Lipid transport and metabolism,#40e0d0,
STM1197,fabF,1280425,-0.0004938902,Lipid transport and metabolism,#40e0d0,
STM1198,pabC,1281790,-0.0117620204,Amino acid transport and metabolism,#ff0000,
STM1199,yceG,1282602,-0.007513092000000001,Function unknown,#708090,
STM1200,tmk,1283614,0.0003679102,Nucleotide transport and metabolism,#00bfbf,
STM1201,holB,1284252,0.005121601,"Replication, recombination and repair",#ff00ff,
STM1202,ycfH,1285267,0.010653825700000001,"Replication, recombination and repair",#ff00ff,
STM1203,ptsG,1286359,-0.0286799821,Carbohydrate transport and metabolism,#ffc0cb,
STM1204,fhuE,1287877,0.0149075857,Inorganic ion transport and metabolism,#0000ff,
STM1205,ycfF,1290393,0.0040189585,Nucleotide transport and metabolism,#00bfbf,
STM1206,ycfL,1290755,0.0044100081000000005,Function unknown,#708090,
STM1207,ycfM,1291143,0.0019658667,Cell wall/membrane/envelope biogenesis,#c71585,
STM1208,ycfN,1291762,0.0083556753,Nucleotide transport and metabolism,#00bfbf,
STM1209,nagZ,1292597,-0.0030843999999999997,Cell wall/membrane/envelope biogenesis,#c71585,
STM1210,ycfP,1293647,-0.0009446526,Function unknown,#708090,
STM1211,ndh,1294444,0.0161708681,Energy production and conversion,#90ee90,
STM1212,ycfJ,1295927,-0.0149672533,Function unknown,#708090,
STM1213,ycfQ,1296541,0.0025140172,Transcription,#f4a460,
STM1214,ycfR,1297418,0.015546973300000001,Function unknown,#708090,
STM1215,ycfS,1297772,0.0044886857,Cell wall/membrane/envelope biogenesis,#c71585,
STM1216,mfd,1298885,0.0027242481,"Replication, recombination and repair",#ff00ff,
STM1217,ycfU,1302558,-0.0069222946,Cell wall/membrane/envelope biogenesis,#c71585,
STM1218,ycfV,1303861,-0.0067413938,Defense mechanisms,#d3d3d3,
STM1219,ycfW,1304562,-0.00141521,Cell wall/membrane/envelope biogenesis,#c71585,
STM1220,ycfX,1305835,-0.0054908919,Nucleotide transport and metabolism,#00bfbf,
STM1221,cobB,1306765,-0.0040471544,Transcription,#f4a460,
STM1222,potD,1307668,-0.0057145856000000005,Amino acid transport and metabolism,#ff0000,
STM1223,potC,1308739,0.0016689937000000001,Inorganic ion transport and metabolism,#0000ff,
STM1224,sifA,1309834,0.0051912425,Function unknown,#708090,
STM1225,potB,1311173,0.0024520424,Amino acid transport and metabolism,#ff0000,
STM1226,potA,1312020,0.011359543500000001,Inorganic ion transport and metabolism,#0000ff,
STM1227,pepT,1313407,-0.0045714861,Amino acid transport and metabolism,#ff0000,
STM1229,ycfD,1316014,0.0033112907,Function unknown,#708090,
STM1230,phoQ,1317216,-0.0033503391,Signal transduction mechanisms,#00ff00,
STM1231,phoP,1318679,-0.0075827385,Transcription,#f4a460,
STM1232,purB,1319477,-0.0035562336,Nucleotide transport and metabolism,#00bfbf,
STM1233,ycfC,1320851,0.005926675,Function unknown,#708090,
STM1234,trmU,1321579,0.0102137696,"Translation, ribosomal structure and biogenesis",#000000,
STM1235,ymfB,1322739,-0.0016742130000000001,"Replication, recombination and repair",#ff00ff,
STM1236,STM1236,1323212,-0.0099787004,Function unknown,#708090,
STM1237,ymfC,1323538,-0.0016847358,"Translation, ribosomal structure and biogenesis",#000000,
STM1238,icdA,1324375,-0.0147598342,Energy production and conversion,#90ee90,
STM1239,STM1239,1326073,0.0030865147,Function unknown,#708090,
STM1240,envF,1328179,-0.011128154500000001,No COG annotation,#87cefa,
STM1241,msgA,1329456,9.06722e-05,Function unknown,#708090,
STM1242,envE,1329886,-0.011821403500000001,Cell wall/membrane/envelope biogenesis,#c71585,
STM1246,pagC,1332241,-0.0272831236,Cell wall/membrane/envelope biogenesis,#c71585,
STM1249,STM1249,1334035,0.0050402075,Function unknown,#708090,
STM1250,STM1250,1335082,0.013607775800000001,No COG annotation,#87cefa,
STM1251,STM1251,1335506,-0.0065546214,"Post-translational modification, protein turnover,and chaperones",#87ceeb,
STM1252,STM1252,1336312,-0.0025931483,Carbohydrate transport and metabolism,#ffc0cb,
STM1253,STM1253,1337438,0.0051015731,Energy production and conversion,#90ee90,
STM1254,STM1254,1338117,0.0042704289000000005,Cell wall/membrane/envelope biogenesis,#c71585,
STM1255,STM1255,1339113,-0.0086244723,Amino acid transport and metabolism,#ff0000,
STM1256,STM1256,1340747,-0.0009111277,Amino acid transport and metabolism,#ff0000,
STM1257,STM1257,1341711,0.0069122773,Inorganic ion transport and metabolism,#0000ff,
STM1258,STM1258,1342517,0.0097026054,Inorganic ion transport and metabolism,#0000ff,
STM1259,STM1259,1343308,-0.0030844662,Amino acid transport and metabolism,#ff0000,
STM1260,STM1260,1343980,-0.0030194574000000003,Cell wall/membrane/envelope biogenesis,#c71585,
STM1261,STM1261,1345307,-0.0157062497,No COG annotation,#87cefa,
STM1263,STM1263,1345830,0.0071413014,Function unknown,#708090,
STM1264,aadA,1346586,0.0039412696,Coenzyme transport and metabolism,#008000,
STM1265,STM1265,1347519,0.0017685312000000001,Transcription,#f4a460,
STM1266,STM1266,1348181,0.0155447693,Transcription,#f4a460,
STM1267,STM1267,1349284,0.045121875000000006,Function unknown,#708090,
STM1268,STM1268,1349611,0.018395654600000002,No COG annotation,#87cefa,
STM1269,STM1269,1349843,-0.0082840883,Cell wall/membrane/envelope biogenesis,#c71585,
STM1270,yeaS,1350585,-0.004618626000000001,"Intracellular trafficking, secretion, and vesicular transport",#8b4513,
STM1272,yoaG,1351761,0.0023496979000000003,Function unknown,#708090,
STM1273,STM1273,1352173,0.0043763061,No COG annotation,#87cefa,
STM1274,yeaQ,1353129,0.00018446710000000001,Function unknown,#708090,
STM1275,yaoF,1353810,-0.0025452749,Function unknown,#708090,
STM1276,STM1276,1354130,-0.0001051743,No COG annotation,#87cefa,
STM1277,yeaO,1354427,-0.0007478130000000001,Function unknown,#708090,
STM1278,yeaN,1354893,-0.0024798376,Inorganic ion transport and metabolism,#0000ff,
STM1279,yeaM,1356178,0.0013151108,Transcription,#f4a460,
STM1280,yeaL,1356952,-0.0081089277,Function unknown,#708090,
STM1282,yeaK,1357708,0.0007374718,Function unknown,#708090,
STM1283,yeaJ,1358276,-0.0063938878,Signal transduction mechanisms,#00ff00,
STM1284,yeaH,1360410,-0.0151416773,Function unknown,#708090,
STM1285,yeaG,1361819,-0.0096325664,Signal transduction mechanisms,#00ff00,
STM1286,mipA,1364180,-0.0038910483000000004,Cell wall/membrane/envelope biogenesis,#c71585,
STM1287,STM1287,1365216,-0.0058327857,Energy production and conversion,#90ee90,
STM1288,STM1288,1366509,-0.0091323939,Function unknown,#708090,
STM1289,yeaD,1367465,0.0227920125,Carbohydrate transport and metabolism,#ffc0cb,
STM1290,gapA,1368684,0.024131777,Nucleotide transport and metabolism,#00bfbf,
STM1291,yeaA,1369991,-0.012162514900000001,"Post-translational modification, protein turnover,and chaperones",#87ceeb,
STM1292,yeaC,1370476,-0.018308563700000002,Function unknown,#708090,
STM1293,pncA,1371106,-0.0036742304000000003,"Secondary metabolites biosynthesis, transport, and catabolism",#1e90ff,
STM1294,ansA,1371789,0.0039881467,Amino acid transport and metabolism,#ff0000,
STM1295,sppA,1372901,-0.0028804298,"Post-translational modification, protein turnover,and chaperones",#87ceeb,
STM1296,ydjA,1374931,-0.010533312900000001,Energy production and conversion,#90ee90,
STM1297,selD,1375600,-0.0059141224,Nucleotide transport and metabolism,#00bfbf,
STM1298,topB,1376648,0.0008449153,"Replication, recombination and repair",#ff00ff,
STM1299,gdhA,1378627,0.0041060105,Amino acid transport and metabolism,#ff0000,
STM1300,STM1300,1380209,0.0200689746,Function unknown,#708090,
STM1301,STM1301,1380444,-0.0114792426,"Replication, recombination and repair",#ff00ff,
STM1302,xthA,1380933,0.0068729539,"Replication, recombination and repair",#ff00ff,
STM1303,astC,1382185,-0.0048366442,Amino acid transport and metabolism,#ff0000,
STM1304,astA,1383402,0.0009744875000000001,Amino acid transport and metabolism,#ff0000,
STM1305,astD,1384433,-0.0122703194,Energy production and conversion,#90ee90,
STM1306,astB,1385908,-0.015429492900000001,Amino acid transport and metabolism,#ff0000,
STM1307,astE,1387244,-0.0284614824,Amino acid transport and metabolism,#ff0000,
STM1308,spy,1388548,0.0024146951,Cell motility,#da70d6,
STM1309,STM1309,1389108,0.0040008902,"Replication, recombination and repair",#ff00ff,
STM1310,nadE,1390110,0.0044925481,Nucleotide transport and metabolism,#00bfbf,
STM1311,osmE,1391156,0.0025113865,Cell wall/membrane/envelope biogenesis,#c71585,
STM1312,celA,1391798,-0.0156748211,Carbohydrate transport and metabolism,#ffc0cb,
STM1313,celB,1392201,-0.017618833,"Intracellular trafficking, secretion, and vesicular transport",#8b4513,
STM1314,celC,1393610,-0.0162328155,Carbohydrate transport and metabolism,#ffc0cb,
STM1315,celD,1393968,-0.0108742934,Transcription,#f4a460,
STM1316,celF,1394935,-0.0011124318,Carbohydrate transport and metabolism,#ffc0cb,
STM1317,celG,1396303,-0.0029307431,Nucleotide transport and metabolism,#00bfbf,
STM1318,katE,1397105,0.0082285694,Inorganic ion transport and metabolism,#0000ff,
STM1319,cedA,1399722,-0.0018799213,"Cell cycle control, cell division, chromosome partitioning",#bfbf00,
STM1320,ydjN,1400066,0.015821625500000002,"Intracellular trafficking, secretion, and vesicular transport",#8b4513,
STM1321,ydjM,1401594,0.0083576921,Function unknown,#708090,
STM1322,yniC,1402331,-0.0054958303,Function unknown,#708090,
STM1323,yniB,1403148,-0.0024952438,Function unknown,#708090,
STM1324,STM1324,1403727,-0.0034027917000000003,Carbohydrate transport and metabolism,#ffc0cb,
STM1325,ydiZ,1404694,-0.008776823000000001,Function unknown,#708090,
STM1326,pfkB,1405081,-0.0002469271,Coenzyme transport and metabolism,#008000,
STM1327,ydiY,1406302,0.029534566800000002,Cell wall/membrane/envelope biogenesis,#c71585,
STM1328,STM1328,1407109,-0.0066377602,Function unknown,#708090,
STM1329,STM1329,1408211,0.0015908983,No COG annotation,#87cefa,
STM1330,STM1330,1408522,0.0180686504,Nucleotide transport and metabolism,#00bfbf,
STM1332,rfc,1410078,0.0032894233,No COG annotation,#87cefa,
STM1333,thrS,1412193,-0.0013164207,"Translation, ribosomal structure and biogenesis",#000000,
STM1335,rpmI,1414763,0.005591911000000001,"Translation, ribosomal structure and biogenesis",#000000,
STM1336,rplT,1415011,0.006807049000000001,"Translation, ribosomal structure and biogenesis",#000000,
STM1337,pheS,1415669,-0.0141397844,"Translation, ribosomal structure and biogenesis",#000000,
STM1338,pheT,1416668,0.0009593013000000001,"Translation, ribosomal structure and biogenesis",#000000,
STM1339,himA,1419060,0.0034954375000000003,Transcription,#f4a460,
STM1340,btuC,1419562,-0.0025773447,"Intracellular trafficking, secretion, and vesicular transport",#8b4513,
STM1341,btuE,1420634,0.0046603266,"Post-translational modification, protein turnover,and chaperones",#87ceeb,
STM1342,btuD,1421185,-0.000921316,Coenzyme transport and metabolism,#008000,
STM1343,nlpC,1422011,-0.01960969,Cell wall/membrane/envelope biogenesis,#c71585,
STM1344,ydiV,1422789,-0.0170711325,Transcription,#f4a460,
STM1345,ydiU,1423564,0.0066761752,Function unknown,#708090,
STM1346,ydiE,1425041,0.0051944062000000004,Inorganic ion transport and metabolism,#0000ff,
STM1347,aroH,1425389,0.0021655064,Amino acid transport and metabolism,#ff0000,
STM1348,ydiA,1426591,-0.0043868229,Nucleotide transport and metabolism,#00bfbf,
STM1349,pps,1427761,0.00012081820000000001,Coenzyme transport and metabolism,#008000,
STM1350,ydiD,1430181,0.0262754988,Lipid transport and metabolism,#40e0d0,
STM1351,ydiT,1431911,0.0206958918,Energy production and conversion,#90ee90,
STM1352,ydiS,1432201,0.0143636519,Energy production and conversion,#90ee90,
STM1353,ydiR,1433544,0.006630852600000001,Energy production and conversion,#90ee90,
STM1354,ydiQ,1434501,-0.0264008779,Energy production and conversion,#90ee90,
STM1355,ydiP,1435728,0.0086095913,Transcription,#f4a460,
STM1356,ydiO,1436694,0.0046910680000000005,Lipid transport and metabolism,#40e0d0,
STM1357,ydiF,1437859,-0.014062325700000001,Lipid transport and metabolism,#40e0d0,
STM1358,aroD,1439608,-0.0161500338,Amino acid transport and metabolism,#ff0000,
STM1359,ydiB,1440411,0.0020639122000000003,Amino acid transport and metabolism,#ff0000,
STM1361,ydiM,1442943,-0.0017413492,Amino acid transport and metabolism,#ff0000,
STM1362,ydiL,1444295,-0.0043425099,Function unknown,#708090,
STM1364,ydiK,1445112,-0.0039320536,Function unknown,#708090,
STM1365,ydiJ,1446495,-0.0051994826,Energy production and conversion,#90ee90,
STM1366,STM1366,1449548,0.0006296221000000001,"Secondary metabolites biosynthesis, transport, and catabolism",#1e90ff,
STM1367,ydiH,1450018,0.0090603108,Function unknown,#708090,
STM1368,STM1368,1450533,-0.0210217407,"Intracellular trafficking, secretion, and vesicular transport",#8b4513,
STM1369,sufA,1452306,-0.014352963000000002,Function unknown,#708090,
STM1370,sufB,1452683,-0.0072769263,"Post-translational modification, protein turnover,and chaperones",#87ceeb,
STM1371,sufC,1454187,-0.0178191226,"Post-translational modification, protein turnover,and chaperones",#87ceeb,
STM1372,sufD,1454908,-0.0167504841,"Post-translational modification, protein turnover,and chaperones",#87ceeb,
STM1373,sufS,1456176,-0.0194170354,Coenzyme transport and metabolism,#008000,
STM1374,ynhA,1457409,-0.0089686863,Function unknown,#708090,
STM1375,ynhG,1457980,-0.0031924851,Function unknown,#708090,
STM1378,pykF,1459917,0.0078488342,Nucleotide transport and metabolism,#00bfbf,
STM1379,orf48,1461731,-0.0008123462,Amino acid transport and metabolism,#ff0000,
STM1380,orf32,1463096,-0.0042385743,Lipid transport and metabolism,#40e0d0,
STM1381,orf245,1464048,-0.0063940823,Function unknown,#708090,
STM1382,orf408,1464797,-0.0006986924,Coenzyme transport and metabolism,#008000,
STM1383,ttrA,1466346,-0.0073203682,Energy production and conversion,#90ee90,
STM1384,ttrC,1469401,-0.0049566424,Energy production and conversion,#90ee90,
STM1385,ttrB,1470424,-0.0120188725,Energy production and conversion,#90ee90,
STM1386,ttrS,1471340,0.0061568463,Signal transduction mechanisms,#00ff00,
STM1387,ttrR,1473093,0.0060081189000000005,Transcription,#f4a460,
STM1388,orf70,1473811,-0.0044870346,Function unknown,#708090,
STM1389,orf319,1474119,-0.0119863534,Function unknown,#708090,
STM1390,orf242,1475251,0.0060922319,Transcription,#f4a460,
STM1391,ssrB,1476158,0.0049998863,Transcription,#f4a460,
STM1392,ssrA,1476827,-0.0045582097,Signal transduction mechanisms,#00ff00,
STM1394,ssaC,1480393,-0.0091804946,Cell motility,#da70d6,
STM1395,ssaD,1481867,0.0018550718,Function unknown,#708090,
STM1396,ssaE,1483086,0.0058244088,Function unknown,#708090,
STM1398,sseB,1483925,0.0073063887,Function unknown,#708090,
STM1399,sscA,1484512,0.0163774848,Function unknown,#708090,
STM1400,sseC,1484988,0.019798018400000002,Function unknown,#708090,
STM1401,sseD,1486458,-0.006837308,No COG annotation,#87cefa,
STM1402,sseE,1487048,-0.0031542195,Function unknown,#708090,
STM1403,sscB,1487516,0.0124168325,Cell motility,#da70d6,
STM1404,sseF,1487966,0.0034483013,No COG annotation,#87cefa,
STM1405,sseG,1488745,0.0077167621,No COG annotation,#87cefa,
STM1406,ssaG,1489528,-0.0414426544,Function unknown,#708090,
STM1408,ssaI,1490023,-0.0523417152,No COG annotation,#87cefa,
STM1409,ssaJ,1490268,-0.034993641,"Intracellular trafficking, secretion, and vesicular transport",#8b4513,
STM1410,STM1410,1491035,-0.0047135085000000005,Function unknown,#708090,
STM1411,ssaK,1491580,-0.0042296675,Cell motility,#da70d6,
STM1412,ssaL,1492220,-0.0019897061,Function unknown,#708090,
STM1413,ssaM,1493294,-0.0062269431,No COG annotation,#87cefa,
STM1414,ssaV,1493647,0.0007178556,"Intracellular trafficking, secretion, and vesicular transport",#8b4513,
STM1415,ssaN,1495682,0.0039541108000000005,Cell motility,#da70d6,
STM1416,ssaO,1496986,0.015954918800000002,No COG annotation,#87cefa,
STM1417,ssaP,1497344,-0.00046008160000000003,No COG annotation,#87cefa,
STM1418,ssaQ,1497699,-0.0005496348000000001,Cell motility,#da70d6,
STM1419,ssaR,1498735,-0.0044923824,"Intracellular trafficking, secretion, and vesicular transport",#8b4513,
STM1420,ssaS,1499379,0.0032453332,"Intracellular trafficking, secretion, and vesicular transport",#8b4513,
STM1421,ssaT,1499646,0.008071150400000001,"Intracellular trafficking, secretion, and vesicular transport",#8b4513,
STM1422,ssaU,1500422,0.0025526552,"Intracellular trafficking, secretion, and vesicular transport",#8b4513,
STM1425,ydhE,1501953,0.0007862317,Inorganic ion transport and metabolism,#0000ff,
STM1426,ribE,1503543,-0.0029949312000000002,Coenzyme transport and metabolism,#008000,
STM1427,cfa,1504226,-0.0068942725000000005,Cell wall/membrane/envelope biogenesis,#c71585,
STM1428,ydhC,1505664,0.002464809,Amino acid transport and metabolism,#ff0000,
STM1429,ydhB,1506982,-0.006425934800000001,Transcription,#f4a460,
STM1430,purR,1507911,-0.0069201233,Transcription,#f4a460,
STM1431,sodB,1509404,-0.009522309000000001,Energy production and conversion,#90ee90,
STM1432,ydhO,1510112,0.011654667700000001,Cell wall/membrane/envelope biogenesis,#c71585,
STM1433,ydhD,1511268,-0.0060648923,Energy production and conversion,#90ee90,
STM1434,rnt,1511693,0.0072760152,"Replication, recombination and repair",#ff00ff,
STM1435,gloA,1512441,0.0006232739,Coenzyme transport and metabolism,#008000,
STM1436,nemA,1512917,0.0054903449,Energy production and conversion,#90ee90,
STM1437,ydhM,1514073,0.0182312113,Transcription,#f4a460,
STM1438,ydhL,1514775,-0.0050727546,Function unknown,#708090,
STM1439,ydhF,1515065,0.017981758100000002,Function unknown,#708090,
STM1440,sodC,1516041,-0.009612377200000001,Inorganic ion transport and metabolism,#0000ff,
STM1441,STM1441,1516538,-0.0016901643,"Intracellular trafficking, secretion, and vesicular transport",#8b4513,
STM1442,ydhJ,1518577,0.0021051641,Defense mechanisms,#d3d3d3,
STM1443,ydhI,1519440,0.003607607,Function unknown,#708090,
STM1444,slyA,1519871,-0.0165774001,Transcription,#f4a460,
STM1445,slyB,1520359,-0.0032317917,Cell wall/membrane/envelope biogenesis,#c71585,
STM1446,ydhH,1521098,0.0031690119,Nucleotide transport and metabolism,#00bfbf,
STM1447,ydhA,1522307,-0.0001193521,Function unknown,#708090,
STM1448,pdxH,1522695,-0.0074955455,Coenzyme transport and metabolism,#008000,
STM1449,tyrS,1523478,-0.0059320349,"Translation, ribosomal structure and biogenesis",#000000,
STM1450,pdxY,1524812,0.0075966155,Coenzyme transport and metabolism,#008000,
STM1451,gst,1525731,0.0007850541,"Post-translational modification, protein turnover,and chaperones",#87ceeb,
STM1452,ydgR,1526441,-0.01115466,"Intracellular trafficking, secretion, and vesicular transport",#8b4513,
STM1453,nth,1528548,-0.007995027600000001,"Replication, recombination and repair",#ff00ff,
STM1454,ydgQ,1529183,-0.0076211264,Energy production and conversion,#90ee90,
STM1455,ydgP,1529878,-0.0097632755,Energy production and conversion,#90ee90,
STM1456,ydgO,1530502,-0.0094420352,Energy production and conversion,#90ee90,
STM1457,STM1457,1531561,-0.0070421498,Energy production and conversion,#90ee90,
STM1458,ydgM,1533761,-0.0003321607,Energy production and conversion,#90ee90,
STM1459,STM1459,1534339,-0.0141965609,Energy production and conversion,#90ee90,
STM1460,ydgK,1534997,-0.0047050181000000005,Function unknown,#708090,
STM1461,ydgT,1535526,0.0023599834,Transcription,#f4a460,
STM1462,ydgJ,1536297,-0.0078007296,Function unknown,#708090,
STM1463,add,1537487,0.0010695202,Nucleotide transport and metabolism,#00bfbf,
STM1466,ydgA,1539192,-0.0055949114,Function unknown,#708090,
STM1467,manA,1540803,0.0026056922000000002,Carbohydrate transport and metabolism,#ffc0cb,
STM1468,fumA,1542178,-0.0178714071,Energy production and conversion,#90ee90,
STM1469,fumC,1543992,-0.0157194196,Energy production and conversion,#90ee90,
STM1470,tus,1545392,0.0024929171,"Translation, ribosomal structure and biogenesis",#000000,
STM1471,rstB,1546397,0.0068953491,Signal transduction mechanisms,#00ff00,
STM1472,STM1472,1547809,0.0026965781000000003,Function unknown,#708090,
STM1473,ompN,1549668,0.010201336600000001,Cell wall/membrane/envelope biogenesis,#c71585,
STM1475,rstA,1551281,0.0031675744,Transcription,#f4a460,
STM1476,ydgC,1552139,0.0051039238,Function unknown,#708090,
STM1477,ydgI,1552536,-0.0065384989,Amino acid transport and metabolism,#ff0000,
STM1478,ydgH,1554217,0.0022979949,Function unknown,#708090,
STM1479,pntA,1555688,-0.0071369665,Energy production and conversion,#90ee90,
STM1480,pntB,1557228,-0.0098662203,Energy production and conversion,#90ee90,
STM1481,STM1481,1558791,-0.008461233700000001,Function unknown,#708090,
STM1482,ydgF,1560243,0.00484559,"Intracellular trafficking, secretion, and vesicular transport",#8b4513,
STM1483,ydgE,1560592,0.0080789606,"Intracellular trafficking, secretion, and vesicular transport",#8b4513,
STM1484,STM1484,1560961,-0.0112502997,Cell wall/membrane/envelope biogenesis,#c71585,
STM1485,STM1485,1562051,-0.0047179063000000005,No COG annotation,#87cefa,
STM1486,ynfM,1562694,-0.0004617342,Amino acid transport and metabolism,#ff0000,
STM1487,ynfL,1564067,-0.0010164856000000001,Transcription,#f4a460,
STM1488,mlc,1565094,-0.0168084329,Carbohydrate transport and metabolism,#ffc0cb,
STM1489,ynfK,1566440,-0.0187049636,Coenzyme transport and metabolism,#008000,
STM1490,STM1490,1567091,0.0052471231,Inorganic ion transport and metabolism,#0000ff,
STM1491,STM1491,1568516,0.0032468725,Inorganic ion transport and metabolism,#0000ff,
STM1492,STM1492,1569664,-0.0039875851000000006,Inorganic ion transport and metabolism,#0000ff,
STM1493,STM1493,1570321,0.011629189000000002,Cell wall/membrane/envelope biogenesis,#c71585,
STM1494,STM1494,1571252,0.0100839534,Inorganic ion transport and metabolism,#0000ff,
STM1495,ynfI,1572267,0.0014725861000000002,Function unknown,#708090,
STM1496,STM1496,1572924,-0.0014780205,Function unknown,#708090,
STM1498,STM1498,1574411,-0.0032752661000000002,Energy production and conversion,#90ee90,
STM1499,STM1499,1576945,0.0051941342000000005,Energy production and conversion,#90ee90,
STM1500,ynfD,1579540,0.007918301,Function unknown,#708090,
STM1501,ynfC,1579943,-0.0029468147,Cell wall/membrane/envelope biogenesis,#c71585,
STM1502,speG,1580703,-0.0118436079,"Translation, ribosomal structure and biogenesis",#000000,
STM1503,ynfB,1581299,-0.0017294909,Function unknown,#708090,
STM1504,ynfA,1581793,-0.0071104803,Function unknown,#708090,
STM1505,rspA,1582241,-0.025134659400000002,Cell wall/membrane/envelope biogenesis,#c71585,
STM1506,rspB,1583466,-0.0221255967,Amino acid transport and metabolism,#ff0000,
STM1508,ydfI,1586062,-0.0149137437,Energy production and conversion,#90ee90,
STM1509,ydfZ,1587595,0.007722726300000001,Function unknown,#708090,
STM1510,ydfH,1587979,-0.0023000322,Transcription,#f4a460,
STM1511,ydfG,1588795,0.0178315502,Function unknown,#708090,
STM1512,dcp,1589680,-0.0014457329,Amino acid transport and metabolism,#ff0000,
STM1513,STM1513,1592067,0.011232056300000001,Function unknown,#708090,
STM1514,ydeJ,1592369,-0.0045604468,Function unknown,#708090,
STM1515,ydeI,1593323,0.00036280570000000003,Function unknown,#708090,
STM1517,ydeD,1595822,0.01609207,Amino acid transport and metabolism,#ff0000,
STM1518,marB,1596843,-0.0083509801,Function unknown,#708090,
STM1519,marA,1597087,-0.0165485103,Transcription,#f4a460,
STM1520,marR,1597490,0.0046697739,Transcription,#f4a460,
STM1521,marC,1598183,-0.0077588609,"Intracellular trafficking, secretion, and vesicular transport",#8b4513,
STM1522,ydeA,1598895,-0.0043874347,Amino acid transport and metabolism,#ff0000,
STM1523,yneJ,1600201,-0.0041432638,Transcription,#f4a460,
STM1524,yneI,1601176,0.015305236100000001,Energy production and conversion,#90ee90,
STM1525,yneH,1602637,0.0050711869,Amino acid transport and metabolism,#ff0000,
STM1526,yneG,1603563,0.009471953200000001,Function unknown,#708090,
STM1527,STM1527,1604146,-0.0081637657,Function unknown,#708090,
STM1528,STM1528,1605149,-0.0137136791,Function unknown,#708090,
STM1530,STM1530,1606408,0.0159232671,Cell wall/membrane/envelope biogenesis,#c71585,
STM1531,STM1531,1607667,0.0024224978000000003,Energy production and conversion,#90ee90,
STM1532,STM1532,1608021,0.0046242244,Energy production and conversion,#90ee90,
STM1533,STM1533,1608896,-0.0039386252,Energy production and conversion,#90ee90,
STM1534,STM1534,1609975,-0.0054126243,Function unknown,#708090,
STM1535,STM1535,1610382,-0.0100448167,"Post-translational modification, protein turnover,and chaperones",#87ceeb,
STM1536,STM1536,1610681,-0.0062590305,Amino acid transport and metabolism,#ff0000,
STM1537,STM1537,1611295,0.006814960300000001,Energy production and conversion,#90ee90,
STM1538,STM1538,1611989,0.0103677169,Energy production and conversion,#90ee90,
STM1539,STM1539,1613794,-0.0115403966,Energy production and conversion,#90ee90,
STM1540,STM1540,1615326,-0.0012126577,Cell wall/membrane/envelope biogenesis,#c71585,
STM1541,STM1541,1616463,-0.0049576428,Transcription,#f4a460,
STM1542,STM1542,1617313,0.0075696388,Amino acid transport and metabolism,#ff0000,
STM1543,STM1543,1618313,0.015710462,Carbohydrate transport and metabolism,#ffc0cb,
STM1544,pqaA,1619776,-0.005997373,Function unknown,#708090,
STM1545,STM1545,1621402,0.004891534800000001,Amino acid transport and metabolism,#ff0000,
STM1546,STM1546,1622633,0.0084380169,Energy production and conversion,#90ee90,
STM1547,STM1547,1624186,-0.0092228394,Transcription,#f4a460,
STM1554,STM1554,1630398,0.0061474087,No COG annotation,#87cefa,
STM1555,STM1555,1632123,0.003037352,Transcription,#f4a460,
STM1556,STM1556,1633274,-0.0027642343,Energy production and conversion,#90ee90,
STM1557,STM1557,1634738,0.0015824177,Amino acid transport and metabolism,#ff0000,
STM1558,STM1558,1636053,-0.0037791971000000002,Carbohydrate transport and metabolism,#ffc0cb,
STM1559,STM1559,1638185,0.0064851359,Carbohydrate transport and metabolism,#ffc0cb,
STM1560,STM1560,1640710,0.0155212352,Carbohydrate transport and metabolism,#ffc0cb,
STM1561,STM1561,1642623,0.0032831099,Function unknown,#708090,
STM1562,STM1562,1643551,-0.0016173606,Cell wall/membrane/envelope biogenesis,#c71585,
STM1564,yddX,1645174,0.010538275500000001,Function unknown,#708090,
STM1565,rpsV,1645484,-0.0059580748,"Translation, ribosomal structure and biogenesis",#000000,
STM1566,sfcA,1645804,-0.0050466978000000004,Energy production and conversion,#90ee90,
STM1567,adhP,1647787,-0.0023885564,Function unknown,#708090,
STM1568,fdnI,1648888,-0.0021890317,Energy production and conversion,#90ee90,
STM1569,fdnH,1649537,-0.0065401999999999995,Energy production and conversion,#90ee90,
STM1571,yddG,1653817,-0.011767959100000001,Amino acid transport and metabolism,#ff0000,
STM1572,nmpC,1655166,0.0189866051,Cell wall/membrane/envelope biogenesis,#c71585,
STM1573,STM1573,1656398,0.0220363847,Function unknown,#708090,
STM1574,smvA,1656803,-0.0040861802,Amino acid transport and metabolism,#ff0000,
STM1575,STM1575,1658408,0.0012102326,Transcription,#f4a460,
STM1576,narU,1659201,-8.42229e-05,Inorganic ion transport and metabolism,#0000ff,
STM1577,narZ,1660681,-0.0017741712,Energy production and conversion,#90ee90,
STM1578,narY,1664418,-0.0016760953000000002,Energy production and conversion,#90ee90,
STM1579,narW,1665962,-0.009302034800000001,Energy production and conversion,#90ee90,
STM1580,narV,1666654,-0.0118481629,Energy production and conversion,#90ee90,
STM1582,nhoA,1668369,-0.0035407397,"Secondary metabolites biosynthesis, transport, and catabolism",#1e90ff,
STM1583,STM1583,1669498,-0.0024771261,No COG annotation,#87cefa,
STM1584,ansP,1670643,-0.0171336965,Amino acid transport and metabolism,#ff0000,
STM1585,STM1585,1672213,-0.0202426858,Cell wall/membrane/envelope biogenesis,#c71585,
STM1586,STM1586,1672579,0.007178795000000001,Function unknown,#708090,
STM1587,yncD,1673904,0.0063804809,Inorganic ion transport and metabolism,#0000ff,
STM1588,yncC,1676091,-0.011783023200000001,Transcription,#f4a460,
STM1589,yncB,1677090,0.0070113878,Function unknown,#708090,
STM1590,yncA,1678339,0.0047259154,Cell wall/membrane/envelope biogenesis,#c71585,
STM1591,ydcZ,1678854,0.0061334909,Function unknown,#708090,
STM1592,ydcY,1679308,0.0082947731,Function unknown,#708090,
STM1593,srfA,1679765,-0.00022021330000000002,Function unknown,#708090,
STM1594,srfB,1681089,0.003777372,Function unknown,#708090,
STM1595,srfC,1684067,0.0034144585,Function unknown,#708090,
STM1596,ydcX,1686256,0.0125856477,Function unknown,#708090,
STM1597,ydcW,1686828,0.0069933608,Energy production and conversion,#90ee90,
STM1598,ydcR,1688388,0.007194405,Transcription,#f4a460,
STM1599,pdgL,1689948,-0.00382695,Cell wall/membrane/envelope biogenesis,#c71585,
STM1601,ugtL,1691240,0.0073665158,No COG annotation,#87cefa,
STM1602,sifB,1692175,-0.0186837682,Function unknown,#708090,
STM1603,yncJ,1693399,0.011777890000000001,Function unknown,#708090,
STM1604,ydcP,1693630,0.0022609043,"Post-translational modification, protein turnover,and chaperones",#87ceeb,
STM1605,ydcN,1695673,-0.0035375843,Transcription,#f4a460,
STM1606,STM1606,1696300,-0.0064572068,"Secondary metabolites biosynthesis, transport, and catabolism",#1e90ff,
STM1607,STM1607,1697532,-0.0139169455,Cell wall/membrane/envelope biogenesis,#c71585,
STM1608,tehB,1698356,0.0020230483,"Secondary metabolites biosynthesis, transport, and catabolism",#1e90ff,
STM1609,tehA,1698939,0.0020077005,Inorganic ion transport and metabolism,#0000ff,
STM1610,ydcK,1700059,0.0009082127000000001,Cell wall/membrane/envelope biogenesis,#c71585,
STM1611,rimL,1701036,-0.0059877128,"Translation, ribosomal structure and biogenesis",#000000,
STM1612,STM1612,1701792,0.0069657035,Amino acid transport and metabolism,#ff0000,
STM1613,STM1613,1702907,0.014994134800000001,Carbohydrate transport and metabolism,#ffc0cb,
STM1614,STM1614,1703199,0.0001594796,Carbohydrate transport and metabolism,#ffc0cb,
STM1615,STM1615,1704526,0.0075636285,Function unknown,#708090,
STM1616,STM1616,1705464,0.0050149078,Carbohydrate transport and metabolism,#ffc0cb,
STM1617,STM1617,1705913,-0.0012730642,Carbohydrate transport and metabolism,#ffc0cb,
STM1618,STM1618,1706561,-0.0024527074000000003,Transcription,#f4a460,
STM1619,STM1619,1707352,0.0018859015000000001,Transcription,#f4a460,
STM1620,STM1620,1707836,-0.0021537431,Energy production and conversion,#90ee90,
STM1621,STM1621,1709050,-0.0001577305,Function unknown,#708090,
STM1622,ydcG,1709821,0.0046647461000000005,Inorganic ion transport and metabolism,#0000ff,
STM1623,STM1623,1711696,0.0048713497,Lipid transport and metabolism,#40e0d0,
STM1624,STM1624,1713253,-0.0035761101,Function unknown,#708090,
STM1625,ydcI,1714889,0.006536755,Transcription,#f4a460,
STM1626,trg,1715873,0.0032153922,Cell motility,#da70d6,
STM1627,STM1627,1717667,0.010354322800000001,Energy production and conversion,#90ee90,
STM1628,STM1628,1718817,0.0148446092,Function unknown,#708090,
STM1630,STM1630,1720145,0.0212241229,No COG annotation,#87cefa,
STM1631,sseJ,1721287,0.0205680261,Lipid transport and metabolism,#40e0d0,
STM1632,STM1632,1722634,0.00032042480000000004,Function unknown,#708090,
STM1633,STM1633,1723885,0.0005842188,Amino acid transport and metabolism,#ff0000,
STM1634,STM1634,1724653,-0.0058555082,Inorganic ion transport and metabolism,#0000ff,
STM1635,STM1635,1725325,0.008021276,Amino acid transport and metabolism,#ff0000,
STM1636,STM1636,1726053,0.0123095471,Inorganic ion transport and metabolism,#0000ff,
STM1639,cybB,1729817,0.0043935411,Energy production and conversion,#90ee90,
STM1640,ydcF,1730464,0.0025494331000000003,Function unknown,#708090,
STM1641,hrpA,1731328,0.004307212600000001,"Replication, recombination and repair",#ff00ff,
STM1642,acpD,1735431,-0.0011332132,Energy production and conversion,#90ee90,
STM1643,STM1643,1736033,-0.0098392632,Function unknown,#708090,
STM1644,ydbL,1736625,0.0021852647,Function unknown,#708090,
STM1645,ynbE,1736956,0.0023099665000000003,Cell wall/membrane/envelope biogenesis,#c71585,
STM1646,ydbH,1737147,0.0001298966,Function unknown,#708090,
STM1647,ldhA,1740023,0.0108882968,Energy production and conversion,#90ee90,
STM1648,hslJ,1741123,0.0046194219,"Post-translational modification, protein turnover,and chaperones",#87ceeb,
STM1651,nifJ,1742119,0.0040863557000000005,Energy production and conversion,#90ee90,
STM1652,ynaF,1746125,0.0071469647,Signal transduction mechanisms,#00ff00,
STM1653,STM1653,1746609,-0.0165806165,Inorganic ion transport and metabolism,#0000ff,
STM1654,ydaO,1747303,-0.0065048224000000005,"Translation, ribosomal structure and biogenesis",#000000,
STM1655,dbpA,1748282,0.0051137317000000005,Nucleotide transport and metabolism,#00bfbf,
STM1656,STM1656,1750142,0.0104668285,Inorganic ion transport and metabolism,#0000ff,
STM1657,STM1657,1751271,0.013494585600000001,Cell motility,#da70d6,
STM1658,ydaL,1752836,-0.0045726081,Function unknown,#708090,
STM1659,ogt,1753657,0.0127977184,"Replication, recombination and repair",#ff00ff,
STM1660,fnr,1754326,0.0005133862,Transcription,#f4a460,
STM1661,ydaA,1755271,-0.0118107925,Signal transduction mechanisms,#00ff00,
STM1663,ynaI,1756766,-0.0031252341,Cell wall/membrane/envelope biogenesis,#c71585,
STM1664,STM1664,1757883,0.0054788602,Transcription,#f4a460,
STM1665,STM1665,1758529,0.0196907936,Function unknown,#708090,
STM1667,STM1667,1759687,0.0021893226000000003,"Post-translational modification, protein turnover,and chaperones",#87ceeb,
STM1668,STM1668,1760343,0.0166496166,Function unknown,#708090,
STM1669,STM1669,1761194,-0.0008289553,Function unknown,#708090,
STM1670,STM1670,1763251,0.0074657127,No COG annotation,#87cefa,
STM1673,STM1673,1766961,-0.015644826,Cell wall/membrane/envelope biogenesis,#c71585,
STM1674,STM1674,1767326,0.0019372941,Transcription,#f4a460,
STM1675,STM1675,1767994,0.014847769600000001,Lipid transport and metabolism,#40e0d0,
STM1676,STM1676,1768798,-0.0015810034,Function unknown,#708090,
STM1677,STM1677,1769941,0.0038704188000000003,Transcription,#f4a460,
STM1678,STM1678,1770965,-0.0003693828,Carbohydrate transport and metabolism,#ffc0cb,
STM1679,mppA,1771991,-0.0015939687,Amino acid transport and metabolism,#ff0000,
STM1680,ycjI,1773794,0.0045767165,Amino acid transport and metabolism,#ff0000,
STM1681,ycjG,1774497,-0.0033964764,Cell wall/membrane/envelope biogenesis,#c71585,
STM1682,tpx,1775578,-0.0063901304,"Post-translational modification, protein turnover,and chaperones",#87ceeb,
STM1683,tyrR,1776174,0.0023030011,Transcription,#f4a460,
STM1684,ycjF,1777863,0.013770133200000001,Function unknown,#708090,
STM1685,ycjX,1778921,0.0041382571,Function unknown,#708090,
STM1686,pspE,1780467,-0.0021856037,Cell wall/membrane/envelope biogenesis,#c71585,
STM1687,pspD,1780857,0.0009521042,Function unknown,#708090,
STM1688,pspC,1781098,0.0036386713,Transcription,#f4a460,
STM1689,pspB,1781457,-0.007211922700000001,Function unknown,#708090,
STM1690,pspA,1781741,-0.015039655800000001,Transcription,#f4a460,
STM1691,pspF,1782580,-0.0001078294,Transcription,#f4a460,
STM1692,sapA,1783672,0.0091469532,Amino acid transport and metabolism,#ff0000,
STM1693,sapB,1785318,0.013629835600000001,Defense mechanisms,#d3d3d3,
STM1694,sapC,1786270,0.0086951643,Defense mechanisms,#d3d3d3,
STM1695,sapD,1787160,0.011015777400000001,Inorganic ion transport and metabolism,#0000ff,
STM1696,sapF,1788154,0.0044769737,Inorganic ion transport and metabolism,#0000ff,
STM1698,STM1698,1790151,0.0073907148,No COG annotation,#87cefa,
STM1700,fabI,1792130,-0.0014066662,Lipid transport and metabolism,#40e0d0,
STM1702,rnb,1794340,0.0037289713000000003,"Translation, ribosomal structure and biogenesis",#000000,
STM1703,yciR,1796536,0.0033463376,Signal transduction mechanisms,#00ff00,
STM1704,yciT,1798906,0.0005134038,Transcription,#f4a460,
STM1706,yciH,1800255,-0.0037474472,"Translation, ribosomal structure and biogenesis",#000000,
STM1707,pyrF,1800581,0.0080827563,Nucleotide transport and metabolism,#00bfbf,
STM1708,yciM,1801509,-0.0075921305000000005,Inorganic ion transport and metabolism,#0000ff,
STM1709,yciS,1802685,-0.0046755826,Function unknown,#708090,
STM1710,pgpB,1803143,0.0063705579000000005,Lipid transport and metabolism,#40e0d0,
STM1712,acnA,1804749,-0.0053904142000000006,Energy production and conversion,#90ee90,
STM1713,cysB,1808401,-0.0054722383000000005,Transcription,#f4a460,
STM1714,topA,1809786,0.012230034800000001,"Replication, recombination and repair",#ff00ff,
STM1715,yciN,1812786,0.0135826379,Function unknown,#708090,
STM1716,sohB,1813079,0.0006672617000000001,"Post-translational modification, protein turnover,and chaperones",#87ceeb,
STM1717,yciK,1814363,-0.0018049060000000002,Lipid transport and metabolism,#40e0d0,
STM1718,btuR,1815121,-0.00033251630000000003,Coenzyme transport and metabolism,#008000,
STM1719,yciL,1815798,0.00012043270000000001,"Translation, ribosomal structure and biogenesis",#000000,
STM1721,trpH,1817402,-0.0076606245,Function unknown,#708090,
STM1723,trpE,1818544,0.0028277565,Amino acid transport and metabolism,#ff0000,
STM1724,trpD,1820106,0.0011502384,Nucleotide transport and metabolism,#00bfbf,
STM1725,trpC,1821705,0.0055818911,Amino acid transport and metabolism,#ff0000,
STM1726,trpB,1823073,9.21308e-05,Amino acid transport and metabolism,#ff0000,
STM1727,trpA,1824266,-0.0077783604,Amino acid transport and metabolism,#ff0000,
STM1728,yciG,1825552,0.001730224,No COG annotation,#87cefa,
STM1729,yciF,1825824,-0.017254235700000002,Function unknown,#708090,
STM1730,yciE,1826401,-0.0336183207,Function unknown,#708090,
STM1731,STM1731,1826927,-0.0464468984,Inorganic ion transport and metabolism,#0000ff,
STM1732,ompW,1827887,0.0033323242000000003,Cell wall/membrane/envelope biogenesis,#c71585,
STM1733,STM1733,1828863,-0.0075755935,Function unknown,#708090,
STM1734,yciC,1829293,0.0014713317,Function unknown,#708090,
STM1735,yciB,1830093,-0.0024109946000000003,"Cell cycle control, cell division, chromosome partitioning",#bfbf00,
STM1736,yciA,1830793,0.0045861352,Lipid transport and metabolism,#40e0d0,
STM1737,tonB,1831254,0.0014335798,"Intracellular trafficking, secretion, and vesicular transport",#8b4513,
STM1738,yciI,1832206,-0.0006407314,Function unknown,#708090,
STM1739,cls,1832862,-0.0070709235,Lipid transport and metabolism,#40e0d0,
STM1741,STM1741,1834733,0.0020475763000000003,Inorganic ion transport and metabolism,#0000ff,
STM1742,oppF,1835617,0.0120322363,Inorganic ion transport and metabolism,#0000ff,
STM1743,oppD,1836618,-0.0051806851000000004,Inorganic ion transport and metabolism,#0000ff,
STM1744,oppC,1837637,0.0028235213,Inorganic ion transport and metabolism,#0000ff,
STM1745,oppB,1838560,-0.0039412266,Inorganic ion transport and metabolism,#0000ff,
STM1746,oppA,1839602,0.0049625733,Amino acid transport and metabolism,#ff0000,
STM1748,ychE,1841998,-0.0034432707000000002,"Intracellular trafficking, secretion, and vesicular transport",#8b4513,
STM1749,adhE,1843122,0.012088093000000001,Energy production and conversion,#90ee90,
STM1750,tdk,1845997,-5.63167e-05,Nucleotide transport and metabolism,#00bfbf,
STM1751,hns,1847277,0.000455814,Transcription,#f4a460,
STM1752,galU,1847822,0.0050360823,Cell wall/membrane/envelope biogenesis,#c71585,
STM1753,hnr,1848933,0.0028211847000000003,Transcription,#f4a460,
STM1754,ychK,1850037,0.0058426742,Function unknown,#708090,
STM1755,ychJ,1851053,0.0022782281000000002,Function unknown,#708090,
STM1756,purU,1851562,-0.0133481125,Nucleotide transport and metabolism,#00bfbf,
STM1760,STM1760,1853720,0.0058800575,Function unknown,#708090,
STM1761,narI,1855491,0.0167557235,Energy production and conversion,#90ee90,
STM1762,narJ,1856168,0.0088864353,Energy production and conversion,#90ee90,
STM1763,narH,1856875,0.029649891600000002,Energy production and conversion,#90ee90,
STM1764,narG,1858407,0.01106558,Energy production and conversion,#90ee90,
STM1765,narK,1862538,-0.0153513186,Inorganic ion transport and metabolism,#0000ff,
STM1766,narX,1864276,-0.012531165200000001,Signal transduction mechanisms,#00ff00,
STM1767,narL,1866065,-0.0009140286,Transcription,#f4a460,
STM1768,ychP,1866716,-0.0014768464000000001,Cell wall/membrane/envelope biogenesis,#c71585,
STM1769,ychN,1868317,0.0009326051,Inorganic ion transport and metabolism,#0000ff,
STM1770,chaB,1868750,0.0065614024,Function unknown,#708090,
STM1771,chaA,1869247,-0.0025690586,Inorganic ion transport and metabolism,#0000ff,
STM1772,kdsA,1870401,0.0053090818000000005,Cell wall/membrane/envelope biogenesis,#c71585,
STM1773,ychA,1871293,-0.0052527117,Function unknown,#708090,
STM1774,sirC,1872106,-0.0025467035,Function unknown,#708090,
STM1775,hemK,1872492,-0.0009253826000000001,"Translation, ribosomal structure and biogenesis",#000000,
STM1776,prfA,1873325,-0.0083354445,"Translation, ribosomal structure and biogenesis",#000000,
STM1777,hemA,1874448,-0.0034561814,Coenzyme transport and metabolism,#008000,
STM1778,lolB,1876018,-0.0078993208,Cell wall/membrane/envelope biogenesis,#c71585,
STM1779,ipk,1876638,0.0033042594,Nucleotide transport and metabolism,#00bfbf,
STM1780,prsA,1877755,0.007133632500000001,Nucleotide transport and metabolism,#00bfbf,
STM1781,ychM,1878851,-0.010687648800000001,Inorganic ion transport and metabolism,#0000ff,
STM1782,ychH,1880557,0.0001209218,Function unknown,#708090,
STM1783,pth,1881087,0.009995578000000001,"Translation, ribosomal structure and biogenesis",#000000,
STM1784,ychF,1881812,0.0009705468,"Translation, ribosomal structure and biogenesis",#000000,
STM1785,STM1785,1883062,0.0027866008,Function unknown,#708090,
STM1786,STM1786,1884822,-0.0043340147,Energy production and conversion,#90ee90,
STM1787,STM1787,1885937,-0.0005947902000000001,Energy production and conversion,#90ee90,
STM1788,STM1788,1887749,-0.0145215751,Energy production and conversion,#90ee90,
STM1789,STM1789,1888477,0.0106707252,Energy production and conversion,#90ee90,
STM1790,STM1790,1889063,0.022985002900000003,Function unknown,#708090,
STM1791,STM1791,1889464,-0.0050188779000000005,Energy production and conversion,#90ee90,
STM1792,STM1792,1890387,-0.0009730443,Energy production and conversion,#90ee90,
STM1793,STM1793,1891943,-0.0100330691,Energy production and conversion,#90ee90,
STM1795,STM1795,1893525,-0.0084883152,Amino acid transport and metabolism,#ff0000,
STM1796,treA,1895064,-0.0133131207,Carbohydrate transport and metabolism,#ffc0cb,
STM1797,ymgE,1896839,-0.0162059071,Function unknown,#708090,
STM1798,ycgR,1897262,0.0004616698,Cell wall/membrane/envelope biogenesis,#c71585,
STM1799,emtA,1898010,-0.009398850200000001,Cell wall/membrane/envelope biogenesis,#c71585,
STM1800,ycgQ,1898792,0.0009565288000000001,Defense mechanisms,#d3d3d3,
STM1801,ycgO,1899803,-0.0100421139,Inorganic ion transport and metabolism,#0000ff,
STM1802,dadX,1901599,-0.0010649244,Amino acid transport and metabolism,#ff0000,
STM1803,dadA,1902683,0.0058383215,Amino acid transport and metabolism,#ff0000,
STM1804,ycgB,1904304,-0.0085672271,Function unknown,#708090,
STM1805,fadR,1905883,-0.0019239439,Transcription,#f4a460,
STM1806,nhaB,1906822,0.0062300877,Inorganic ion transport and metabolism,#0000ff,
STM1807,dsbB,1908508,0.0146920351,Energy production and conversion,#90ee90,
STM1808,STM1808,1909147,0.0100638153,Inorganic ion transport and metabolism,#0000ff,
STM1809,STM1809,1909560,0.0007483644,Function unknown,#708090,
STM1810,STM1810,1909925,0.0020192275,No COG annotation,#87cefa,
STM1811,ycgN,1910414,0.0011660818,Function unknown,#708090,
STM1812,ycgM,1910953,-0.0007283301,"Secondary metabolites biosynthesis, transport, and catabolism",#1e90ff,
STM1813,ycgL,1911662,0.0011032192,Function unknown,#708090,
STM1814,minC,1912081,0.00022790440000000002,"Cell cycle control, cell division, chromosome partitioning",#bfbf00,
STM1815,minD,1912812,-0.0038506454000000003,"Cell cycle control, cell division, chromosome partitioning",#bfbf00,
STM1816,minE,1913628,0.0007771839000000001,"Cell cycle control, cell division, chromosome partitioning",#bfbf00,
STM1817,rnd,1914016,-0.0065150638,"Translation, ribosomal structure and biogenesis",#000000,
STM1818,fadD,1915216,-0.0003303928,Lipid transport and metabolism,#40e0d0,
STM1819,slp,1917106,0.002942955,Cell wall/membrane/envelope biogenesis,#c71585,
STM1820,yeaZ,1917759,-0.0057214862000000005,"Post-translational modification, protein turnover,and chaperones",#87ceeb,
STM1821,yoaA,1918512,0.0060380722,Nucleotide transport and metabolism,#00bfbf,
STM1822,yoaB,1920553,0.0134461762,"Translation, ribosomal structure and biogenesis",#000000,
STM1823,yoaH,1920903,0.0008847065,Function unknown,#708090,
STM1824,pabB,1921163,-0.0025582274000000003,Amino acid transport and metabolism,#ff0000,
STM1825,yeaB,1922531,0.0024878465,Nucleotide transport and metabolism,#00bfbf,
STM1826,sdaA,1923373,0.0046199219,Amino acid transport and metabolism,#ff0000,
STM1827,STM1827,1924773,0.0071254135,Signal transduction mechanisms,#00ff00,
STM1828,yoaE,1926498,-0.009599782000000001,Inorganic ion transport and metabolism,#0000ff,
STM1830,manX,1928530,-0.0015539546,Carbohydrate transport and metabolism,#ffc0cb,
STM1831,manY,1929551,-0.0012664777,Carbohydrate transport and metabolism,#ffc0cb,
STM1832,manZ,1930355,-0.0107546955,Carbohydrate transport and metabolism,#ffc0cb,
STM1834,yebN,1932087,0.009336485200000001,Inorganic ion transport and metabolism,#0000ff,
STM1835,rrmA,1932704,-0.0007360731,Coenzyme transport and metabolism,#008000,
STM1836,STM1836,1933579,0.013137310000000001,"Cell cycle control, cell division, chromosome partitioning",#bfbf00,
STM1837,cspC,1935544,-0.0303336592,Transcription,#f4a460,
STM1841,STM1841,1937217,0.0421810166,Function unknown,#708090,
STM1842,kdgR,1937668,0.0039718088000000006,Transcription,#f4a460,
STM1843,STM1843,1938635,-0.0044271479,Amino acid transport and metabolism,#ff0000,
STM1844,htpX,1940056,-0.0037250291,"Post-translational modification, protein turnover,and chaperones",#87ceeb,
STM1845,prc,1941131,-0.0021756237,Cell wall/membrane/envelope biogenesis,#c71585,
STM1846,proQ,1943199,-0.0032235039000000003,"Translation, ribosomal structure and biogenesis",#000000,
STM1847,yebR,1943983,0.0036816374000000003,Signal transduction mechanisms,#00ff00,
STM1848,yebS,1944609,0.0119371387,Function unknown,#708090,
STM1849,STM1849,1945855,-0.0012835599,"Secondary metabolites biosynthesis, transport, and catabolism",#1e90ff,
STM1850,yebU,1948572,0.005951046000000001,"Translation, ribosomal structure and biogenesis",#000000,
STM1851,STM1851,1950126,-0.0294877622,Function unknown,#708090,
STM1853,prpA,1950686,0.0196178301,Signal transduction mechanisms,#00ff00,
STM1854,STM1854,1951560,-0.0113357009,No COG annotation,#87cefa,
STM1855,sopE2,1952009,-0.0073162812,Function unknown,#708090,
STM1856,STM1856,1953415,-0.0015668708,Function unknown,#708090,
STM1857,STM1857,1955004,-0.00038601950000000004,Transcription,#f4a460,
STM1873,STM1873,1968293,0.0087695627,Function unknown,#708090,
STM1874,STM1874,1968663,0.0098921311,Inorganic ion transport and metabolism,#0000ff,
STM1875,yobA,1969539,0.0081044028,Function unknown,#708090,
STM1876,holE,1970051,-0.0080093914,"Replication, recombination and repair",#ff00ff,
STM1877,STM1877,1970389,0.0038646223,Function unknown,#708090,
STM1878,exoX,1971069,-0.0022051158,"Replication, recombination and repair",#ff00ff,
STM1879,ptrB,1971802,-0.0006408673,Amino acid transport and metabolism,#ff0000,
STM1880,yebE,1974066,0.0059221151,Function unknown,#708090,
STM1881,yebF,1974819,-0.0002588424,Function unknown,#708090,
STM1882,yebG,1975240,0.0015990981,Function unknown,#708090,
STM1883,purT,1975661,0.0096150062,Nucleotide transport and metabolism,#00bfbf,
STM1884,eda,1976939,-0.0050946139,Carbohydrate transport and metabolism,#ffc0cb,
STM1885,edd,1977618,-0.0038464815000000003,Amino acid transport and metabolism,#ff0000,
STM1886,zwf,1979664,0.0109631746,Carbohydrate transport and metabolism,#ffc0cb,
STM1887,yebK,1981481,0.0174245149,Transcription,#f4a460,
STM1888,pykA,1982474,0.0079252495,Carbohydrate transport and metabolism,#ffc0cb,
STM1889,msbB,1983989,-0.0028544265,Cell wall/membrane/envelope biogenesis,#c71585,
STM1890,yebA,1985077,-0.011834427500000001,Cell wall/membrane/envelope biogenesis,#c71585,
STM1891,znuA,1986412,-0.0012214148000000001,Inorganic ion transport and metabolism,#0000ff,
STM1892,znuC,1987384,-0.0132988272,Inorganic ion transport and metabolism,#0000ff,
STM1893,znuB,1988187,-0.0037056691,Inorganic ion transport and metabolism,#0000ff,
STM1894,ruvB,1989051,-0.0012654194,Nucleotide transport and metabolism,#00bfbf,
STM1895,ruvA,1990070,-0.0035066687,"Replication, recombination and repair",#ff00ff,
STM1897,yebB,1992624,-0.016490811,Function unknown,#708090,
STM1898,ruvC,1993225,0.0030868461000000003,"Replication, recombination and repair",#ff00ff,
STM1899,yebC,1993783,-0.0090664891,Transcription,#f4a460,
STM1900,ntpA,1994553,0.0097492117,"Replication, recombination and repair",#ff00ff,
STM1901,aspS,1995108,0.0039403482,"Translation, ribosomal structure and biogenesis",#000000,
STM1902,yecD,1997205,0.011166962,"Secondary metabolites biosynthesis, transport, and catabolism",#1e90ff,
STM1903,yecE,1997768,0.0004970178,Function unknown,#708090,
STM1904,yecN,1998639,0.0036264668000000003,Function unknown,#708090,
STM1905,yecO,1999075,-0.0037500458000000003,Function unknown,#708090,
STM1906,yecP,1999815,0.0083919678,"Translation, ribosomal structure and biogenesis",#000000,
STM1907,cutC,2001022,0.0110102153,Inorganic ion transport and metabolism,#0000ff,
STM1908,yecM,2001788,-0.012022483700000001,Function unknown,#708090,
STM1909,argS,2002594,-0.0028995103,"Translation, ribosomal structure and biogenesis",#000000,
STM1910,STM1910,2004516,-0.014123722200000001,Cell wall/membrane/envelope biogenesis,#c71585,
STM1911,STM1911,2006441,-0.0017616224000000002,Function unknown,#708090,
STM1912,flhE,2007817,-0.0034487546000000003,Cell motility,#da70d6,
STM1913,flhA,2008209,-0.0123702129,Cell motility,#da70d6,
STM1914,flhB,2010280,-0.014784323700000001,Cell motility,#da70d6,
STM1915,cheZ,2011625,-0.0046985719,Nucleotide transport and metabolism,#00bfbf,
STM1916,cheY,2012280,-0.0004246732,Transcription,#f4a460,
STM1917,cheB,2012687,0.00047235660000000004,Cell motility,#da70d6,
STM1918,cheR,2013733,-0.00026556160000000003,Coenzyme transport and metabolism,#008000,
STM1919,cheM,2014753,0.0012241132,Cell motility,#da70d6,
STM1920,cheW,2016651,-0.0018201148000000001,Cell motility,#da70d6,
STM1921,cheA,2017175,0.0023761842,Coenzyme transport and metabolism,#008000,
STM1922,motB,2019195,0.0065543863,Cell motility,#da70d6,
STM1923,motA,2020121,0.0067413461,Cell motility,#da70d6,
STM1924,flhC,2021133,0.0066377236,Transcription,#f4a460,
STM1925,flhD,2021714,0.0014591769,Transcription,#f4a460,
STM1927,yecG,2022851,-0.0028773134,Signal transduction mechanisms,#00ff00,
STM1928,otsA,2023297,0.0098050609,Nucleotide transport and metabolism,#00bfbf,
STM1929,otsB,2024693,0.0141409341,Carbohydrate transport and metabolism,#ffc0cb,
STM1931,araH,2026129,-0.010906841300000001,Function unknown,#708090,
STM1932,ftnB,2027237,-0.0081776525,Inorganic ion transport and metabolism,#0000ff,
STM1933,STM1933,2027919,0.009631533900000001,Carbohydrate transport and metabolism,#ffc0cb,
STM1934,STM1934,2028813,0.0141306993,Cell wall/membrane/envelope biogenesis,#c71585,
STM1935,ftn,2029388,0.0047602158,Inorganic ion transport and metabolism,#0000ff,
STM1936,yecH,2029931,-0.0250472212,Function unknown,#708090,
STM1937,tyrP,2030397,-0.0056128224,"Intracellular trafficking, secretion, and vesicular transport",#8b4513,
STM1938,yecA,2031683,-0.006912749,Function unknown,#708090,
STM1939,STM1939,2032586,-0.0045805981,No COG annotation,#87cefa,
STM1941,STM1941,2034777,0.0100444677,No COG annotation,#87cefa,
STM1945,pgsA,2035810,-0.014703728800000001,Lipid transport and metabolism,#40e0d0,
STM1946,uvrC,2036415,-0.0018538991,"Replication, recombination and repair",#ff00ff,
STM1947,uvrY,2038244,-8.605300000000001e-05,Transcription,#f4a460,
STM1949,yecF,2039364,0.0026526863,Function unknown,#708090,
STM1950,sdiA,2039655,0.0058785145,Transcription,#f4a460,
STM1951,yecC,2040609,-0.0051388361,Amino acid transport and metabolism,#ff0000,
STM1952,yecS,2041358,-0.0048589316000000006,Inorganic ion transport and metabolism,#0000ff,
STM1953,yedO,2042047,-0.0059359148,Amino acid transport and metabolism,#ff0000,
STM1954,fliY,2043187,-0.0142012513,Amino acid transport and metabolism,#ff0000,
STM1955,fliZ,2044134,-0.0037289297,Cell motility,#da70d6,
STM1956,fliA,2044744,-0.0236119807,Transcription,#f4a460,
STM1958,fliB,2046371,-0.0018487546,Coenzyme transport and metabolism,#008000,
STM1959,fliC,2047655,-0.0443840768,Cell motility,#da70d6,
STM1960,fliD,2049399,0.0012064947,Cell motility,#da70d6,
STM1961,fliS,2050817,-0.0065218475000000005,Cell motility,#da70d6,
STM1962,fliT,2051224,-0.0080193198,Cell motility,#da70d6,
STM1963,amyA,2051664,-0.014656208200000001,Carbohydrate transport and metabolism,#ffc0cb,
STM1964,yedD,2053188,0.0015387432,Function unknown,#708090,
STM1965,yedE,2053739,-0.007540489500000001,Function unknown,#708090,
STM1966,yedF,2055001,-0.0120194186,"Post-translational modification, protein turnover,and chaperones",#87ceeb,
STM1968,fliE,2056005,-0.0177266352,Cell motility,#da70d6,
STM1969,fliF,2056536,-0.0053725336,Cell motility,#da70d6,
STM1970,fliG,2058211,-0.0058128369,Cell motility,#da70d6,
STM1971,fliH,2059199,-0.0023715476,Cell motility,#da70d6,
STM1972,fliI,2059906,0.0016445343000000001,Cell motility,#da70d6,
STM1973,fliJ,2061298,0.0112430785,Cell motility,#da70d6,
STM1974,fliK,2061738,0.0030647532,Cell motility,#da70d6,
STM1975,fliL,2063060,-0.004275200900000001,Cell motility,#da70d6,
STM1976,fliM,2063532,-0.0005364312,Cell motility,#da70d6,
STM1977,fliN,2064533,-0.0004409603,Cell motility,#da70d6,
STM1978,fliO,2064946,-0.0034073915000000002,Cell motility,#da70d6,
STM1979,fliP,2065323,-0.0023622792,Cell motility,#da70d6,
STM1980,fliQ,2066070,-0.0093197162,Cell motility,#da70d6,
STM1981,fliR,2066348,-0.015128827800000001,Cell motility,#da70d6,
STM1982,rcsA,2067424,0.0005861021000000001,Transcription,#f4a460,
STM1984,yodD,2068409,0.0036263272,Function unknown,#708090,
STM1986,yedP,2068946,0.024318179500000002,Function unknown,#708090,
STM1987,STM1987,2069740,0.0024339689,Signal transduction mechanisms,#00ff00,
STM1989,yedI,2071879,0.0012910199000000001,Function unknown,#708090,
STM1990,yedA,2072966,0.0064060268,Amino acid transport and metabolism,#ff0000,
STM1991,vsr,2073875,-0.0032143516,"Replication, recombination and repair",#ff00ff,
STM1992,dcm,2074326,-0.0015070639,Coenzyme transport and metabolism,#008000,
STM1993,yedJ,2075830,0.0117001876,Function unknown,#708090,
STM1994,STM1994,2076617,0.0022926391,No COG annotation,#87cefa,
STM1995,ompS,2077566,0.0131525934,Cell wall/membrane/envelope biogenesis,#c71585,
STM1996,cspB,2079222,0.04076874,Transcription,#f4a460,
STM1997,umuC,2079889,0.0148944169,"Replication, recombination and repair",#ff00ff,
STM1998,umuD,2081160,-0.0092229608,Transcription,#f4a460,
STM1999,STM1999,2081706,0.0212132815,No COG annotation,#87cefa,
STM2005,STM2005,2084455,0.0172642726,No COG annotation,#87cefa,
STM2006,STM2006,2085403,0.0093484645,"Replication, recombination and repair",#ff00ff,
STM2008,STM2008,2088669,-0.0129744139,Transcription,#f4a460,
STM2009,amn,2091304,0.0012105763,Nucleotide transport and metabolism,#00bfbf,
STM2011,STM2011,2092954,7.8988e-06,Function unknown,#708090,
STM2013,yeeO,2094374,-0.0105619621,Defense mechanisms,#d3d3d3,
STM2015,erfK,2096293,-0.028417633100000003,Function unknown,#708090,
STM2016,cobT,2097300,-0.0105905051,Nucleotide transport and metabolism,#00bfbf,
STM2017,cobS,2098397,-0.0089489292,Coenzyme transport and metabolism,#008000,
STM2018,cobU,2099137,-0.0105310468,Coenzyme transport and metabolism,#008000,
STM2019,cbiP,2099679,-0.0101928904,Coenzyme transport and metabolism,#008000,
STM2020,cbiO,2101196,-0.0140207091,Nucleotide transport and metabolism,#00bfbf,
STM2021,cboQ,2102020,-0.0250573928,Inorganic ion transport and metabolism,#0000ff,
STM2022,cbiN,2102684,-0.0100027481,Inorganic ion transport and metabolism,#0000ff,
STM2023,cbiM,2102967,-0.0073556489,Inorganic ion transport and metabolism,#0000ff,
STM2024,cbiL,2103701,0.0022219324,Coenzyme transport and metabolism,#008000,
STM2025,cbiK,2104411,-0.0032275887000000002,Coenzyme transport and metabolism,#008000,
STM2026,cbiJ,2105208,0.0007038764,Coenzyme transport and metabolism,#008000,
STM2027,cbiH,2105996,-0.0084027726,Coenzyme transport and metabolism,#008000,
STM2028,cbiG,2106721,0.003595576,Coenzyme transport and metabolism,#008000,
STM2029,cbiF,2107757,0.0087160556,Coenzyme transport and metabolism,#008000,
STM2030,cbiT,2108514,-0.0104620945,Coenzyme transport and metabolism,#008000,
STM2031,cbiE,2109082,0.0023355575,Nucleotide transport and metabolism,#00bfbf,
STM2032,cbiD,2109681,0.019739478,Nucleotide transport and metabolism,#00bfbf,
STM2033,cbiC,2110820,0.024451002700000002,Coenzyme transport and metabolism,#008000,
STM2034,cibB,2111463,0.0106139078,Coenzyme transport and metabolism,#008000,
STM2035,cbiA,2112419,0.0214593408,Coenzyme transport and metabolism,#008000,
STM2036,pocR,2114396,-0.0060493368,Transcription,#f4a460,
STM2038,pduA,2116843,0.0086510799,Energy production and conversion,#90ee90,
STM2039,pudB,2117235,-0.0052350488,Amino acid transport and metabolism,#ff0000,
STM2040,pduC,2117955,0.0006306108,Amino acid transport and metabolism,#ff0000,
STM2041,pduD,2119630,0.004981839,"Secondary metabolites biosynthesis, transport, and catabolism",#1e90ff,
STM2042,pduE,2120319,-0.0036604733,"Secondary metabolites biosynthesis, transport, and catabolism",#1e90ff,
STM2043,pduG,2120850,0.0044595629,"Cell cycle control, cell division, chromosome partitioning",#bfbf00,
STM2044,pduH,2122672,-0.0007783207,Function unknown,#708090,
STM2046,pduK,2123320,0.0021043688,Energy production and conversion,#90ee90,
STM2047,pduL,2123802,0.0027613135000000002,"Secondary metabolites biosynthesis, transport, and catabolism",#1e90ff,
STM2048,pduM,2124431,0.0189424033,Function unknown,#708090,
STM2049,pduN,2124926,-0.0080840166,Energy production and conversion,#90ee90,
STM2050,pduO,2125211,0.0019346163,Function unknown,#708090,
STM2051,pduP,2126218,-0.002262258,Energy production and conversion,#90ee90,
STM2052,pduQ,2127624,0.0008184485,Energy production and conversion,#90ee90,
STM2053,pduS,2128733,0.0034847766,Energy production and conversion,#90ee90,
STM2054,pduT,2130091,0.0073423916,Energy production and conversion,#90ee90,
STM2055,pduU,2130645,0.0083821524,Amino acid transport and metabolism,#ff0000,
STM2056,pduV,2131000,0.0130256499,Amino acid transport and metabolism,#ff0000,
STM2057,pduW,2131437,0.0023105709,Coenzyme transport and metabolism,#008000,
STM2058,pduX,2132709,0.0054714702,"Secondary metabolites biosynthesis, transport, and catabolism",#1e90ff,
STM2059,yeeX,2133645,-0.0058536151,Function unknown,#708090,
STM2060,yeeA,2134225,-0.0025882725,Function unknown,#708090,
STM2061,sbmC,2135402,0.00015933280000000001,"Replication, recombination and repair",#ff00ff,
STM2062,dacD,2136022,-0.012080221700000001,Cell wall/membrane/envelope biogenesis,#c71585,
STM2063,phsC,2137318,-0.0170336907,Energy production and conversion,#90ee90,
STM2064,phsB,2138079,-0.014508578900000001,Energy production and conversion,#90ee90,
STM2065,phsA,2138672,-0.0100897143,Energy production and conversion,#90ee90,
STM2066,sopA,2141567,-0.0132731888,Function unknown,#708090,
STM2067,sbcB,2144258,-0.0058875708,"Replication, recombination and repair",#ff00ff,
STM2068,yeeF,2145824,-0.0041023569000000005,Amino acid transport and metabolism,#ff0000,
STM2069,yeeY,2147468,0.0066375356,Transcription,#f4a460,
STM2070,yeeZ,2148428,0.0042257217,Carbohydrate transport and metabolism,#ffc0cb,
STM2071,hisG,2149612,0.0091912628,Nucleotide transport and metabolism,#00bfbf,
STM2072,hisD,2150614,0.008073463000000001,Amino acid transport and metabolism,#ff0000,
STM2073,hisC,2151915,-0.0053583613,Amino acid transport and metabolism,#ff0000,
STM2074,hisB,2152991,-0.010623392,Amino acid transport and metabolism,#ff0000,
STM2075,hisH,2154055,-0.0007828560000000001,Amino acid transport and metabolism,#ff0000,
STM2076,hisA,2154648,-0.0014745565,Amino acid transport and metabolism,#ff0000,
STM2077,hisF,2155367,-0.0034682203000000003,Amino acid transport and metabolism,#ff0000,
STM2078,hisI,2156137,-0.0063403977,Amino acid transport and metabolism,#ff0000,
STM2079,wzzB,2156829,-0.0041740986,Cell wall/membrane/envelope biogenesis,#c71585,
STM2080,udg,2157955,0.0047754249,Cell wall/membrane/envelope biogenesis,#c71585,
STM2081,gnd,2159358,0.0037127650000000002,Coenzyme transport and metabolism,#008000,
STM2082,rfbP,2160928,0.0080963751,Cell wall/membrane/envelope biogenesis,#c71585,
STM2083,rfbK,2162430,0.0068303732,Carbohydrate transport and metabolism,#ffc0cb,
STM2084,rfbM,2163850,0.016452637500000002,Cell wall/membrane/envelope biogenesis,#c71585,
STM2085,rfbN,2165290,0.0161771621,Function unknown,#708090,
STM2086,rfbU,2166235,0.0206945353,Cell wall/membrane/envelope biogenesis,#c71585,
STM2087,rfbV,2167616,0.0166297438,Cell wall/membrane/envelope biogenesis,#c71585,
STM2088,rfbX,2168622,0.0060772663,Function unknown,#708090,
STM2089,rfbJ,2169996,0.0010200880000000002,Carbohydrate transport and metabolism,#ffc0cb,
STM2090,rfbH,2170923,0.0009528676,Amino acid transport and metabolism,#ff0000,
STM2091,rfbG,2172263,0.006898202000000001,Cell wall/membrane/envelope biogenesis,#c71585,
STM2092,rfbF,2173347,0.010401395,Nucleotide transport and metabolism,#00bfbf,
STM2093,rfbI,2174117,0.0076537272,Energy production and conversion,#90ee90,
STM2094,rfbC,2175115,-0.0010915302000000001,Carbohydrate transport and metabolism,#ffc0cb,
STM2095,rfbA,2175667,0.0054913725,Coenzyme transport and metabolism,#008000,
STM2096,rfbD,2176593,0.0045862978,Cell wall/membrane/envelope biogenesis,#c71585,
STM2097,rfbB,2177492,-0.0009732481,Cell wall/membrane/envelope biogenesis,#c71585,
STM2098,galF,2178954,0.0019889612,Cell wall/membrane/envelope biogenesis,#c71585,
STM2099,wcaM,2180025,0.0019294246,Function unknown,#708090,
STM2100,wcaL,2181439,0.0066939271,Cell wall/membrane/envelope biogenesis,#c71585,
STM2101,wcaK,2182656,0.007336333400000001,Function unknown,#708090,
STM2102,wzxC,2183958,0.0033570931000000003,Function unknown,#708090,
STM2103,wcaJ,2185569,0.0080996377,Cell wall/membrane/envelope biogenesis,#c71585,
STM2104,cpsG,2187017,0.0125212555,Carbohydrate transport and metabolism,#ffc0cb,
STM2105,manC,2188498,-0.0151163353,Cell wall/membrane/envelope biogenesis,#c71585,
STM2106,wcaI,2189937,-0.0054865593,Carbohydrate transport and metabolism,#ffc0cb,
STM2108,wcaG,2191633,-0.016253340300000002,Carbohydrate transport and metabolism,#ffc0cb,
STM2109,gmd,2192601,-0.0039641,Coenzyme transport and metabolism,#008000,
STM2110,wcaF,2193746,-0.007039656300000001,Function unknown,#708090,
STM2111,wcaE,2194316,0.0092849344,Function unknown,#708090,
STM2112,wcaD,2195075,0.007218572,Function unknown,#708090,
STM2113,wcaC,2196264,0.0066257152,Cell wall/membrane/envelope biogenesis,#c71585,
STM2114,wcaB,2197478,0.000357314,Amino acid transport and metabolism,#ff0000,
STM2115,wcaA,2197969,-0.011083565600000001,Cell wall/membrane/envelope biogenesis,#c71585,
STM2116,wzc,2198898,0.0026887174,"Cell cycle control, cell division, chromosome partitioning",#bfbf00,
STM2117,wzb,2201054,-0.0025175399,Signal transduction mechanisms,#00ff00,
STM2118,wza,2201509,-0.0121998569,Cell wall/membrane/envelope biogenesis,#c71585,
STM2119,yegH,2203323,-0.0072119233,Inorganic ion transport and metabolism,#0000ff,
STM2120,asmA,2204989,-0.0029698297,Cell wall/membrane/envelope biogenesis,#c71585,
STM2121,dcd,2206884,-0.0016245285,Nucleotide transport and metabolism,#00bfbf,
STM2122,udk,2207556,-0.0096766684,Nucleotide transport and metabolism,#00bfbf,
STM2123,yegE,2208528,-0.00040358340000000003,Signal transduction mechanisms,#00ff00,
STM2125,yegD,2212489,-0.0031483532,"Post-translational modification, protein turnover,and chaperones",#87ceeb,
STM2126,STM2126,2214282,0.0025641467,Cell wall/membrane/envelope biogenesis,#c71585,
STM2127,yegN,2215523,-0.0023973348,"Intracellular trafficking, secretion, and vesicular transport",#8b4513,
STM2128,yegO,2218646,0.0088187132,Defense mechanisms,#d3d3d3,
STM2129,yegB,2221723,0.00686436,"Intracellular trafficking, secretion, and vesicular transport",#8b4513,
STM2130,baeS,2223135,0.0036524631,Signal transduction mechanisms,#00ff00,
STM2131,baeR,2224535,-0.0011475339000000001,Transcription,#f4a460,
STM2134,STM2134,2226728,0.0027964323000000003,Function unknown,#708090,
STM2135,STM2135,2227455,-0.0063145121,Function unknown,#708090,
STM2136,yegQ,2229682,0.0094402401,Amino acid transport and metabolism,#ff0000,
STM2137,STM2137,2231494,-0.0100707486,No COG annotation,#87cefa,
STM2138,STM2138,2232576,-0.0176057475,Function unknown,#708090,
STM2139,STM2139,2233114,-0.0142334651,No COG annotation,#87cefa,
STM2140,yegS,2234011,-0.0020786139,Nucleotide transport and metabolism,#00bfbf,
STM2141,fbaB,2234963,-0.0028817169,Carbohydrate transport and metabolism,#ffc0cb,
STM2142,yegT,2236269,-0.0036582285,Carbohydrate transport and metabolism,#ffc0cb,
STM2143,yegU,2237537,-0.008977635900000001,"Post-translational modification, protein turnover,and chaperones",#87ceeb,
STM2144,yegV,2238538,0.0012334194,Carbohydrate transport and metabolism,#ffc0cb,
STM2145,yegW,2239477,-0.0175743031,Transcription,#f4a460,
STM2146,thiD,2240259,-0.0028932759,Coenzyme transport and metabolism,#008000,
STM2147,thiM,2241046,0.0039275003,Coenzyme transport and metabolism,#008000,
STM2148,STM2148,2242253,0.012786103,Function unknown,#708090,
STM2149,stcD,2242830,-0.0079990735,Cell motility,#da70d6,
STM2150,stcC,2243853,0.0003556902,Cell wall/membrane/envelope biogenesis,#c71585,
STM2151,stcB,2246356,0.0018488511000000001,Cell motility,#da70d6,
STM2152,stcA,2247095,-0.0011305022,Cell motility,#da70d6,
STM2153,yehE,2247904,0.032894322000000004,Function unknown,#708090,
STM2154,mrp,2248463,0.0014433476,Nucleotide transport and metabolism,#00bfbf,
STM2155,metG,2249737,0.0069369785000000005,"Translation, ribosomal structure and biogenesis",#000000,
STM2156,yehR,2252011,0.0003355721,Cell wall/membrane/envelope biogenesis,#c71585,
STM2156A,STM2156A,2252641,0.0171986321,Function unknown,#708090,
STM2157,yehS,2253228,0.0074041404,Function unknown,#708090,
STM2158,yehT,2253742,0.009552877100000001,Transcription,#f4a460,
STM2159,yehU,2254458,0.0135189644,Signal transduction mechanisms,#00ff00,
STM2160,yehV,2256366,0.0086274071,Transcription,#f4a460,
STM2162,yehW,2257245,-0.00038349710000000004,Inorganic ion transport and metabolism,#0000ff,
STM2163,yehX,2257960,0.0105272586,Amino acid transport and metabolism,#ff0000,
STM2164,yehY,2258900,0.0035437475,Inorganic ion transport and metabolism,#0000ff,
STM2165,yehZ,2260073,0.0077586752000000005,Cell wall/membrane/envelope biogenesis,#c71585,
STM2166,bglX,2261171,-0.00042826990000000004,Carbohydrate transport and metabolism,#ffc0cb,
STM2167,dld,2263735,-0.0072724457000000005,Energy production and conversion,#90ee90,
STM2168,pbpG,2265523,-0.000127945,Cell wall/membrane/envelope biogenesis,#c71585,
STM2169,yohC,2266636,-0.0035437177000000003,Function unknown,#708090,
STM2170,yohD,2267355,0.016353426600000002,Function unknown,#708090,
STM2171,yohF,2268000,-0.0067769692,Lipid transport and metabolism,#40e0d0,
STM2172,yohG,2268827,-0.0014091609,Cell wall/membrane/envelope biogenesis,#c71585,
STM2174,yohI,2270722,0.007140965700000001,"Translation, ribosomal structure and biogenesis",#000000,
STM2175,STM2175,2271769,-0.0016279507,Energy production and conversion,#90ee90,
STM2176,STM2176,2272977,-0.0011682161,"Post-translational modification, protein turnover,and chaperones",#87ceeb,
STM2177,STM2177,2273630,0.0019430788,"Secondary metabolites biosynthesis, transport, and catabolism",#1e90ff,
STM2178,STM2178,2274347,0.0050151365000000005,"Secondary metabolites biosynthesis, transport, and catabolism",#1e90ff,
STM2179,STM2179,2275396,0.012355912600000001,Inorganic ion transport and metabolism,#0000ff,
STM2180,STM2180,2276880,0.0140058395,Transcription,#f4a460,
STM2181,yohJ,2277920,0.0011997504,Function unknown,#708090,
STM2182,yohK,2278315,0.00728593,Cell wall/membrane/envelope biogenesis,#c71585,
STM2183,cdd,2279164,0.0166064977,Nucleotide transport and metabolism,#00bfbf,
STM2184,sanA,2280225,-0.0006582462,Function unknown,#708090,
STM2185,b2145,2280941,-0.0144016809,Function unknown,#708090,
STM2186,STM2186,2281391,0.0026389503000000003,Energy production and conversion,#90ee90,
STM2187,yeiA,2282626,0.0028426364,Energy production and conversion,#90ee90,
STM2188,mglC,2283936,0.0187329719,Carbohydrate transport and metabolism,#ffc0cb,
STM2189,mglA,2284962,0.0396662106,Carbohydrate transport and metabolism,#ffc0cb,
STM2190,mglB,2286616,0.0358939931,Carbohydrate transport and metabolism,#ffc0cb,
STM2191,galS,2288113,0.0162859675,Transcription,#f4a460,
STM2192,yeiB,2289285,0.0082972016,Function unknown,#708090,
STM2193,folE,2290442,0.0089218306,Nucleotide transport and metabolism,#00bfbf,
STM2194,yeiG,2291440,0.0014228524,Function unknown,#708090,
STM2196,STM2196,2292680,0.0015198709,Amino acid transport and metabolism,#ff0000,
STM2197,STM2197,2294264,0.0002534104,Amino acid transport and metabolism,#ff0000,
STM2198,STM2198,2295184,-0.004999863,Carbohydrate transport and metabolism,#ffc0cb,
STM2199,cirA,2296550,0.0177672249,Inorganic ion transport and metabolism,#0000ff,
STM2200,lysP,2298887,0.0107596467,Amino acid transport and metabolism,#ff0000,
STM2201,yeiE,2300546,-0.007408678300000001,Transcription,#f4a460,
STM2202,yeiH,2301530,0.0022117794000000002,Function unknown,#708090,
STM2203,nfo,2302658,-0.0009744163000000001,"Replication, recombination and repair",#ff00ff,
STM2204,fruA,2303580,0.0035635016,Carbohydrate transport and metabolism,#ffc0cb,
STM2205,fruK,2305285,0.005345621,Coenzyme transport and metabolism,#008000,
STM2206,fruF,2306223,0.011838130700000001,Carbohydrate transport and metabolism,#ffc0cb,
STM2207,setB,2307722,0.0085264061,Inorganic ion transport and metabolism,#0000ff,
STM2208,STM2208,2308968,0.020766439600000002,Function unknown,#708090,
STM2212,yeiR,2311508,-0.0066645454,Function unknown,#708090,
STM2213,yeiU,2312524,-0.015540656100000001,Lipid transport and metabolism,#40e0d0,
STM2214,spr,2313657,-0.0088429382,Cell wall/membrane/envelope biogenesis,#c71585,
STM2215,rtn,2314555,-0.0058060813,Signal transduction mechanisms,#00ff00,
STM2216,yejA,2316218,-0.0003326361,Amino acid transport and metabolism,#ff0000,
STM2217,yejB,2318033,-0.0009946515,Inorganic ion transport and metabolism,#0000ff,
STM2218,yejE,2319127,-0.00040429130000000003,Inorganic ion transport and metabolism,#0000ff,
STM2219,yejF,2320154,-0.0006169854,Inorganic ion transport and metabolism,#0000ff,
STM2220,yejG,2321747,-0.0030726518000000003,Function unknown,#708090,
STM2221,bcr,2322482,5.9157900000000005e-05,Amino acid transport and metabolism,#ff0000,
STM2222,rsuA,2323700,0.0108828762,"Translation, ribosomal structure and biogenesis",#000000,
STM2223,yejH,2324547,-0.0023604366000000002,Nucleotide transport and metabolism,#00bfbf,
STM2224,rplY,2326432,0.0067349959000000004,"Translation, ribosomal structure and biogenesis",#000000,
STM2225,STM2225,2326825,0.0039529055,No COG annotation,#87cefa,
STM2226,yejK,2327473,-0.0026594939,Function unknown,#708090,
STM2228,yejM,2328919,-0.0035527147,Function unknown,#708090,
STM2231,STM2231,2331491,0.0020623181,Function unknown,#708090,
STM2232,oafA,2332129,-0.0008824998000000001,Lipid transport and metabolism,#40e0d0,
STM2233,STM2233,2334012,-0.0118062754,Function unknown,#708090,
STM2234,STM2234,2334833,0.0021244167,Function unknown,#708090,
STM2235,STM2235,2335363,-0.0075898437000000004,Carbohydrate transport and metabolism,#ffc0cb,
STM2236,STM2236,2336665,-0.0151666982,Function unknown,#708090,
STM2237,STM2237,2337197,-0.0163758598,Cell motility,#da70d6,
STM2240,STM2240,2339566,-0.005227432000000001,Defense mechanisms,#d3d3d3,
STM2245,STM2245,2345408,-0.001236761,Function unknown,#708090,
STM2246,narP,2346701,-0.0001534115,Transcription,#f4a460,
STM2254,ccmA,2353044,-0.0038219706000000003,Inorganic ion transport and metabolism,#0000ff,
STM2255,napC,2353682,-0.008163521600000001,Energy production and conversion,#90ee90,
STM2256,napB,2354294,0.00020686050000000002,Energy production and conversion,#90ee90,
STM2257,napH,2354859,0.0074451717,Energy production and conversion,#90ee90,
STM2258,napG,2355715,-0.0059071957,Energy production and conversion,#90ee90,
STM2259,napA,2356417,0.0051380562,Energy production and conversion,#90ee90,
STM2260,napD,2358900,0.009291766600000001,Inorganic ion transport and metabolism,#0000ff,
STM2261,napF,2359153,-0.0118492735,Energy production and conversion,#90ee90,
STM2262,eco,2360058,-0.010448648900000001,Cell wall/membrane/envelope biogenesis,#c71585,
STM2263,yojI,2360761,0.0082222353,Inorganic ion transport and metabolism,#0000ff,
STM2264,alkB,2362480,0.0030261779,"Replication, recombination and repair",#ff00ff,
STM2265,ada,2363133,0.0056462719,Nucleotide transport and metabolism,#00bfbf,
STM2266,apbE,2364275,-0.0151843067,Coenzyme transport and metabolism,#008000,
STM2267,ompC,2365442,-0.0103673809,Cell wall/membrane/envelope biogenesis,#c71585,
STM2269,yojN,2367307,0.0042078219,Signal transduction mechanisms,#00ff00,
STM2270,rcsB,2369993,-0.0032193805,Transcription,#f4a460,
STM2271,rcsC,2370746,-0.0047274990000000005,Signal transduction mechanisms,#00ff00,
STM2272,gyrA,2373710,-0.0030723824,"Replication, recombination and repair",#ff00ff,
STM2273,STM2273,2376756,0.0045461418,Cell wall/membrane/envelope biogenesis,#c71585,
STM2274,STM2274,2377973,-0.0048514165000000005,Carbohydrate transport and metabolism,#ffc0cb,
STM2276,ubiG,2380315,0.0014119731,Coenzyme transport and metabolism,#008000,
STM2277,nrdA,2381399,-0.006196544,Nucleotide transport and metabolism,#00bfbf,
STM2278,nrdB,2383797,-0.012360330000000001,Nucleotide transport and metabolism,#00bfbf,
STM2279,yfaE,2384927,-0.0137322104,Energy production and conversion,#90ee90,
STM2280,STM2280,2385183,0.01039591,Amino acid transport and metabolism,#ff0000,
STM2281,STM2281,2386535,0.0428358496,Transcription,#f4a460,
STM2282,glpQ,2387529,0.2470522253,Cell wall/membrane/envelope biogenesis,#c71585,https://salmonella.biocyc.org/gene?orgid=SENT99287&id=STM2282
STM2283,glpT,2388604,0.267939107,Carbohydrate transport and metabolism,#ffc0cb,https://salmonella.biocyc.org/gene?orgid=SENT99287&id=STM2283
STM2284,glpA,2390235,0.3358614324,Energy production and conversion,#90ee90,https://salmonella.biocyc.org/gene?orgid=SENT99287&id=STM2284
STM2285,glpB,2391853,0.2964055543,Energy production and conversion,#90ee90,https://salmonella.biocyc.org/gene?orgid=SENT99287&id=STM2285
STM2286,glpC,2393109,0.20901773410000002,Energy production and conversion,#90ee90,https://salmonella.biocyc.org/gene?orgid=SENT99287&id=STM2286
STM2287,STM2287,2394794,0.0209005537,"Post-translational modification, protein turnover,and chaperones",#87ceeb,
STM2288,STM2288,2395857,0.0222000252,Function unknown,#708090,
STM2289,STM2289,2396039,-0.0100206852,Coenzyme transport and metabolism,#008000,
STM2290,yfaV,2396868,-0.0009059011,Carbohydrate transport and metabolism,#ffc0cb,
STM2291,yfaW,2398213,-0.0034816884000000003,Cell wall/membrane/envelope biogenesis,#c71585,
STM2292,yfaX,2399432,0.0142184317,Transcription,#f4a460,
STM2293,STM2293,2400464,-0.008420055400000001,Function unknown,#708090,
STM2294,yfaZ,2401775,0.0077760959,Function unknown,#708090,
STM2295,yfaO,2402596,-0.0072356802000000005,"Replication, recombination and repair",#ff00ff,
STM2296,ais,2403066,-0.0047193019,Cell wall/membrane/envelope biogenesis,#c71585,
STM2297,yfbE,2403952,0.0058571797,Lipid transport and metabolism,#40e0d0,
STM2298,pmrF,2405112,-0.0002734431,Lipid transport and metabolism,#40e0d0,
STM2299,yfbG,2406092,0.0063607193000000005,Lipid transport and metabolism,#40e0d0,
STM2300,STM2300,2408071,0.0054437823,Carbohydrate transport and metabolism,#ffc0cb,
STM2301,pqaB,2408967,0.0074005608,Lipid transport and metabolism,#40e0d0,
STM2303,STM2303,2410945,0.0094297953,"Intracellular trafficking, secretion, and vesicular transport",#8b4513,
STM2304,pmrD,2411317,0.0044287952,Function unknown,#708090,
STM2305,menE,2411672,0.0016208568,Coenzyme transport and metabolism,#008000,
STM2306,menC,2413036,-0.0053161062,Coenzyme transport and metabolism,#008000,
STM2307,menB,2413998,-0.0109123333,Coenzyme transport and metabolism,#008000,
STM2308,yfbB,2414870,-0.0055661744,Coenzyme transport and metabolism,#008000,
STM2309,menD,2415625,-0.0073055229,Coenzyme transport and metabolism,#008000,
STM2310,menF,2417381,0.0155836384,Coenzyme transport and metabolism,#008000,
STM2312,elaA,2419137,-0.00368778,Function unknown,#708090,
STM2314,STM2314,2420642,0.0044819265,Cell motility,#da70d6,
STM2315,yfbK,2421684,-0.0068032815,Function unknown,#708090,
STM2316,nuoN,2424353,0.009003170100000001,Energy production and conversion,#90ee90,
STM2317,nuoM,2425817,0.0095243233,Energy production and conversion,#90ee90,
STM2318,nuoL,2427660,0.008363522200000001,Energy production and conversion,#90ee90,
STM2320,nuoJ,2429797,0.0063864289,Energy production and conversion,#90ee90,
STM2321,nuoI,2430362,0.0057130022,Energy production and conversion,#90ee90,
STM2322,nuoH,2430919,0.0061936647000000004,Energy production and conversion,#90ee90,
STM2323,nuoG,2431893,0.0035684468,Energy production and conversion,#90ee90,
STM2324,nuoF,2434650,0.0020965474,Energy production and conversion,#90ee90,
STM2325,nuoE,2435984,-0.0014454979,Energy production and conversion,#90ee90,
STM2326,nuoC,2436487,0.0021143271,Energy production and conversion,#90ee90,
STM2327,nuoB,2438376,-0.0002203081,Energy production and conversion,#90ee90,
STM2328,nuoA,2439054,0.0035913694,Energy production and conversion,#90ee90,
STM2329,STM2329,2439892,-0.0140195804,No COG annotation,#87cefa,
STM2330,lrhA,2440124,0.0141252109,Transcription,#f4a460,
STM2331,yfbQ,2441994,-0.008566161400000001,Amino acid transport and metabolism,#ff0000,
STM2332,STM2332,2443302,-0.0031491838,Nucleotide transport and metabolism,#00bfbf,
STM2333,yfbS,2443993,0.00717063,Inorganic ion transport and metabolism,#0000ff,
STM2334,yfbT,2445896,-0.0001971295,Function unknown,#708090,
STM2335,yfbU,2446566,-0.0039440301,Function unknown,#708090,
STM2336,STM2336,2447143,-0.0012994508,Function unknown,#708090,
STM2337,ackA,2447938,0.0072581696,Nucleotide transport and metabolism,#00bfbf,
STM2338,pta,2449217,0.0139483786,Energy production and conversion,#90ee90,
STM2339,yfcC,2451579,0.0055666322,Function unknown,#708090,
STM2340,STM2340,2453148,-0.0032629354,Carbohydrate transport and metabolism,#ffc0cb,
STM2341,STM2341,2454094,-0.004709995000000001,Carbohydrate transport and metabolism,#ffc0cb,
STM2342,STM2342,2454921,0.020832372300000002,Function unknown,#708090,
STM2343,STM2343,2456333,0.0546132745,Carbohydrate transport and metabolism,#ffc0cb,
STM2344,STM2344,2456686,0.0333261756,Carbohydrate transport and metabolism,#ffc0cb,
STM2345,STM2345,2457382,0.0016376576,Transcription,#f4a460,
STM2346,STM2346,2458407,0.0018367424,Lipid transport and metabolism,#40e0d0,
STM2347,yfcE,2459018,-0.0051795344000000005,Function unknown,#708090,
STM2348,yfcF,2459625,-0.008437951400000001,"Post-translational modification, protein turnover,and chaperones",#87ceeb,
STM2349,yfcG,2460412,-0.011085883500000001,"Post-translational modification, protein turnover,and chaperones",#87ceeb,
STM2350,yfcH,2461185,0.0125081506,Function unknown,#708090,
STM2351,hisP,2462130,0.0046960378,Amino acid transport and metabolism,#ff0000,
STM2352,hisM,2462917,0.0019784313,Amino acid transport and metabolism,#ff0000,
STM2353,hisQ,2463621,-0.0066070716,Amino acid transport and metabolism,#ff0000,
STM2354,hisJ,2464490,-0.0025710455000000003,Amino acid transport and metabolism,#ff0000,
STM2355,argT,2465510,0.0010746139,Amino acid transport and metabolism,#ff0000,
STM2356,ubiX,2466581,0.0105147335,Coenzyme transport and metabolism,#008000,
STM2357,STM2357,2467177,-0.0009760861000000001,Amino acid transport and metabolism,#ff0000,
STM2358,STM2358,2468647,0.0077772284,Amino acid transport and metabolism,#ff0000,
STM2359,STM2359,2469752,0.0093674454,Amino acid transport and metabolism,#ff0000,
STM2360,STM2360,2471264,-0.0095485389,Amino acid transport and metabolism,#ff0000,
STM2361,STM2361,2472872,-0.001231569,Transcription,#f4a460,
STM2362,purF,2474335,-0.0031740261,Nucleotide transport and metabolism,#00bfbf,
STM2363,cvpA,2475890,0.0019097187000000002,Function unknown,#708090,
STM2364,dedD,2476689,0.0017637890000000002,"Cell cycle control, cell division, chromosome partitioning",#bfbf00,
STM2365,folC,2477353,0.006435761000000001,Coenzyme transport and metabolism,#008000,
STM2366,accD,2478689,-0.0043512277,Lipid transport and metabolism,#40e0d0,
STM2367,dedA,2479753,-0.0045694401,Function unknown,#708090,
STM2368,truA,2480461,0.0014479615,"Translation, ribosomal structure and biogenesis",#000000,
STM2369,usg,2481273,-0.011105145200000001,Amino acid transport and metabolism,#ff0000,
STM2370,pdxB,2482354,-0.0090891619,Coenzyme transport and metabolism,#008000,
STM2371,flk,2483594,-0.0107635105,Cell motility,#da70d6,
STM2372,STM2372,2484592,-0.0089361109,"Intracellular trafficking, secretion, and vesicular transport",#8b4513,
STM2373,STM2373,2485950,0.0175721932,No COG annotation,#87cefa,
STM2374,STM2374,2486497,-0.0047182075,Transcription,#f4a460,
STM2375,STM2375,2486914,0.0199131157,Function unknown,#708090,
STM2376,STM2376,2487282,-0.005196346100000001,Cell wall/membrane/envelope biogenesis,#c71585,
STM2377,STM2377,2487867,0.0047777772000000005,Function unknown,#708090,
STM2378,fabB,2488621,0.0386114991,Lipid transport and metabolism,#40e0d0,
STM2379,STM2379,2489935,-0.0045413496,"Translation, ribosomal structure and biogenesis",#000000,
STM2380,yfcL,2492047,-0.001234471,Function unknown,#708090,
STM2381,yfcM,2492355,-0.0005834056,Function unknown,#708090,
STM2382,yfcA,2492903,-0.010496602300000001,Function unknown,#708090,
STM2383,mepA,2493712,-0.003278642,Cell wall/membrane/envelope biogenesis,#c71585,
STM2384,aroC,2494540,0.0007820205,Amino acid transport and metabolism,#ff0000,
STM2385,yfcB,2495661,-0.0051348951,"Translation, ribosomal structure and biogenesis",#000000,
STM2386,yfcN,2496759,-0.002762182,Function unknown,#708090,
STM2387,sixA,2497410,0.0090591039,Signal transduction mechanisms,#00ff00,
STM2388,yfcX,2498104,0.0066088904,Lipid transport and metabolism,#40e0d0,
STM2389,yfcY,2500251,-0.009360709600000001,Lipid transport and metabolism,#40e0d0,
STM2390,yfcZ,2501739,0.0037914098,Function unknown,#708090,
STM2391,fadL,2502388,0.0065686014000000004,Lipid transport and metabolism,#40e0d0,
STM2392,vacJ,2503762,0.0013178543000000001,Cell wall/membrane/envelope biogenesis,#c71585,
STM2393,yfdC,2504806,-0.0098956537,Inorganic ion transport and metabolism,#0000ff,
STM2395,pgtE,2506054,-0.0018862095,Cell wall/membrane/envelope biogenesis,#c71585,
STM2396,pgtA,2507260,0.0025560293,Signal transduction mechanisms,#00ff00,
STM2397,pgtB,2508497,-0.0030379752,Signal transduction mechanisms,#00ff00,
STM2398,pgtC,2510500,0.0010377887,Inorganic ion transport and metabolism,#0000ff,
STM2399,pgtP,2512129,-0.0073133703,Carbohydrate transport and metabolism,#ffc0cb,
STM2400,STM2400,2513796,0.0056013003000000006,Function unknown,#708090,
STM2401,ddg,2514560,0.0077622436000000005,Cell wall/membrane/envelope biogenesis,#c71585,
STM2402,yfdZ,2516004,0.0002958227,Amino acid transport and metabolism,#ff0000,
STM2403,glk,2517963,0.0144085594,Nucleotide transport and metabolism,#00bfbf,
STM2404,STM2404,2519132,-0.0123828336,Inorganic ion transport and metabolism,#0000ff,
STM2405,STM2405,2520387,-0.007176089300000001,Carbohydrate transport and metabolism,#ffc0cb,
STM2406,STM2406,2522219,-0.00045370480000000003,Energy production and conversion,#90ee90,
STM2407,ypeC,2523331,-0.00020332730000000002,Function unknown,#708090,
STM2408,mntH,2523718,0.0010391729,Inorganic ion transport and metabolism,#0000ff,
STM2409,nupC,2525302,0.0038012461000000003,"Intracellular trafficking, secretion, and vesicular transport",#8b4513,
STM2410,yfeA,2526557,-0.0133886725,Signal transduction mechanisms,#00ff00,
STM2413,yfeC,2529352,0.0170575462,"Replication, recombination and repair",#ff00ff,
STM2414,yfeD,2529716,0.0089973104,"Replication, recombination and repair",#ff00ff,
STM2415,gltX,2530162,-0.0046010518,"Translation, ribosomal structure and biogenesis",#000000,
STM2420,xapR,2532393,-0.0056249524,Transcription,#f4a460,
STM2421,xapB,2533546,-0.0140345737,"Intracellular trafficking, secretion, and vesicular transport",#8b4513,
STM2422,xapA,2534857,-0.0176665259,Nucleotide transport and metabolism,#00bfbf,
STM2423,yfeN,2535946,0.0095933505,Function unknown,#708090,
STM2424,yfeR,2536769,-0.0074032232000000005,Transcription,#f4a460,
STM2425,yfeH,2537785,-0.0016679118,Function unknown,#708090,
STM2426,STM2426,2538780,0.0096067249,Function unknown,#708090,
STM2427,lig,2539000,0.0046531847,"Replication, recombination and repair",#ff00ff,
STM2428,zipA,2541087,0.0100039502,"Cell cycle control, cell division, chromosome partitioning",#bfbf00,
STM2429,cysZ,2542305,0.0104426606,"Intracellular trafficking, secretion, and vesicular transport",#8b4513,
STM2430,cysK,2543230,-0.0086200006,Amino acid transport and metabolism,#ff0000,
STM2431,ptsH,2544585,-0.0048178097,Carbohydrate transport and metabolism,#ffc0cb,
STM2432,ptsI,2544891,-0.0113670604,Carbohydrate transport and metabolism,#ffc0cb,
STM2433,crr,2546659,-0.0007547252,Carbohydrate transport and metabolism,#ffc0cb,
STM2434,STM2434,2547317,-0.0008061519,No COG annotation,#87cefa,
STM2435,pdxK,2547553,0.0041839814,Coenzyme transport and metabolism,#008000,
STM2436,ptsJ,2548502,0.0108790685,Transcription,#f4a460,
STM2437,yfeJ,2549809,0.0013521319,Nucleotide transport and metabolism,#00bfbf,
STM2438,yfeK,2550587,0.010825653900000001,Function unknown,#708090,
STM2439,yfeL,2550980,0.0131169717,Cell wall/membrane/envelope biogenesis,#c71585,
STM2440,cysM,2551650,0.0027010682,Amino acid transport and metabolism,#ff0000,
STM2441,cysA,2552629,-0.0249110676,Inorganic ion transport and metabolism,#0000ff,
STM2442,cysW,2553716,-0.008700613500000001,Inorganic ion transport and metabolism,#0000ff,
STM2443,cysU,2554591,0.0029781095000000002,Inorganic ion transport and metabolism,#0000ff,
STM2444,cysP,2555424,-0.020051161,Inorganic ion transport and metabolism,#0000ff,
STM2445,ucpA,2556598,0.0026374793,Lipid transport and metabolism,#40e0d0,
STM2446,STM2446,2557627,-0.0076950641,Inorganic ion transport and metabolism,#0000ff,
STM2447,STM2447,2558621,-0.0023216976,Cell wall/membrane/envelope biogenesis,#c71585,
STM2448,yfeZ,2559258,-0.0064445692,Function unknown,#708090,
STM2450,amiA,2560332,-0.0042174504,Cell wall/membrane/envelope biogenesis,#c71585,
STM2451,hemF,2561204,0.0022368072,Coenzyme transport and metabolism,#008000,
STM2452,STM2452,2562124,0.0038370254,No COG annotation,#87cefa,
STM2453,STM2453,2562582,-0.0013302801000000001,Function unknown,#708090,
STM2454,eutR,2564059,-0.0099741456,Transcription,#f4a460,
STM2455,eutK,2565159,-0.007602190500000001,Energy production and conversion,#90ee90,
STM2456,eutL,2565666,0.005904461000000001,Amino acid transport and metabolism,#ff0000,
STM2457,eutC,2566335,0.0106830529,Amino acid transport and metabolism,#ff0000,
STM2458,eutB,2567250,0.0042384511,Amino acid transport and metabolism,#ff0000,
STM2459,eutA,2568623,-0.0015565371,Amino acid transport and metabolism,#ff0000,
STM2460,eutH,2570023,0.0004294208,Amino acid transport and metabolism,#ff0000,
STM2461,eutG,2571369,-0.0039597412,Energy production and conversion,#90ee90,
STM2462,eutJ,2572546,-0.0053526291,Amino acid transport and metabolism,#ff0000,
STM2463,eutE,2573396,-0.008698151000000001,Energy production and conversion,#90ee90,
STM2464,eutN,2574811,0.0182107604,Energy production and conversion,#90ee90,
STM2465,eutM,2575211,0.0207864024,Energy production and conversion,#90ee90,
STM2466,eutD,2575542,0.0122726165,Energy production and conversion,#90ee90,
STM2467,eutT,2576555,-0.0091911757,Amino acid transport and metabolism,#ff0000,
STM2468,eutQ,2577355,0.0089731888,Amino acid transport and metabolism,#ff0000,
STM2469,eutP,2578022,0.015607870000000001,Amino acid transport and metabolism,#ff0000,
STM2470,eutS,2578514,-0.0109638281,Amino acid transport and metabolism,#ff0000,
STM2472,maeB,2579978,0.0019893605,Energy production and conversion,#90ee90,
STM2473,talA,2582529,0.012908467100000001,Nucleotide transport and metabolism,#00bfbf,
STM2474,tktB,2583499,0.0083352244,Carbohydrate transport and metabolism,#ffc0cb,
STM2475,STM2475,2585562,0.0059380815,No COG annotation,#87cefa,
STM2476,ypfG,2585920,-0.0009087108,Function unknown,#708090,
STM2477,yffH,2587088,-0.008263346100000001,"Replication, recombination and repair",#ff00ff,
STM2478,STM2478,2587867,-0.003933469,Defense mechanisms,#d3d3d3,
STM2479,aegA,2589614,-0.0004166753,Energy production and conversion,#90ee90,
STM2480,narQ,2591761,0.0015927335,Signal transduction mechanisms,#00ff00,
STM2481,acrD,2593646,0.0061494198,"Intracellular trafficking, secretion, and vesicular transport",#8b4513,
STM2482,yffB,2597333,-0.0021903726,Inorganic ion transport and metabolism,#0000ff,
STM2483,dapE,2597693,0.0031772207,Amino acid transport and metabolism,#ff0000,
STM2485,ypfI,2599075,0.0078489836,"Translation, ribosomal structure and biogenesis",#000000,
STM2486,STM2486,2601109,0.0055219571000000005,Function unknown,#708090,
STM2487,purC,2602103,-0.0084332454,Nucleotide transport and metabolism,#00bfbf,
STM2488,nlpB,2602991,-0.0011571781,Cell wall/membrane/envelope biogenesis,#c71585,
STM2489,dapA,2604042,-0.006527949700000001,Amino acid transport and metabolism,#ff0000,
STM2490,gcvR,2605000,-0.0018317294,Amino acid transport and metabolism,#ff0000,
STM2491,bcp,2605638,-0.0052791525,"Post-translational modification, protein turnover,and chaperones",#87ceeb,
STM2493,perM,2606695,-0.0101482866,Function unknown,#708090,
STM2494,STM2494,2607970,0.0011791401,Function unknown,#708090,
STM2495,yfgD,2609473,0.0038262998000000003,Inorganic ion transport and metabolism,#0000ff,
STM2496,yfgE,2609859,-0.0043277535,"Replication, recombination and repair",#ff00ff,
STM2497,uraA,2610655,0.0005740851,Nucleotide transport and metabolism,#00bfbf,
STM2498,upp,2612032,-0.0009951945,Nucleotide transport and metabolism,#00bfbf,
STM2499,purM,2613072,-0.0061315918,Nucleotide transport and metabolism,#00bfbf,
STM2500,purN,2614109,0.0015857486,Nucleotide transport and metabolism,#00bfbf,
STM2501,ppk,2614936,0.0024498546,Nucleotide transport and metabolism,#00bfbf,
STM2502,ppx,2617007,0.008894682400000001,Nucleotide transport and metabolism,#00bfbf,
STM2503,STM2503,2618584,-0.004603739,Signal transduction mechanisms,#00ff00,
STM2509,STM2509,2622291,-0.0063430059,"Replication, recombination and repair",#ff00ff,
STM2510,guaA,2622804,0.011647332100000001,Nucleotide transport and metabolism,#00bfbf,
STM2511,guaB,2624451,0.015208834800000001,Nucleotide transport and metabolism,#00bfbf,
STM2512,xseA,2626078,0.0043444222,"Replication, recombination and repair",#ff00ff,
STM2515,ratA,2641875,-0.0017431404000000001,Cell wall/membrane/envelope biogenesis,#c71585,
STM2516,sinI,2647592,0.0076203878000000004,No COG annotation,#87cefa,
STM2517,sinH,2648609,0.001112918,Cell wall/membrane/envelope biogenesis,#c71585,
STM2518,yfgJ,2651147,0.0262732331,Function unknown,#708090,
STM2519,engA,2651457,-0.0033448512000000003,Function unknown,#708090,
STM2520,yfgL,2653048,0.0048508499,Cell wall/membrane/envelope biogenesis,#c71585,
STM2521,yfgM,2654237,0.013247897000000002,Function unknown,#708090,
STM2522,hisS,2654871,0.0023452735,"Translation, ribosomal structure and biogenesis",#000000,
STM2523,gcpE,2656256,0.0081357934,Lipid transport and metabolism,#40e0d0,
STM2524,yfgA,2657401,0.0031970142000000003,Function unknown,#708090,
STM2525,yfgB,2658697,-0.0021564302,"Translation, ribosomal structure and biogenesis",#000000,
STM2526,ndk,2660070,-0.0035604972,Nucleotide transport and metabolism,#00bfbf,
STM2527,STM2527,2660622,-0.0165218206,Energy production and conversion,#90ee90,
STM2528,STM2528,2661485,0.0018142051,Function unknown,#708090,
STM2529,STM2529,2662287,0.008206173,Energy production and conversion,#90ee90,
STM2530,STM2530,2662913,0.007133541100000001,Energy production and conversion,#90ee90,
STM2531,pbpC,2665447,0.0058212012,Cell wall/membrane/envelope biogenesis,#c71585,
STM2532,STM2532,2667763,0.0103877647,Function unknown,#708090,
STM2533,sseA,2672906,-0.0012010792000000001,Coenzyme transport and metabolism,#008000,
STM2534,STM2534,2673995,0.0127221672,Function unknown,#708090,
STM2535,sseB,2675232,0.0052650661,Function unknown,#708090,
STM2536,pepB,2676118,0.0067593554,Amino acid transport and metabolism,#ff0000,
STM2537,yfhJ,2677648,0.0106587286,Function unknown,#708090,
STM2538,fdx,2677860,2.6068e-06,Energy production and conversion,#90ee90,
STM2539,hscA,2678197,0.00011334350000000001,Nucleotide transport and metabolism,#00bfbf,
STM2540,hscB,2680060,0.00021298,"Post-translational modification, protein turnover,and chaperones",#87ceeb,
STM2541,yfhF,2680771,0.0125877564,Energy production and conversion,#90ee90,
STM2542,nifU,2681123,0.013734867000000001,Energy production and conversion,#90ee90,
STM2543,nifS,2681537,0.0013151379,Amino acid transport and metabolism,#ff0000,
STM2544,yfhP,2682932,0.0151242301,Transcription,#f4a460,
STM2545,STM2545,2683586,-0.0130517492,"Translation, ribosomal structure and biogenesis",#000000,
STM2546,suhB,2684436,-0.0078206549,Carbohydrate transport and metabolism,#ffc0cb,
STM2547,STM2547,2685384,-0.021265179800000002,Function unknown,#708090,
STM2548,asrA,2686444,0.0025048167000000002,Energy production and conversion,#90ee90,
STM2549,asrB,2687491,-0.0001922987,Energy production and conversion,#90ee90,
STM2550,asrC,2688320,-0.004997708,Energy production and conversion,#90ee90,
STM2551,STM2551,2689334,-0.0026205302,Inorganic ion transport and metabolism,#0000ff,
STM2552,STM2552,2690311,0.009290007500000001,Function unknown,#708090,
STM2553,csiE,2691075,0.0007550231,Transcription,#f4a460,
STM2554,hcaT,2692347,0.0068831478,Amino acid transport and metabolism,#ff0000,
STM2555,glyA,2693682,0.0029967883,Amino acid transport and metabolism,#ff0000,
STM2556,hmpA,2695260,0.0072276338,Energy production and conversion,#90ee90,
STM2557,cadC,2696632,0.0032732446,Transcription,#f4a460,
STM2558,cadB,2698537,0.0105438756,Amino acid transport and metabolism,#ff0000,
STM2559,cadA,2699951,0.0103288183,Amino acid transport and metabolism,#ff0000,
STM2560,yjdL,2702151,0.009118510100000001,"Intracellular trafficking, secretion, and vesicular transport",#8b4513,
STM2561,glnB,2703660,0.0064836359000000005,Transcription,#f4a460,
STM2562,yfhA,2704075,-0.0006414489000000001,Nucleotide transport and metabolism,#00bfbf,
STM2563,yfhG,2705409,-0.0014741995,Cell motility,#da70d6,
STM2564,yfhK,2706175,-0.0056332856,Signal transduction mechanisms,#00ff00,
STM2565,purG,2708255,-0.0032848439000000003,Nucleotide transport and metabolism,#00bfbf,
STM2567,yfhD,2712398,-0.0169776614,Cell wall/membrane/envelope biogenesis,#c71585,
STM2568,yfhC,2713993,-0.0009973969,Nucleotide transport and metabolism,#00bfbf,
STM2569,yfhB,2714569,0.0089863527,Amino acid transport and metabolism,#ff0000,
STM2570,STM2570,2715208,-0.0033308121000000003,Carbohydrate transport and metabolism,#ffc0cb,
STM2571,STM2571,2716580,0.000713187,Function unknown,#708090,
STM2572,yfhH,2717589,-0.013774583000000002,Transcription,#f4a460,
STM2573,STM2573,2718476,-0.0058796626,Coenzyme transport and metabolism,#008000,
STM2574,STM2574,2719415,-0.0079568678,Inorganic ion transport and metabolism,#0000ff,
STM2575,STM2575,2720727,-0.0111553762,Transcription,#f4a460,
STM2576,yfhL,2721691,0.0031554751,Energy production and conversion,#90ee90,
STM2577,acpS,2722063,-0.0061026618,Lipid transport and metabolism,#40e0d0,
STM2578,pdxJ,2722443,-0.0041532482,Coenzyme transport and metabolism,#008000,
STM2579,recO,2723186,-0.0028765758,"Replication, recombination and repair",#ff00ff,
STM2580,era,2723926,-0.0014164665,Function unknown,#708090,
STM2581,rnc,2724828,-0.0009797352,"Translation, ribosomal structure and biogenesis",#000000,
STM2582,lepB,2725782,-0.0094127421,"Intracellular trafficking, secretion, and vesicular transport",#8b4513,
STM2583,lepA,2726773,-0.0068660925000000005,Nucleotide transport and metabolism,#00bfbf,
STM2624,STM2624,2766753,0.008263545800000001,Carbohydrate transport and metabolism,#ffc0cb,
STM2625,STM2625,2767111,-0.0052002392,"Replication, recombination and repair",#ff00ff,
STM2627,STM2627,2768931,0.022308919700000002,No COG annotation,#87cefa,
STM2637,rseC,2777317,-0.0086807069,Signal transduction mechanisms,#00ff00,
STM2638,rseB,2777793,-0.0042871347,Signal transduction mechanisms,#00ff00,
STM2639,rseA,2778749,-0.0009676685,Signal transduction mechanisms,#00ff00,
STM2640,rpoE,2779431,-0.0049027252,Transcription,#f4a460,
STM2641,nadB,2780431,0.0215371275,Coenzyme transport and metabolism,#008000,
STM2642,yfiC,2782038,0.0020477802,"Translation, ribosomal structure and biogenesis",#000000,
STM2643,srmB,2782906,0.0029854021000000003,Nucleotide transport and metabolism,#00bfbf,
STM2644,yfiE,2784258,-0.00048802810000000003,Transcription,#f4a460,
STM2645,yfiK,2785260,-0.0059919674,"Intracellular trafficking, secretion, and vesicular transport",#8b4513,
STM2646,yfiD,2785909,0.003963881900000001,Function unknown,#708090,
STM2647,ung,2786611,-0.0039542278000000005,"Replication, recombination and repair",#ff00ff,
STM2648,yfiF,2787416,0.0078658151,Coenzyme transport and metabolism,#008000,
STM2649,trxC,2788657,0.0136542406,"Post-translational modification, protein turnover,and chaperones",#87ceeb,
STM2650,yfiP,2789149,-0.0016446499,Function unknown,#708090,
STM2651,yfiQ,2789883,0.0022254518,Energy production and conversion,#90ee90,
STM2652,pssA,2792658,0.0011013537,Lipid transport and metabolism,#40e0d0,
STM2653,yfiM,2794058,0.0013387596000000001,Function unknown,#708090,
STM2654,kgtP,2794378,-0.0020921348,Amino acid transport and metabolism,#ff0000,
STM2655,STM2655,2795783,-0.0124775039,Function unknown,#708090,
STM2660,clpB,2802119,-0.0030750634,"Post-translational modification, protein turnover,and chaperones",#87ceeb,
STM2661,yfiH,2804822,-0.0005949926,Function unknown,#708090,
STM2662,rluD,2805550,-0.0017392457,"Translation, ribosomal structure and biogenesis",#000000,
STM2663,yfiO,2806662,0.0003262484,Cell wall/membrane/envelope biogenesis,#c71585,
STM2665,yfiA,2807671,0.008489244,"Translation, ribosomal structure and biogenesis",#000000,
STM2667,pheA,2808260,-0.0107792372,Amino acid transport and metabolism,#ff0000,
STM2668,STM2668,2809381,-0.014643628700000001,Carbohydrate transport and metabolism,#ffc0cb,
STM2669,tyrA,2810347,-0.010266045000000001,Amino acid transport and metabolism,#ff0000,
STM2670,aroF,2811478,-0.0034724078,Amino acid transport and metabolism,#ff0000,
STM2671,yfiR,2812988,0.0199101614,Function unknown,#708090,
STM2672,yfiN,2813499,0.006667358700000001,Signal transduction mechanisms,#00ff00,
STM2673,rplS,2814876,0.0048993641,"Translation, ribosomal structure and biogenesis",#000000,
STM2674,trmD,2815264,0.0016032399,"Translation, ribosomal structure and biogenesis",#000000,
STM2675,rimM,2816076,0.003098197,"Translation, ribosomal structure and biogenesis",#000000,
STM2676,rpsP,2816643,0.004276206,"Translation, ribosomal structure and biogenesis",#000000,
STM2677,ffh,2817205,-0.0018426079,"Intracellular trafficking, secretion, and vesicular transport",#8b4513,
STM2678,corE,2818732,-0.0050715948,Function unknown,#708090,
STM2679,yfjD,2819588,-0.009181170300000001,Inorganic ion transport and metabolism,#0000ff,
STM2681,grpE,2821590,-0.0026378146000000002,"Post-translational modification, protein turnover,and chaperones",#87ceeb,
STM2683,yfjB,2822303,-0.0028620127,Nucleotide transport and metabolism,#00bfbf,
STM2684,recN,2823267,0.0051610111000000005,"Replication, recombination and repair",#ff00ff,
STM2685,smpA,2825077,0.013535241200000001,Cell wall/membrane/envelope biogenesis,#c71585,
STM2686,yfjF,2825581,-0.009797700900000001,Function unknown,#708090,
STM2687,yfjG,2825861,-0.0094936207,Lipid transport and metabolism,#40e0d0,
STM2688,smpB,2826487,-0.0031301890000000002,"Translation, ribosomal structure and biogenesis",#000000,
STM2690,STM2690,2839122,-0.0009593667,Cell wall/membrane/envelope biogenesis,#c71585,
STM2691,STM2691,2840528,-0.0006561032000000001,Defense mechanisms,#d3d3d3,
STM2692,STM2692,2842716,0.005482942,Cell wall/membrane/envelope biogenesis,#c71585,
STM2741,STM2741,2879465,0.0088727475,No COG annotation,#87cefa,
STM2742,STM2742,2880448,-0.0021405722,Function unknown,#708090,
STM2743,STM2743,2881976,-0.0054218936,Signal transduction mechanisms,#00ff00,
STM2744,STM2744,2883254,-0.007284502500000001,Transcription,#f4a460,
STM2745,STM2745,2883505,-0.0002379719,"Replication, recombination and repair",#ff00ff,
STM2746,STM2746,2886077,-0.011286331200000001,Function unknown,#708090,
STM2747,STM2747,2887405,0.0058965983,Function unknown,#708090,
STM2749,STM2749,2888828,-0.0181784182,Transcription,#f4a460,
STM2750,STM2750,2889225,-0.0062658669,Carbohydrate transport and metabolism,#ffc0cb,
STM2751,STM2751,2889743,-0.0067728476000000004,Carbohydrate transport and metabolism,#ffc0cb,
STM2752,STM2752,2890114,-0.0014865716,Carbohydrate transport and metabolism,#ffc0cb,
STM2753,STM2753,2891105,0.0035610454000000002,Function unknown,#708090,
STM2755,STM2755,2893689,-0.0027931295000000003,Carbohydrate transport and metabolism,#ffc0cb,
STM2756,STM2756,2894348,-0.0167835344,Cell wall/membrane/envelope biogenesis,#c71585,
STM2757,STM2757,2894911,-0.0085236189,Carbohydrate transport and metabolism,#ffc0cb,
STM2759,STM2759,2897647,0.0097821611,Function unknown,#708090,
STM2773,iroB,2916381,-0.0036754218,Energy production and conversion,#90ee90,
STM2774,iroC,2917577,-0.0094013776,Defense mechanisms,#d3d3d3,
STM2775,iroD,2921340,-0.020158165800000002,Inorganic ion transport and metabolism,#0000ff,
STM2776,iroE,2922616,-0.0127949694,Function unknown,#708090,
STM2777,iroN,2923593,0.0101611224,Cell wall/membrane/envelope biogenesis,#c71585,
STM2780,STM2780,2926806,0.0066585659,Function unknown,#708090,
STM2781,virK,2928377,0.0034314847,Function unknown,#708090,
STM2782,mig-14,2929599,-0.0056530214,Cell wall/membrane/envelope biogenesis,#c71585,
STM2783,nxiA,2931217,-0.0022948567,Inorganic ion transport and metabolism,#0000ff,
STM2784,tctE,2932363,0.010043208500000001,Signal transduction mechanisms,#00ff00,
STM2785,tctD,2933765,0.0055354986,Transcription,#f4a460,
STM2786,STM2786,2934594,0.0028228332,Function unknown,#708090,
STM2787,STM2787,2935583,-0.0024125874,Function unknown,#708090,
STM2788,STM2788,2936028,-0.0096432568,Function unknown,#708090,
STM2789,STM2789,2937836,-0.005332085,Energy production and conversion,#90ee90,
STM2790,ygaF,2938848,0.0073012273,Function unknown,#708090,
STM2791,gabD,2940138,-0.009196942500000001,Energy production and conversion,#90ee90,
STM2792,gabT,2941601,-0.0040580223,Coenzyme transport and metabolism,#008000,
STM2793,gabP,2943014,-0.0156539692,Amino acid transport and metabolism,#ff0000,
STM2794,ygaE,2944456,0.0047665663,Transcription,#f4a460,
STM2795,ygaU,2945155,-0.0013449596,Function unknown,#708090,
STM2796,yqaE,2945704,0.023503511600000002,Function unknown,#708090,
STM2798,ygaP,2946354,0.0010549322,Inorganic ion transport and metabolism,#0000ff,
STM2799,stpA,2947229,-0.028235549500000002,Function unknown,#708090,
STM2800,STM2800,2948329,-0.0233028735,"Intracellular trafficking, secretion, and vesicular transport",#8b4513,
STM2801,ygaC,2948813,0.0145982737,Function unknown,#708090,
STM2802,ygaM,2949313,0.0162631825,Function unknown,#708090,
STM2803,STM2803,2949735,0.0067239217000000006,Transcription,#f4a460,
STM2804,STM2804,2951158,0.0027516995,Function unknown,#708090,
STM2805,nrdH,2951861,0.0398543993,"Post-translational modification, protein turnover,and chaperones",#87ceeb,
STM2806,nrdI,2952103,0.0175731169,Nucleotide transport and metabolism,#00bfbf,
STM2807,nrdE,2952486,-0.0050738599,Nucleotide transport and metabolism,#00bfbf,
STM2808,nrdF,2954641,-0.0098151157,Nucleotide transport and metabolism,#00bfbf,
STM2809,proV,2955955,-0.004002037,Inorganic ion transport and metabolism,#0000ff,
STM2810,proW,2957150,0.0012944357,Inorganic ion transport and metabolism,#0000ff,
STM2811,proX,2958284,0.0020200403,Amino acid transport and metabolism,#ff0000,
STM2812,STM2812,2959444,0.0218273715,Amino acid transport and metabolism,#ff0000,
STM2813,emrR,2961125,0.0104478231,Transcription,#f4a460,
STM2814,emrA,2961782,0.0078551109,Defense mechanisms,#d3d3d3,
STM2815,emrB,2962971,0.0072902082,"Intracellular trafficking, secretion, and vesicular transport",#8b4513,
STM2816,STM2816,2964558,0.008901691100000001,Function unknown,#708090,
STM2817,luxS,2966274,-0.001104968,Coenzyme transport and metabolism,#008000,
STM2818,gshA,2966939,0.006125248000000001,Nucleotide transport and metabolism,#00bfbf,
STM2819,yqaA,2968572,0.0067642656,Function unknown,#708090,
STM2820,yqaB,2968994,-0.0060318094,Function unknown,#708090,
STM2826,csrA,2970955,-0.0039263336,"Translation, ribosomal structure and biogenesis",#000000,
STM2827,alaS,2971375,-0.0004904954,"Translation, ribosomal structure and biogenesis",#000000,
STM2828,oraA,2974241,-0.0007708542,Function unknown,#708090,
STM2829,recA,2974858,0.0099452286,"Replication, recombination and repair",#ff00ff,
STM2830,ygaD,2976004,0.0047410025,Function unknown,#708090,
STM2831,mltB,2976979,-0.0016052811,Cell wall/membrane/envelope biogenesis,#c71585,
STM2832,srlA,2978312,0.020081457100000002,Carbohydrate transport and metabolism,#ffc0cb,
STM2833,srlE,2978872,-0.0078774805,Carbohydrate transport and metabolism,#ffc0cb,
STM2834,slrB,2979855,-0.001556307,Carbohydrate transport and metabolism,#ffc0cb,
STM2835,srlD,2980229,-0.0070823854,Lipid transport and metabolism,#40e0d0,
STM2836,gutM,2981084,0.011361315700000001,Transcription,#f4a460,
STM2837,srlR,2981641,-0.0031747457000000003,Transcription,#f4a460,
STM2838,gutQ,2982446,-0.0027407892,Nucleotide transport and metabolism,#00bfbf,
STM2839,ygaA,2983369,-0.0053807314,Transcription,#f4a460,
STM2840,STM2840,2985075,-0.0012670793,Energy production and conversion,#90ee90,
STM2841,ygbD,2986511,0.0029463065000000003,Energy production and conversion,#90ee90,
STM2842,hypF,2987741,-0.0119146799,"Post-translational modification, protein turnover,and chaperones",#87ceeb,
STM2843,hydN,2990127,-0.0029545273000000003,Energy production and conversion,#90ee90,
STM2844,STM2844,2990873,0.0007713276,No COG annotation,#87cefa,
STM2845,hycI,2991709,-0.0110963827,Amino acid transport and metabolism,#ff0000,
STM2846,hycH,2992172,-0.0070651049,Amino acid transport and metabolism,#ff0000,
STM2847,hycG,2992579,-0.0134568434,Energy production and conversion,#90ee90,
STM2848,hycF,2993346,0.0024056275,Energy production and conversion,#90ee90,
STM2849,hycE,2993898,-0.0048194136,Energy production and conversion,#90ee90,
STM2850,hycD,2995625,0.0042901696,Energy production and conversion,#90ee90,
STM2851,hycC,2996551,0.0047333262000000004,Energy production and conversion,#90ee90,
STM2852,hycB,2998377,0.00044217970000000003,Energy production and conversion,#90ee90,
STM2853,hycA,2999131,0.0251063836,Amino acid transport and metabolism,#ff0000,
STM2854,hypA,2999802,-0.0085032385,Function unknown,#708090,
STM2855,hypB,3000227,-0.009458603000000001,Transcription,#f4a460,
STM2856,hypC,3001090,-0.0127269879,"Post-translational modification, protein turnover,and chaperones",#87ceeb,
STM2857,hypD,3001362,-0.0130133213,"Post-translational modification, protein turnover,and chaperones",#87ceeb,
STM2858,hypE,3002522,-0.0058320970000000005,"Post-translational modification, protein turnover,and chaperones",#87ceeb,
STM2859,fhlA,3003709,-0.0015090906,Transcription,#f4a460,
STM2860,ygbA,3005849,0.00048501900000000005,Function unknown,#708090,
STM2861,sitA,3006375,-0.014058107200000001,Inorganic ion transport and metabolism,#0000ff,
STM2862,sitB,3007289,-0.0029589278,Inorganic ion transport and metabolism,#0000ff,
STM2863,sitC,3008107,-0.0027658382,Inorganic ion transport and metabolism,#0000ff,
STM2864,sitD,3008958,0.000457115,Inorganic ion transport and metabolism,#0000ff,
STM2865,avrA,3009905,0.0068870636,Function unknown,#708090,
STM2866,sprB,3010974,-0.0078982944,Transcription,#f4a460,
STM2867,hilC,3012114,0.0336136628,Transcription,#f4a460,
STM2868,STM2868,3013346,-0.0057709665,No COG annotation,#87cefa,
STM2869,orgA,3013795,-7.37994e-05,Function unknown,#708090,
STM2870,STM2870,3014432,0.0065254168,Function unknown,#708090,
STM2871,prgK,3015003,0.0063149677,"Intracellular trafficking, secretion, and vesicular transport",#8b4513,
STM2872,prgJ,3015758,0.008101037,No COG annotation,#87cefa,
STM2873,prgI,3016082,-0.0043811855,Function unknown,#708090,
STM2874,prgH,3016349,-0.0115511754,Function unknown,#708090,
STM2875,hilD,3017843,-0.0161215203,Transcription,#f4a460,
STM2876,hilA,3019863,0.0157971148,Transcription,#f4a460,
STM2877,iagB,3021542,0.0008297401000000001,Cell wall/membrane/envelope biogenesis,#c71585,
STM2878,sptP,3022078,0.0076557702,Signal transduction mechanisms,#00ff00,
STM2879,sicP,3023696,0.0131689104,Function unknown,#708090,
STM2881,iacP,3024419,0.0064380921,Lipid transport and metabolism,#40e0d0,
STM2882,sipA,3024686,0.0051446832,Function unknown,#708090,
STM2883,sipD,3026762,0.000714904,Function unknown,#708090,
STM2884,sipC,3027864,-0.0180038103,Function unknown,#708090,
STM2885,sipB,3029121,-0.0112474435,Function unknown,#708090,
STM2886,sicA,3030905,0.0022113574,Transcription,#f4a460,
STM2887,spaS,3031540,0.0260248506,Cell motility,#da70d6,
STM2888,spaR,3032597,0.0068434916,"Intracellular trafficking, secretion, and vesicular transport",#8b4513,
STM2889,spaQ,3033392,0.026049358,"Intracellular trafficking, secretion, and vesicular transport",#8b4513,
STM2890,spaP,3033678,0.0045569059,"Intracellular trafficking, secretion, and vesicular transport",#8b4513,
STM2891,spaO,3034342,0.0195095952,Cell motility,#da70d6,
STM2892,invJ,3035253,0.01544762,Function unknown,#708090,
STM2893,invI,3036263,0.0083450035,Function unknown,#708090,
STM2894,invC,3036684,0.0072316006000000006,Nucleotide transport and metabolism,#00bfbf,
STM2895,invB,3037976,-0.0181672621,Function unknown,#708090,
STM2896,invA,3038407,0.0010387784,"Intracellular trafficking, secretion, and vesicular transport",#8b4513,
STM2897,invE,3040489,-0.000336387,Function unknown,#708090,
STM2898,invG,3041604,-0.0048386269,Cell motility,#da70d6,
STM2899,invF,3043289,0.006882413600000001,Transcription,#f4a460,
STM2900,invH,3044396,0.0016947203000000001,Function unknown,#708090,
STM2903,STM2903,3046324,-0.006566733700000001,No COG annotation,#87cefa,
STM2904,STM2904,3047339,0.0030740178,Function unknown,#708090,
STM2905,STM2905,3047626,0.0008833560000000001,Transcription,#f4a460,
STM2907,pphB,3048778,-0.0074152275000000005,Signal transduction mechanisms,#00ff00,
STM2909,mutS,3050286,-0.0066634548,Nucleotide transport and metabolism,#00bfbf,
STM2910,STM2910,3052909,-0.0034793072,Function unknown,#708090,
STM2912,STM2912,3054582,-0.0045250839,Transcription,#f4a460,
STM2913,STM2913,3055556,-0.0009434852,Amino acid transport and metabolism,#ff0000,
STM2914,STM2914,3057049,0.0103052443,Cell wall/membrane/envelope biogenesis,#c71585,
STM2915,ygbM,3058039,0.0025779711,Carbohydrate transport and metabolism,#ffc0cb,
STM2916,ygbL,3058820,0.0053465045,Carbohydrate transport and metabolism,#ffc0cb,
STM2917,ygbK,3059455,0.018352321600000002,Function unknown,#708090,
STM2918,ygbJ,3060711,0.012095204200000001,Lipid transport and metabolism,#40e0d0,
STM2919,ygbI,3061831,-0.0073083054,Transcription,#f4a460,
STM2920,STM2920,3062614,-0.018201917800000002,Transcription,#f4a460,
STM2921,STM2921,3063189,0.0024833441,Coenzyme transport and metabolism,#008000,
STM2922,STM2922,3063782,0.0025094647,Coenzyme transport and metabolism,#008000,
STM2923,STM2923,3065220,-0.0128442118,Function unknown,#708090,
STM2924,rpoS,3065501,-0.0036307109,Transcription,#f4a460,
STM2925,nlpD,3066556,-0.004498795,Cell wall/membrane/envelope biogenesis,#c71585,
STM2926,pcm,3067865,-0.0008234361,"Translation, ribosomal structure and biogenesis",#000000,
STM2927,surE,3068485,0.002412518,Nucleotide transport and metabolism,#00bfbf,
STM2928,ygbO,3069227,0.0036230865,"Translation, ribosomal structure and biogenesis",#000000,
STM2929,ispF,3070273,-0.0010442364,Nucleotide transport and metabolism,#00bfbf,
STM2930,ispD,3070752,-0.0019353902,Lipid transport and metabolism,#40e0d0,
STM2931,ygbQ,3071481,0.0038008157,"Cell cycle control, cell division, chromosome partitioning",#bfbf00,
STM2933,cysC,3072357,0.013237857300000001,Nucleotide transport and metabolism,#00bfbf,
STM2934,cysN,3072949,0.0075524051,Coenzyme transport and metabolism,#008000,
STM2935,cysD,3074398,0.0080962446,Coenzyme transport and metabolism,#008000,
STM2936,iap,3075557,0.0016507001,Function unknown,#708090,
STM2937,ygbF,3078251,0.0033035197000000002,"Replication, recombination and repair",#ff00ff,
STM2938,STM2938,3078544,0.0041132618,"Replication, recombination and repair",#ff00ff,
STM2939,ygcH,3079461,0.0002590611,Function unknown,#708090,
STM2940,STM2940,3080093,-0.0045273446,Function unknown,#708090,
STM2941,yghJ,3080850,-0.0043825305000000005,"Replication, recombination and repair",#ff00ff,
STM2942,STM2942,3081922,-0.0053724342,Function unknown,#708090,
STM2943,STM2943,3082479,-0.0041832936000000005,Function unknown,#708090,
STM2944,ygcB,3084047,-0.0087140081,"Replication, recombination and repair",#ff00ff,
STM2945,sopD,3087155,-0.0184566653,Transcription,#f4a460,
STM2946,cysH,3088196,-0.0020389958,Amino acid transport and metabolism,#ff0000,
STM2947,cysI,3089006,-0.0055581070000000005,Coenzyme transport and metabolism,#008000,
STM2948,cysJ,3090718,0.0056459321,Amino acid transport and metabolism,#ff0000,
STM2949,ptpS,3092941,-0.0143015603,Coenzyme transport and metabolism,#008000,
STM2950,STM2950,3093391,0.0009230767,Function unknown,#708090,
STM2951,ygcF,3096564,-0.0054312481,Coenzyme transport and metabolism,#008000,
STM2952,eno,3097371,0.0013224658000000002,Nucleotide transport and metabolism,#00bfbf,
STM2953,pyrG,3098752,-0.0080105659,Nucleotide transport and metabolism,#00bfbf,
STM2954,mazG,3100617,-0.0081386835,Function unknown,#708090,
STM2956,relA,3102887,-0.0047697335000000006,Transcription,#f4a460,
STM2957,ygcA,3105173,0.0100145272,"Translation, ribosomal structure and biogenesis",#000000,
STM2958,barA,3106526,-0.0048901788000000005,Signal transduction mechanisms,#00ff00,
STM2959,STM2959,3109326,-0.0062635138,Carbohydrate transport and metabolism,#ffc0cb,
STM2960,gudD,3110546,-0.0117666327,Cell wall/membrane/envelope biogenesis,#c71585,
STM2961,ygcY,3111907,-0.0071361142,Cell wall/membrane/envelope biogenesis,#c71585,
STM2962,gudT,3113244,0.0013529069,Carbohydrate transport and metabolism,#ffc0cb,
STM2963,STM2963,3115083,-0.0140320749,Energy production and conversion,#90ee90,
STM2964,yqcB,3115551,-0.0044261041,"Translation, ribosomal structure and biogenesis",#000000,
STM2965,yqcC,3116333,0.0020506198,Function unknown,#708090,
STM2967,syd,3117274,-0.0121200891,Function unknown,#708090,
STM2968,yqcD,3117888,0.0040756693,Nucleotide transport and metabolism,#00bfbf,
STM2969,ygdH,3118849,-0.0092718442,Function unknown,#708090,
STM2970,sdaC,3120778,-0.0022222659,Amino acid transport and metabolism,#ff0000,
STM2971,sdaB,3122126,-0.0011246854,Amino acid transport and metabolism,#ff0000,
STM2972,exo,3123604,-0.0037662251000000002,"Replication, recombination and repair",#ff00ff,
STM2973,fucO,3124511,-0.0039716698,Energy production and conversion,#90ee90,
STM2974,fucA,3125676,0.005906812,Carbohydrate transport and metabolism,#ffc0cb,
STM2976,fucI,3128226,-0.011930853,Carbohydrate transport and metabolism,#ffc0cb,
STM2977,fucK,3130102,-0.009330100800000001,Nucleotide transport and metabolism,#00bfbf,
STM2978,fucU,3131522,-0.0080545561,Carbohydrate transport and metabolism,#ffc0cb,
STM2979,fucR,3132002,-0.000181236,Transcription,#f4a460,
STM2980,ygdE,3132771,-0.0083264557,"Translation, ribosomal structure and biogenesis",#000000,
STM2981,ygdD,3133864,-0.0016791608000000001,Function unknown,#708090,
STM2982,gcvA,3134278,-0.0114166052,Transcription,#f4a460,
STM2983,ygdI,3135542,-0.014807169600000001,Cell wall/membrane/envelope biogenesis,#c71585,
STM2984,csdA,3135962,-0.0009095401000000001,Amino acid transport and metabolism,#ff0000,
STM2985,ygdK,3137167,-0.0085354308,Function unknown,#708090,
STM2986,STM2986,3137910,-0.0268212515,Function unknown,#708090,
STM2987,ygdL,3138849,-0.0039325641,Coenzyme transport and metabolism,#008000,
STM2988,mltA,3139765,-0.0001766077,Cell wall/membrane/envelope biogenesis,#c71585,
STM2991,amiC,3141362,-0.0026922264,Cell wall/membrane/envelope biogenesis,#c71585,
STM2992,argA,3142848,-0.0050810301,Amino acid transport and metabolism,#ff0000,
STM2993,recD,3144282,0.0027147776,"Replication, recombination and repair",#ff00ff,
STM2994,recB,3146114,0.0062429331000000005,"Replication, recombination and repair",#ff00ff,
STM2995,ptr,3149652,0.0076088031,"Post-translational modification, protein turnover,and chaperones",#87ceeb,
STM2996,recC,3152718,-0.0002778873,"Replication, recombination and repair",#ff00ff,
STM2997,ppdC,3156105,-0.0113799034,Cell motility,#da70d6,
STM2998,ygdB,3156410,-0.0018637329,Function unknown,#708090,
STM2999,ppdB,3156814,-0.0073946478,"Intracellular trafficking, secretion, and vesicular transport",#8b4513,
STM3000,ppdA,3157368,-0.0151835808,Cell motility,#da70d6,
STM3001,thyA,3158023,-0.0025939146,Nucleotide transport and metabolism,#00bfbf,
STM3002,lgt,3158824,0.0043602791,Cell wall/membrane/envelope biogenesis,#c71585,
STM3003,ptsP,3159915,0.0016078748,Signal transduction mechanisms,#00ff00,
STM3004,ygdP,3162174,-0.00031694270000000004,"Replication, recombination and repair",#ff00ff,
STM3005,mutH,3163387,-0.0071688982,"Replication, recombination and repair",#ff00ff,
STM3006,ygdQ,3164264,-0.0122902034,Inorganic ion transport and metabolism,#0000ff,
STM3007,ygdR,3165147,-0.0029098066000000002,Cell wall/membrane/envelope biogenesis,#c71585,
STM3008,tas,3165556,0.0186456568,Energy production and conversion,#90ee90,
STM3009,ygeD,3166683,0.0081708877,"Intracellular trafficking, secretion, and vesicular transport",#8b4513,
STM3010,aas,3167878,-0.0029920037000000003,Lipid transport and metabolism,#40e0d0,
STM3011,galR,3170630,0.0016679664,Transcription,#f4a460,
STM3013,lysA,3172701,0.0217915662,Amino acid transport and metabolism,#ff0000,
STM3014,lysR,3174081,-0.008028070600000001,Transcription,#f4a460,
STM3015,ygeA,3174988,-0.0057527298,Carbohydrate transport and metabolism,#ffc0cb,
STM3016,araE,3175808,-0.0040944357,Amino acid transport and metabolism,#ff0000,
STM3017,kduD,3177580,0.0038080403,Lipid transport and metabolism,#40e0d0,
STM3018,kduI,3178398,-0.0069826017,Carbohydrate transport and metabolism,#ffc0cb,
STM3019,yqeF,3179664,0.013942881800000001,Lipid transport and metabolism,#40e0d0,
STM3020,STM3020,3180965,-0.010765223400000001,Transcription,#f4a460,
STM3021,STM3021,3181905,-0.019858059900000002,Function unknown,#708090,
STM3022,STM3022,3182529,-0.0069565633,Amino acid transport and metabolism,#ff0000,
STM3023,yohL,3183789,0.0431854298,Function unknown,#708090,
STM3025,STM3025,3185259,0.0038792870000000004,Transcription,#f4a460,
STM3026,STM3026,3186660,0.0068292162,Function unknown,#708090,
STM3027,stdC,3187733,0.021171136,Cell wall/membrane/envelope biogenesis,#c71585,
STM3028,stdB,3188517,0.021181998400000002,Cell motility,#da70d6,
STM3029,stdA,3191126,0.0307884091,Cell motility,#da70d6,
STM3030,STM3030,3192429,0.0009783586000000001,Function unknown,#708090,
STM3031,STM3031,3193108,-0.0024923326,Cell wall/membrane/envelope biogenesis,#c71585,
STM3033,STM3033,3195162,-0.0036826797,Function unknown,#708090,
STM3036,STM3036,3196490,0.0003602314,Lipid transport and metabolism,#40e0d0,
STM3038,STM3038,3197581,-0.0033117294,Cell wall/membrane/envelope biogenesis,#c71585,
STM3039,idi,3198604,0.0003002621,Nucleotide transport and metabolism,#00bfbf,
STM3040,lysS,3199225,0.0006176749,"Translation, ribosomal structure and biogenesis",#000000,
STM3041,prfB,3200752,-0.0003979602,"Translation, ribosomal structure and biogenesis",#000000,
STM3042,recJ,3201955,0.0015989056,"Replication, recombination and repair",#ff00ff,
STM3043,dsbC,3203694,0.0025629653,"Post-translational modification, protein turnover,and chaperones",#87ceeb,
STM3044,xerD,3204431,0.0018856044,"Replication, recombination and repair",#ff00ff,
STM3045,fldB,3205440,-0.010926505900000001,Energy production and conversion,#90ee90,
STM3046,ygfX,3206014,-0.004703564,Function unknown,#708090,
STM3047,ygfY,3206408,-0.0028527661,Function unknown,#708090,
STM3048,ygfZ,3206924,-0.0093697265,"Translation, ribosomal structure and biogenesis",#000000,
STM3049,yqfA,3208020,0.010091310400000001,Function unknown,#708090,
STM3050,yqfB,3208843,-0.0136904994,Function unknown,#708090,
STM3051,bglA,3209313,-0.0014271328,Carbohydrate transport and metabolism,#ffc0cb,
STM3052,STM3052,3210794,-0.00577815,Energy production and conversion,#90ee90,
STM3053,gcvP,3212143,0.0027681016,Amino acid transport and metabolism,#ff0000,
STM3054,gcvH,3215179,-0.0021170461,Amino acid transport and metabolism,#ff0000,
STM3055,gcvT,3215594,-0.004850049600000001,Amino acid transport and metabolism,#ff0000,
STM3056,visC,3217143,-0.0054032491,Energy production and conversion,#90ee90,
STM3057,ubiH,3218471,0.0040700584,Energy production and conversion,#90ee90,
STM3058,pepP,3219646,0.0006247903000000001,Amino acid transport and metabolism,#ff0000,
STM3059,ygfB,3220988,0.0021850316000000002,Function unknown,#708090,
STM3060,ygfE,3221733,-0.0074683374,"Cell cycle control, cell division, chromosome partitioning",#bfbf00,
STM3061,ygfA,3222356,-0.0023642591,Coenzyme transport and metabolism,#008000,
STM3062,serA,3223285,0.0014235468,Amino acid transport and metabolism,#ff0000,
STM3063,rpiA,3224783,0.0007738625,Carbohydrate transport and metabolism,#ffc0cb,
STM3064,iciA,3225596,0.0009856736,Transcription,#f4a460,
STM3065,yggE,3226755,0.004563992,Function unknown,#708090,
STM3066,yggA,3227595,0.012033683100000001,"Intracellular trafficking, secretion, and vesicular transport",#8b4513,
STM3067,yggB,3228430,0.0064094508,Cell wall/membrane/envelope biogenesis,#c71585,
STM3068,fba,3229517,-0.005874589800000001,Carbohydrate transport and metabolism,#ffc0cb,
STM3069,pgk,3230698,0.0066567562,Nucleotide transport and metabolism,#00bfbf,
STM3070,epd,3231883,0.0077985424000000005,Coenzyme transport and metabolism,#008000,
STM3071,STM3071,3233303,-0.0124516981,Function unknown,#708090,
STM3072,STM3072,3233754,-0.0059310068,Signal transduction mechanisms,#00ff00,
STM3073,STM3073,3234333,-0.0223492172,Inorganic ion transport and metabolism,#0000ff,
STM3074,STM3074,3235028,-0.0102481194,Inorganic ion transport and metabolism,#0000ff,
STM3076,tktA,3236399,0.0052622066,Carbohydrate transport and metabolism,#ffc0cb,
STM3077,yggG,3238666,0.012247959800000001,"Post-translational modification, protein turnover,and chaperones",#87ceeb,
STM3078,speB,3239525,0.011810391200000001,Nucleotide transport and metabolism,#00bfbf,
STM3079,STM3079,3240650,0.0039554781,Lipid transport and metabolism,#40e0d0,
STM3080,STM3080,3241820,0.0021070908,Carbohydrate transport and metabolism,#ffc0cb,
STM3081,STM3081,3242332,-0.0045427533,Energy production and conversion,#90ee90,
STM3082,STM3082,3243353,0.0174672436,Amino acid transport and metabolism,#ff0000,
STM3083,STM3083,3244372,0.0069232349,Carbohydrate transport and metabolism,#ffc0cb,
STM3084,STM3084,3247104,-0.0001537671,Transcription,#f4a460,
STM3085,STM3085,3248058,-0.0119087646,No COG annotation,#87cefa,
STM3086,speA,3248933,0.0051475356,Coenzyme transport and metabolism,#008000,
STM3087,yqgB,3250918,-0.0015699420000000002,Function unknown,#708090,
STM3090,metK,3251699,-0.0096988671,Coenzyme transport and metabolism,#008000,
STM3091,galP,3253346,0.0169184049,"Intracellular trafficking, secretion, and vesicular transport",#8b4513,
STM3092,sprT,3254819,-0.0055896736,Function unknown,#708090,
STM3093,endA,3255411,-0.0111962193,"Replication, recombination and repair",#ff00ff,
STM3094,yggJ,3256147,-0.0051694114,Coenzyme transport and metabolism,#008000,
STM3095,gshB,3256946,-0.008444451700000001,Nucleotide transport and metabolism,#00bfbf,
STM3096,yqgE,3258109,-0.0067647104,Transcription,#f4a460,
STM3097,yqgF,3258672,-0.0072104793,"Translation, ribosomal structure and biogenesis",#000000,
STM3098,STM3098,3259135,-0.006582231,Transcription,#f4a460,
STM3099,yggR,3259953,-0.0005628483,Cell motility,#da70d6,
STM3100,yggS,3260951,-0.008259692800000001,Amino acid transport and metabolism,#ff0000,
STM3101,yggT,3261674,-0.0106401802,Function unknown,#708090,
STM3102,yggU,3262237,-0.0007700759,Function unknown,#708090,
STM3103,yggV,3262535,-0.008523857000000001,Nucleotide transport and metabolism,#00bfbf,
STM3104,yggW,3263121,-0.013951455900000001,Coenzyme transport and metabolism,#008000,
STM3105,yggM,3264348,-0.0018613673000000002,Function unknown,#708090,
STM3106,ansB,3265488,-0.010956308100000001,Amino acid transport and metabolism,#ff0000,
STM3107,yggN,3266723,-0.0091897036,Function unknown,#708090,
STM3108,yggL,3267492,-0.0088324371,Function unknown,#708090,
STM3109,yggH,3267818,-0.0107037865,"Translation, ribosomal structure and biogenesis",#000000,
STM3110,mutY,3268692,0.0023472002,"Replication, recombination and repair",#ff00ff,
STM3111,yggX,3269772,0.007052361300000001,Energy production and conversion,#90ee90,
STM3112,mltC,3270160,-0.0092023698,Cell wall/membrane/envelope biogenesis,#c71585,
STM3114,speC,3272780,0.0024707778000000002,Amino acid transport and metabolism,#ff0000,
STM3115,yqgA,3275340,-0.0005215808000000001,Function unknown,#708090,
STM3118,STM3118,3276832,-0.0065717044,Energy production and conversion,#90ee90,
STM3119,STM3119,3278182,-0.0015361237000000002,Lipid transport and metabolism,#40e0d0,
STM3120,STM3120,3278733,-0.0057207853000000005,Carbohydrate transport and metabolism,#ffc0cb,
STM3121,STM3121,3279667,-0.0033251799,Transcription,#f4a460,
STM3122,STM3122,3280593,-0.015062613800000001,Inorganic ion transport and metabolism,#0000ff,
STM3123,STM3123,3282401,-0.0232779632,Energy production and conversion,#90ee90,
STM3124,STM3124,3284097,0.0059227696,Transcription,#f4a460,
STM3125,STM3125,3284884,-0.00036507520000000004,Function unknown,#708090,
STM3126,STM3126,3285419,-0.0047118665,Amino acid transport and metabolism,#ff0000,
STM3127,STM3127,3287127,-0.0166650324,Function unknown,#708090,
STM3128,STM3128,3287516,-0.0162067291,Amino acid transport and metabolism,#ff0000,
STM3129,STM3129,3288979,-0.011043702,Energy production and conversion,#90ee90,
STM3130,STM3130,3290599,-0.0027088150000000003,Function unknown,#708090,
STM3131,STM3131,3290979,-0.0030669177,Function unknown,#708090,
STM3132,STM3132,3292190,0.0061918328,Carbohydrate transport and metabolism,#ffc0cb,
STM3134,STM3134,3294426,0.024322084900000002,Carbohydrate transport and metabolism,#ffc0cb,
STM3135,STM3135,3296135,-0.0001221346,Carbohydrate transport and metabolism,#ffc0cb,
STM3136,STM3136,3297430,0.0032167012000000003,Energy production and conversion,#90ee90,
STM3137,STM3137,3298914,0.0126445121,Carbohydrate transport and metabolism,#ffc0cb,
STM3138,STM3138,3300626,0.0138089497,Cell motility,#da70d6,
STM3139,gsp,3302354,-0.0100321339,Amino acid transport and metabolism,#ff0000,
STM3140,yghU,3304437,0.0039762943000000005,"Post-translational modification, protein turnover,and chaperones",#87ceeb,
STM3141,STM3141,3305371,-0.0054351215,Inorganic ion transport and metabolism,#0000ff,
STM3142,STM3142,3306081,-0.000670922,Inorganic ion transport and metabolism,#0000ff,
STM3143,hybG,3307209,-0.0050034468,"Post-translational modification, protein turnover,and chaperones",#87ceeb,
STM3144,hybF,3307485,0.0031163133,Function unknown,#708090,
STM3145,hybE,3307819,-0.002210735,Energy production and conversion,#90ee90,
STM3146,hybD,3308300,-0.0027098255,Energy production and conversion,#90ee90,
STM3147,hybC,3308794,-0.0028715537,Energy production and conversion,#90ee90,
STM3148,hybB,3310494,0.0026442758,Energy production and conversion,#90ee90,
STM3149,hybA,3311662,0.0034256825,Energy production and conversion,#90ee90,
STM3150,hypO,3312651,0.0042819744,Energy production and conversion,#90ee90,
STM3151,yghW,3313959,0.0001997137,Function unknown,#708090,
STM3152,STM3152,3314331,0.0018526893000000001,Cell motility,#da70d6,
STM3153,yqhA,3316281,-0.0100782284,Function unknown,#708090,
STM3154,STM3154,3317055,0.0216295699,No COG annotation,#87cefa,
STM3155,STM3155,3317662,0.0117502681,No COG annotation,#87cefa,
STM3156,STM3156,3318059,-0.0009799196,No COG annotation,#87cefa,
STM3157,yghA,3318587,-0.018791919100000002,Lipid transport and metabolism,#40e0d0,
STM3158,exbD,3319584,-0.0064261859,"Intracellular trafficking, secretion, and vesicular transport",#8b4513,
STM3159,exbB,3320016,-0.0013928830000000001,"Intracellular trafficking, secretion, and vesicular transport",#8b4513,
STM3160,STM3160,3320743,-0.0009891623000000001,No COG annotation,#87cefa,
STM3161,metC,3321002,0.0015066176,Amino acid transport and metabolism,#ff0000,
STM3162,yghB,3322329,-0.0016225524000000001,Function unknown,#708090,
STM3163,yqhC,3323052,-0.0031183373,Transcription,#f4a460,
STM3164,yqhD,3324144,-0.012150996,Energy production and conversion,#90ee90,
STM3165,yqhE,3325413,-0.018695634500000002,Function unknown,#708090,
STM3166,STM3166,3326406,-0.0051724537,Inorganic ion transport and metabolism,#0000ff,
STM3167,STM3167,3327935,0.0055986921,Nucleotide transport and metabolism,#00bfbf,
STM3168,ygiR,3328945,0.0081542553,Energy production and conversion,#90ee90,
STM3169,STM3169,3331604,0.0217350922,Carbohydrate transport and metabolism,#ffc0cb,
STM3170,STM3170,3332629,-0.0084565004,Carbohydrate transport and metabolism,#ffc0cb,
STM3171,ygiK,3333122,-0.0017659263,Carbohydrate transport and metabolism,#ffc0cb,
STM3172,sufI,3334474,-0.0083909921,"Cell cycle control, cell division, chromosome partitioning",#bfbf00,
STM3173,plsC,3335960,-0.013110292800000001,Lipid transport and metabolism,#40e0d0,
STM3174,parC,3336954,0.0039261192000000006,"Replication, recombination and repair",#ff00ff,
STM3175,STM3175,3339323,-0.0029458676000000002,Transcription,#f4a460,
STM3176,ygiW,3340261,0.0010256475000000001,Function unknown,#708090,
STM3177,ygiX,3340805,-0.0044875932,Transcription,#f4a460,
STM3178,ygiY,3341461,0.0010264524,Signal transduction mechanisms,#00ff00,
STM3179,mdaB,3342917,-0.0080340483,Function unknown,#708090,
STM3180,ygiN,3343530,-0.0008088525,Function unknown,#708090,
STM3181,parE,3343969,-0.004923304,"Replication, recombination and repair",#ff00ff,
STM3182,yqiA,3345889,0.009570268600000001,Function unknown,#708090,
STM3183,icc,3346470,-0.0059382238000000006,Nucleotide transport and metabolism,#00bfbf,
STM3184,yqiB,3347322,0.0007237236,Function unknown,#708090,
STM3185,yqiE,3347741,-0.0020161743,"Replication, recombination and repair",#ff00ff,
STM3186,tolC,3348574,-0.0036320370000000003,Cell wall/membrane/envelope biogenesis,#c71585,
STM3187,ygiB,3350262,-0.0066252858,Function unknown,#708090,
STM3188,ygiC,3350939,-0.0064486262,Amino acid transport and metabolism,#ff0000,
STM3189,ygiD,3352164,0.006265644900000001,Function unknown,#708090,
STM3190,ygiE,3353093,0.0065778804000000005,Inorganic ion transport and metabolism,#0000ff,
STM3193,STM3193,3356324,-0.0012093219,Cell wall/membrane/envelope biogenesis,#c71585,
STM3194,STM3194,3357010,-0.0048991703,Energy production and conversion,#90ee90,
STM3195,ribB,3357858,0.026699909100000002,Coenzyme transport and metabolism,#008000,
STM3196,yqiC,3358888,-0.010356076700000001,Function unknown,#708090,
STM3197,glgS,3359321,0.0008606963,Function unknown,#708090,
STM3198,STM3198,3359788,-0.0079384745,"Post-translational modification, protein turnover,and chaperones",#87ceeb,
STM3199,yqiK,3360427,0.0028391076,Function unknown,#708090,
STM3200,rfaE,3362566,0.0080223594,Nucleotide transport and metabolism,#00bfbf,
STM3201,glnE,3364047,0.0023052687,Coenzyme transport and metabolism,#008000,
STM3202,ygiF,3367008,0.0027067116000000003,Function unknown,#708090,
STM3203,ygiM,3368551,-0.004790239,Signal transduction mechanisms,#00ff00,
STM3204,cca,3369228,-0.0020622337,Nucleotide transport and metabolism,#00bfbf,
STM3205,bacA,3370574,0.0106376284,Defense mechanisms,#d3d3d3,
STM3206,folB,3371493,0.0481291962,Coenzyme transport and metabolism,#008000,
STM3207,ygiH,3371959,0.0503466173,Lipid transport and metabolism,#40e0d0,
STM3208,gcp,3372821,-0.0002904609,"Translation, ribosomal structure and biogenesis",#000000,
STM3209,rpsU,3374062,-0.0067152935,"Translation, ribosomal structure and biogenesis",#000000,
STM3210,dnaG,3374513,-0.0060327535,"Replication, recombination and repair",#ff00ff,
STM3211,rpoD,3376273,-0.0111695477,Transcription,#f4a460,
STM3212,mug,3378379,-0.0077617727,"Replication, recombination and repair",#ff00ff,
STM3214,yqjH,3379166,0.0005295903,Inorganic ion transport and metabolism,#0000ff,
STM3215,yqjI,3380165,-0.006763956000000001,Transcription,#f4a460,
STM3216,STM3216,3380809,-0.0181449929,Cell motility,#da70d6,
STM3217,aer,3382762,-0.012538880700000001,Signal transduction mechanisms,#00ff00,
STM3218,oat,3384802,-0.0031363714,Coenzyme transport and metabolism,#008000,
STM3219,fadH,3386262,0.0056210219,Energy production and conversion,#90ee90,
STM3220,ygjO,3388361,0.002204881,"Translation, ribosomal structure and biogenesis",#000000,
STM3222,ygjQ,3390232,-0.0187108607,Function unknown,#708090,
STM3223,ygjR,3391013,0.0072102466,Function unknown,#708090,
STM3224,ygjT,3392284,-0.0008464152000000001,Inorganic ion transport and metabolism,#0000ff,
STM3225,ygjU,3393507,0.0107707372,Amino acid transport and metabolism,#ff0000,
STM3226,yqjA,3395201,-0.006448758000000001,Function unknown,#708090,
STM3227,yqjB,3395867,-0.0007351416,Function unknown,#708090,
STM3228,yqjC,3396395,0.0023117615,Function unknown,#708090,
STM3230,yqjE,3397113,0.0029626071,Function unknown,#708090,
STM3231,yqjK,3397508,0.0072419971000000005,Function unknown,#708090,
STM3232,yqjF,3397952,0.0043736667,Function unknown,#708090,
STM3233,yqjG,3398505,-0.0048459707000000005,"Post-translational modification, protein turnover,and chaperones",#87ceeb,
STM3234,yhaH,3399615,-0.0016404654000000002,Function unknown,#708090,
STM3235,yhaJ,3400019,0.0049094493,Transcription,#f4a460,
STM3236,yhaK,3401020,0.012165280700000001,Function unknown,#708090,
STM3238,yhaN,3402022,0.0066919481,Function unknown,#708090,
STM3239,yhaO,3403358,0.0057034878,Amino acid transport and metabolism,#ff0000,
STM3240,tdcG,3405005,-0.0084373029,Amino acid transport and metabolism,#ff0000,
STM3241,tdcE,3406439,-0.0036617754,Energy production and conversion,#90ee90,
STM3242,tdcD,3408767,-0.0029624481,Nucleotide transport and metabolism,#00bfbf,
STM3243,tdcC,3410041,-0.0076861641,Amino acid transport and metabolism,#ff0000,
STM3244,tdcB,3411393,-0.0054228037,Amino acid transport and metabolism,#ff0000,
STM3245,tdcA,3412480,0.013646029,Transcription,#f4a460,
STM3247,garK,3415217,-0.0038467905000000003,Carbohydrate transport and metabolism,#ffc0cb,
STM3248,garR,3416460,-0.014535627800000001,Lipid transport and metabolism,#40e0d0,
STM3249,garL,3417376,-0.015210194100000001,Coenzyme transport and metabolism,#008000,
STM3250,garD,3418676,0.0130154154,Carbohydrate transport and metabolism,#ffc0cb,
STM3251,STM3251,3420487,-0.0009258674000000001,Carbohydrate transport and metabolism,#ffc0cb,
STM3252,agaR,3421445,0.0032431629000000003,Transcription,#f4a460,
STM3253,STM3253,3422612,0.0013704366,Nucleotide transport and metabolism,#00bfbf,
STM3254,STM3254,3423477,0.0097711212,Coenzyme transport and metabolism,#008000,
STM3261,STM3261,3430322,-0.0023681861,Amino acid transport and metabolism,#ff0000,
STM3262,STM3262,3431476,-0.019096978900000002,Transcription,#f4a460,
STM3263,yraL,3432407,-0.0037056397,Coenzyme transport and metabolism,#008000,
STM3264,yraM,3433334,-0.0110451414,Cell wall/membrane/envelope biogenesis,#c71585,
STM3265,yraN,3435334,-0.0060618582,"Replication, recombination and repair",#ff00ff,
STM3266,yraO,3435751,-0.0094576723,Carbohydrate transport and metabolism,#ffc0cb,
STM3267,yraP,3436351,0.0020476713,Function unknown,#708090,
STM3268,yraR,3436993,0.0043719263000000005,Carbohydrate transport and metabolism,#ffc0cb,
STM3269,yhbO,3437759,-0.0049774475,Function unknown,#708090,
STM3270,yhbP,3438257,-0.0001735435,Function unknown,#708090,
STM3271,yhbQ,3438738,0.009570040200000001,"Replication, recombination and repair",#ff00ff,
STM3272,yhbS,3439042,-0.0010769819,Function unknown,#708090,
STM3273,yhbT,3439539,-0.0059710187000000005,Lipid transport and metabolism,#40e0d0,
STM3274,yhbU,3440280,-0.014403610800000001,Amino acid transport and metabolism,#ff0000,
STM3275,yhbV,3441266,0.0026193997,"Post-translational modification, protein turnover,and chaperones",#87ceeb,
STM3276,yhbW,3442340,0.0079957901,Energy production and conversion,#90ee90,
STM3277,STM3277,3443325,-0.0040001768000000005,Function unknown,#708090,
STM3278,STM3278,3444203,0.0102270012,No COG annotation,#87cefa,
STM3279,mtr,3444794,-0.0089708999,"Intracellular trafficking, secretion, and vesicular transport",#8b4513,
STM3280,deaD,3446192,-0.0084745704,Nucleotide transport and metabolism,#00bfbf,
STM3281,nlpI,3448260,-0.0084559486,Function unknown,#708090,
STM3282,pnp,3449254,-0.0087230812,"Translation, ribosomal structure and biogenesis",#000000,
STM3283,rpsO,3451631,0.0019311842000000001,"Translation, ribosomal structure and biogenesis",#000000,
STM3284,truB,3452051,-0.0017017115,"Translation, ribosomal structure and biogenesis",#000000,
STM3285,rbfA,3452995,-0.0025886385,"Translation, ribosomal structure and biogenesis",#000000,
STM3286,infB,3453617,-0.0043419141,"Translation, ribosomal structure and biogenesis",#000000,
STM3287,nusA,3456320,-9.07648e-05,Transcription,#f4a460,
STM3288,yhbC,3457850,-0.0056730827,"Translation, ribosomal structure and biogenesis",#000000,
STM3290,argG,3458864,-0.0085121851,Nucleotide transport and metabolism,#00bfbf,
STM3291,STM3291,3460359,-0.0054442659,"Translation, ribosomal structure and biogenesis",#000000,
STM3294,mrsA,3462414,-0.0015931601,Carbohydrate transport and metabolism,#ffc0cb,
STM3295,folP,3463744,-0.0012397487,Coenzyme transport and metabolism,#008000,
STM3296,hflB,3464697,-0.010278701900000001,"Post-translational modification, protein turnover,and chaperones",#87ceeb,
STM3297,ftsJ,3466735,-0.0037198155,"Translation, ribosomal structure and biogenesis",#000000,
STM3298,yhbY,3467449,-0.0041590122,"Translation, ribosomal structure and biogenesis",#000000,
STM3299,greA,3467937,-0.0121518257,Transcription,#f4a460,
STM3300,dacB,3468661,-0.0019340366,Cell wall/membrane/envelope biogenesis,#c71585,
STM3301,yhbZ,3470226,-0.0048797759,Function unknown,#708090,
STM3303,rpmA,3472508,-0.0027469284,"Translation, ribosomal structure and biogenesis",#000000,
STM3304,rplU,3472785,-0.0068128507,"Translation, ribosomal structure and biogenesis",#000000,
STM3305,ispB,3473354,-0.0028000458,Coenzyme transport and metabolism,#008000,
STM3306,nlp,3474557,-0.007807528,Transcription,#f4a460,
STM3307,murA,3474902,0.0008506512000000001,Cell wall/membrane/envelope biogenesis,#c71585,
STM3308,yrbA,3476215,-0.0017261639,Transcription,#f4a460,
STM3309,yrbB,3476657,-0.0028766686,Function unknown,#708090,
STM3310,yrbC,3476953,-0.0032916617000000002,"Secondary metabolites biosynthesis, transport, and catabolism",#1e90ff,
STM3311,yrbD,3477607,-0.0027496852,"Secondary metabolites biosynthesis, transport, and catabolism",#1e90ff,
STM3312,yrbE,3478163,-0.0135359807,"Secondary metabolites biosynthesis, transport, and catabolism",#1e90ff,
STM3313,yrbF,3478953,0.0074605312,"Secondary metabolites biosynthesis, transport, and catabolism",#1e90ff,
STM3314,yrbG,3479978,-0.0043257249,Inorganic ion transport and metabolism,#0000ff,
STM3315,yrbH,3480969,0.003684638,Cell wall/membrane/envelope biogenesis,#c71585,
STM3316,yrbI,3481976,0.0079660543,Nucleotide transport and metabolism,#00bfbf,
STM3317,yrbK,3482539,0.0092352081,Function unknown,#708090,
STM3318,yhbN,3483083,0.0036482294,Function unknown,#708090,
STM3319,yhbG,3483644,0.0027421308,Function unknown,#708090,
STM3320,rpoN,3484417,-0.0149383059,Transcription,#f4a460,
STM3321,yhbH,3485873,-0.012865833,"Translation, ribosomal structure and biogenesis",#000000,
STM3322,ptsN,3486278,0.0041082568000000005,Carbohydrate transport and metabolism,#ffc0cb,
STM3323,yhbJ,3486815,-0.0031935711,Function unknown,#708090,
STM3324,ptsO,3487666,0.0052566571,Carbohydrate transport and metabolism,#ffc0cb,
STM3325,yrbL,3488187,-0.00374763,Transcription,#f4a460,
STM3326,mtgA,3488894,-0.0061919621,Cell wall/membrane/envelope biogenesis,#c71585,
STM3327,yhbL,3489619,7.940400000000001e-06,"Secondary metabolites biosynthesis, transport, and catabolism",#1e90ff,
STM3328,arcB,3490499,-0.0035078541,Signal transduction mechanisms,#00ff00,
STM3329,yhcC,3492929,-0.00018805890000000002,Function unknown,#708090,
STM3330,gltB,3494530,-0.0087922667,Amino acid transport and metabolism,#ff0000,
STM3331,gltD,3499000,-0.0018787739000000001,Amino acid transport and metabolism,#ff0000,
STM3332,yhcG,3500625,0.0033219793,Function unknown,#708090,
STM3333,STM3333,3501845,-0.0011130155000000001,Nucleotide transport and metabolism,#00bfbf,
STM3334,STM3334,3503085,0.0094950429,Nucleotide transport and metabolism,#00bfbf,
STM3335,yhcH,3504448,-0.0154408394,Carbohydrate transport and metabolism,#ffc0cb,
STM3336,nanK,3504912,0.0063786118000000004,Nucleotide transport and metabolism,#00bfbf,
STM3337,nanE,3505784,0.0028808327,Carbohydrate transport and metabolism,#ffc0cb,
STM3338,nanT,3506520,0.0223135139,Amino acid transport and metabolism,#ff0000,
STM3339,nanA,3508126,0.0179748233,Coenzyme transport and metabolism,#008000,
STM3340,yhcK,3509154,-0.003387572,Transcription,#f4a460,
STM3341,sspB,3510054,-0.0031704006,Function unknown,#708090,
STM3342,sspA,3510560,-0.0027983067,"Post-translational modification, protein turnover,and chaperones",#87ceeb,
STM3343,STM3343,3511461,-0.000922811,Function unknown,#708090,
STM3344,rpsI,3512413,0.0048562559,"Translation, ribosomal structure and biogenesis",#000000,
STM3345,rplM,3512821,-0.0003246115,"Translation, ribosomal structure and biogenesis",#000000,
STM3346,yhcM,3513552,0.0064420516,"Cell cycle control, cell division, chromosome partitioning",#bfbf00,
STM3347,yhcB,3514863,-0.0030350711,Function unknown,#708090,
STM3348,degQ,3515424,-0.0065575998,Cell wall/membrane/envelope biogenesis,#c71585,
STM3349,degS,3516884,-0.0077025985,Amino acid transport and metabolism,#ff0000,
STM3350,STM3350,3517988,-1.3020100000000001e-05,Coenzyme transport and metabolism,#008000,
STM3354,STM3354,3522254,0.019000684,Energy production and conversion,#90ee90,
STM3356,STM3356,3523803,0.0009542917,Inorganic ion transport and metabolism,#0000ff,
STM3357,STM3357,3525282,-0.0031744381,Transcription,#f4a460,
STM3358,STM3358,3525934,-0.0071447716000000005,Transcription,#f4a460,
STM3359,mdh,3526683,-0.001174026,Energy production and conversion,#90ee90,
STM3360,argR,3528035,0.0107000171,Transcription,#f4a460,
STM3361,yhcN,3528870,-0.0127638262,Function unknown,#708090,
STM3362,STM3362,3529237,-0.0188450545,Function unknown,#708090,
STM3363,yhcO,3529563,-0.0006531940000000001,Transcription,#f4a460,
STM3364,yhcP,3530007,-0.0064200085,"Intracellular trafficking, secretion, and vesicular transport",#8b4513,
STM3365,yhcQ,3531980,0.0016588261,Defense mechanisms,#d3d3d3,
STM3366,yhcR,3532920,-0.0227714767,Function unknown,#708090,
STM3367,yhcS,3533305,0.0010193978,Transcription,#f4a460,
STM3368,tldD,3534357,0.0058528794,Function unknown,#708090,
STM3369,yhdP,3535947,-0.0084303325,Function unknown,#708090,
STM3370,cafA,3539854,-0.0027035197,"Translation, ribosomal structure and biogenesis",#000000,
STM3371,yhdE,3541313,0.0007254901,"Cell cycle control, cell division, chromosome partitioning",#bfbf00,
STM3372,mreD,3541915,0.0021710602,Cell wall/membrane/envelope biogenesis,#c71585,
STM3373,mreC,3542406,0.0006354661,Cell wall/membrane/envelope biogenesis,#c71585,
STM3374,mreB,3543523,-0.006377673800000001,"Cell cycle control, cell division, chromosome partitioning",#bfbf00,
STM3375,yhdA,3544874,0.000321225,Signal transduction mechanisms,#00ff00,
STM3376,yhdH,3547018,-9.36866e-05,Energy production and conversion,#90ee90,
STM3377,STM3377,3548105,-0.0012090194000000001,Energy production and conversion,#90ee90,
STM3378,STM3378,3549110,-0.0009220978,Energy production and conversion,#90ee90,
STM3379,accB,3550102,-0.0191635247,Lipid transport and metabolism,#40e0d0,
STM3380,accC,3550583,-0.0118562383,Lipid transport and metabolism,#40e0d0,
STM3381,yhdT,3552041,0.0043085071,Function unknown,#708090,
STM3382,panF,3552273,-0.0107861886,Coenzyme transport and metabolism,#008000,
STM3383,prmA,3553736,-0.0017809682,"Translation, ribosomal structure and biogenesis",#000000,
STM3384,yhdG,3555278,-0.0031487861000000002,"Translation, ribosomal structure and biogenesis",#000000,
STM3385,fis,3556269,0.0074279714,Transcription,#f4a460,
STM3386,yhdJ,3556651,0.013322361100000001,Coenzyme transport and metabolism,#008000,
STM3387,yhdU,3557618,0.0020401887,Function unknown,#708090,
STM3388,STM3388,3557933,-0.0018935327,Signal transduction mechanisms,#00ff00,
STM3389,envR,3560035,-0.0068548472,Transcription,#f4a460,
STM3390,acrE,3561111,-0.0112703243,Cell wall/membrane/envelope biogenesis,#c71585,
STM3391,acrF,3562280,-0.0029331960000000003,"Intracellular trafficking, secretion, and vesicular transport",#8b4513,
STM3392,yhdV,3565629,-0.0072913356000000006,Cell wall/membrane/envelope biogenesis,#c71585,
STM3399,yrdA,3572489,-0.0102142277,Function unknown,#708090,
STM3400,yrdB,3573019,-0.0062519369,Function unknown,#708090,
STM3401,aroE,3573273,-0.003057062,Amino acid transport and metabolism,#ff0000,
STM3402,yrdC,3574096,0.0083354338,"Translation, ribosomal structure and biogenesis",#000000,
STM3403,yrdD,3574673,0.0118191982,"Replication, recombination and repair",#ff00ff,
STM3404,smg,3575242,0.0046953016,Function unknown,#708090,
STM3405,smf,3575687,-0.0065691465,"Replication, recombination and repair",#ff00ff,
STM3406,def,3576943,0.0067054163,"Translation, ribosomal structure and biogenesis",#000000,
STM3407,fmt,3577468,-0.00033487400000000003,"Translation, ribosomal structure and biogenesis",#000000,
STM3408,sun,3578467,-0.0003979318,"Translation, ribosomal structure and biogenesis",#000000,
STM3409,trkA,3579778,0.0028320367000000003,Inorganic ion transport and metabolism,#0000ff,
STM3410,mscL,3581296,0.0007336157,Cell wall/membrane/envelope biogenesis,#c71585,
STM3412,zntR,3581972,-0.0152103798,Transcription,#f4a460,
STM3413,yhdN,3582408,-0.009339153900000001,Function unknown,#708090,
STM3414,rplQ,3582884,0.012189023700000001,"Translation, ribosomal structure and biogenesis",#000000,
STM3415,rpoA,3583308,0.0059087411,Transcription,#f4a460,
STM3416,rpsD,3584323,0.0041793484,"Translation, ribosomal structure and biogenesis",#000000,
STM3417,rpsK,3584977,0.0014339036,"Translation, ribosomal structure and biogenesis",#000000,
STM3418,rpsM,3585383,0.0017006022000000001,"Translation, ribosomal structure and biogenesis",#000000,
STM3420,secY,3586034,0.0015526137,"Intracellular trafficking, secretion, and vesicular transport",#8b4513,
STM3421,rplO,3587373,-0.0003566216,"Translation, ribosomal structure and biogenesis",#000000,
STM3422,rpmD,3587811,-0.0037758369,"Translation, ribosomal structure and biogenesis",#000000,
STM3423,rpsE,3587994,0.0002424223,"Translation, ribosomal structure and biogenesis",#000000,
STM3424,rplR,3588512,0.0015959591000000001,"Translation, ribosomal structure and biogenesis",#000000,
STM3425,rplF,3588875,0.0024927580000000003,"Translation, ribosomal structure and biogenesis",#000000,
STM3426,rpsH,3589421,0.0008057917000000001,"Translation, ribosomal structure and biogenesis",#000000,
STM3427,rpsN,3589847,0.003937424,"Translation, ribosomal structure and biogenesis",#000000,
STM3428,rplE,3590167,-0.0047537396,"Translation, ribosomal structure and biogenesis",#000000,
STM3429,rplX,3590721,-0.0106092465,"Translation, ribosomal structure and biogenesis",#000000,
STM3430,rplN,3591046,-0.0009201244000000001,"Translation, ribosomal structure and biogenesis",#000000,
STM3431,rpsQ,3591581,0.0028450054,"Translation, ribosomal structure and biogenesis",#000000,
STM3433,rplP,3592026,0.0050788496,"Translation, ribosomal structure and biogenesis",#000000,
STM3434,rpsC,3592449,-0.0012651694000000002,"Translation, ribosomal structure and biogenesis",#000000,
STM3435,rplV,3593168,-0.0073006404,"Translation, ribosomal structure and biogenesis",#000000,
STM3436,rpsS,3593515,-0.0032463182000000003,"Translation, ribosomal structure and biogenesis",#000000,
STM3437,rplB,3593810,-0.0038653721,"Translation, ribosomal structure and biogenesis",#000000,
STM3438,rplW,3594649,-0.0048292502,"Translation, ribosomal structure and biogenesis",#000000,
STM3439,rplD,3594948,-0.0051681035,"Translation, ribosomal structure and biogenesis",#000000,
STM3440,rplC,3595564,-0.0079540036,"Translation, ribosomal structure and biogenesis",#000000,
STM3441,rpsJ,3596226,-0.0059320364,"Translation, ribosomal structure and biogenesis",#000000,
STM3443,bfr,3597381,-0.0320717505,Inorganic ion transport and metabolism,#0000ff,
STM3444,bfd,3597930,-0.0033338324000000003,Inorganic ion transport and metabolism,#0000ff,
STM3446,fusA,3599565,-0.0047350045,"Translation, ribosomal structure and biogenesis",#000000,
STM3447,rpsG,3601776,-0.0069691209,"Translation, ribosomal structure and biogenesis",#000000,
STM3448,rpsL,3602342,5.72303e-05,"Translation, ribosomal structure and biogenesis",#000000,
STM3449,yheL,3602842,-0.0012589402000000001,"Translation, ribosomal structure and biogenesis",#000000,
STM3450,yheM,3603137,-0.0062386649,"Translation, ribosomal structure and biogenesis",#000000,
STM3451,yheN,3603493,0.0072672014,"Translation, ribosomal structure and biogenesis",#000000,
STM3452,yheO,3603879,-0.0046325301,Function unknown,#708090,
STM3453,fkpA,3604878,-0.0102100399,Cell wall/membrane/envelope biogenesis,#c71585,
STM3454,slyX,3605916,0.0121705319,Function unknown,#708090,
STM3455,slyD,3606322,0.0031929708,Carbohydrate transport and metabolism,#ffc0cb,
STM3456,yheV,3607007,-0.0058052869000000005,Function unknown,#708090,
STM3457,kefB,3607218,-0.0018211553,Inorganic ion transport and metabolism,#0000ff,
STM3458,yheR,3609023,-0.0081557718,Energy production and conversion,#90ee90,
STM3459,yheS,3609840,0.0043526384,Function unknown,#708090,
STM3461,STM3461,3612133,0.0015945927,Function unknown,#708090,
STM3462,yheT,3612642,-0.013999947200000001,Function unknown,#708090,
STM3464,prkB,3613976,-0.0039752411000000005,Carbohydrate transport and metabolism,#ffc0cb,
STM3465,yhfA,3614941,0.007472871000000001,"Post-translational modification, protein turnover,and chaperones",#87ceeb,
STM3466,crp,3615653,0.0070826821,Transcription,#f4a460,
STM3467,yhfK,3616334,-0.0036453622,Function unknown,#708090,
STM3468,argD,3618464,4.81289e-05,Amino acid transport and metabolism,#ff0000,
STM3469,pabA,3619767,0.0008791361,Amino acid transport and metabolism,#ff0000,
STM3470,fic,3620362,-0.0105684136,"Cell cycle control, cell division, chromosome partitioning",#bfbf00,
STM3471,yhfG,3620954,-0.0018820404,Function unknown,#708090,
STM3472,ppiA,3621230,-0.0156888645,Cell wall/membrane/envelope biogenesis,#c71585,
STM3473,yhfC,3622079,-0.0088962304,Carbohydrate transport and metabolism,#ffc0cb,
STM3474,nirB,3623523,-0.0095739139,Energy production and conversion,#90ee90,
STM3475,nirD,3626063,0.0130194383,Inorganic ion transport and metabolism,#0000ff,
STM3476,nirC,3626655,0.0021546576,Inorganic ion transport and metabolism,#0000ff,
STM3477,cysG,3627476,-0.0039122086000000006,Coenzyme transport and metabolism,#008000,
STM3478,bigA,3629175,-0.0037665990000000002,Cell wall/membrane/envelope biogenesis,#c71585,
STM3481,trpS,3636255,0.0007887206,"Translation, ribosomal structure and biogenesis",#000000,
STM3482,gph,3637252,0.010834523300000001,Nucleotide transport and metabolism,#00bfbf,
STM3483,rpe,3638003,0.0037018270000000004,Carbohydrate transport and metabolism,#ffc0cb,
STM3484,dam,3638698,-0.0315373891,Nucleotide transport and metabolism,#00bfbf,
STM3485,damX,3639715,0.0046437380000000006,"Cell cycle control, cell division, chromosome partitioning",#bfbf00,
STM3486,aroB,3641090,-0.0024856294,Amino acid transport and metabolism,#ff0000,
STM3487,aroK,3642235,-0.0061522134,Nucleotide transport and metabolism,#00bfbf,
STM3488,hofQ,3643221,0.0026711099,"Intracellular trafficking, secretion, and vesicular transport",#8b4513,
STM3489,yrfA,3644374,-0.0059179667,Function unknown,#708090,
STM3490,yrfB,3644765,0.00021798880000000002,Function unknown,#708090,
STM3491,yrfC,3645222,0.0057080091000000005,Cell motility,#da70d6,
STM3492,yrfD,3645761,-0.020442444100000002,Cell motility,#da70d6,
STM3493,mrcA,3646637,-0.0058383281,Cell wall/membrane/envelope biogenesis,#c71585,
STM3494,yrfE,3649309,-0.0023995030000000003,"Replication, recombination and repair",#ff00ff,
STM3495,yrfF,3650195,-0.0024242546,Function unknown,#708090,
STM3496,yrfG,3652392,0.0210254825,Function unknown,#708090,
STM3497,yrfH,3653071,0.0034400893,"Translation, ribosomal structure and biogenesis",#000000,
STM3498,yrfI,3653491,0.0067884500000000006,"Post-translational modification, protein turnover,and chaperones",#87ceeb,
STM3499,yhgE,3654485,-0.0035848166,"Replication, recombination and repair",#ff00ff,
STM3500,pckA,3656574,-0.0058572220000000005,Nucleotide transport and metabolism,#00bfbf,
STM3501,envZ,3658268,-0.0034972241,Signal transduction mechanisms,#00ff00,
STM3502,ompR,3659617,-0.0038229963,Transcription,#f4a460,
STM3503,greB,3660562,-0.0098000944,Transcription,#f4a460,
STM3504,yhgF,3661137,-0.0034392968,Transcription,#f4a460,
STM3505,feoA,3663901,0.0095160022,Inorganic ion transport and metabolism,#0000ff,
STM3506,feoB,3664147,-0.002955343,Inorganic ion transport and metabolism,#0000ff,
STM3507,yhgG,3666478,-0.0006327878,Transcription,#f4a460,
STM3508,STM3508,3666949,-0.005902285100000001,Function unknown,#708090,
STM3509,bioH,3667899,0.004648275800000001,Function unknown,#708090,
STM3510,yhgH,3668707,0.0017297567,Function unknown,#708090,
STM3511,yhgI,3669449,0.0019226054000000001,Energy production and conversion,#90ee90,
STM3512,gntT,3670401,-0.0228667972,Amino acid transport and metabolism,#ff0000,
STM3513,malQ,3671836,0.0045783506,Carbohydrate transport and metabolism,#ffc0cb,
STM3514,malP,3673924,0.0134457585,Carbohydrate transport and metabolism,#ffc0cb,
STM3515,malT,3676911,-0.0072556471,Transcription,#f4a460,
STM3516,STM3516,3679704,0.0087829599,Function unknown,#708090,
STM3517,STM3517,3679982,0.0036821157,Transcription,#f4a460,
STM3518,rtcA,3680351,-0.010124369000000001,RNA processing and modification,#add8e6,
STM3519,rtcB,3681374,-0.026196647400000002,Function unknown,#708090,
STM3522,rtcR,3684879,0.0183384663,Transcription,#f4a460,
STM3524,glpG,3687311,0.037128695,Function unknown,#708090,
STM3525,glpE,3688217,0.0614163714,Inorganic ion transport and metabolism,#0000ff,
STM3526,glpD,3688742,0.314622257,Energy production and conversion,#90ee90,https://salmonella.biocyc.org/gene?orgid=SENT99287&id=STM3526
STM3527,STM3527,3690297,0.0249093058,No COG annotation,#87cefa,
STM3528,STM3528,3690852,-0.0113412513,Inorganic ion transport and metabolism,#0000ff,
STM3529,STM3529,3692505,-0.0135981699,Energy production and conversion,#90ee90,
STM3531,STM3531,3695283,0.0029539602,Amino acid transport and metabolism,#ff0000,
STM3532,STM3532,3697042,-0.0082385863,Amino acid transport and metabolism,#ff0000,
STM3533,STM3533,3697991,-0.0038095522,Transcription,#f4a460,
STM3534,glgP,3698924,-0.0031297769000000002,Carbohydrate transport and metabolism,#ffc0cb,
STM3535,glgA,3701391,-0.0054231470000000006,Nucleotide transport and metabolism,#00bfbf,
STM3536,glgC,3702824,-0.0030935997,Nucleotide transport and metabolism,#00bfbf,
STM3537,glgX,3704134,0.0057996741,Carbohydrate transport and metabolism,#ffc0cb,
STM3538,glgB,3706107,-0.0153583257,Carbohydrate transport and metabolism,#ffc0cb,
STM3539,asd,3708640,0.0014642831,Amino acid transport and metabolism,#ff0000,
STM3541,gntU,3710170,-0.017740083,Amino acid transport and metabolism,#ff0000,
STM3542,gntK,3711507,-0.0233533084,Nucleotide transport and metabolism,#00bfbf,
STM3543,gntR,3712179,-0.0087200533,Transcription,#f4a460,
STM3544,yhhW,3713304,0.0053983169,Function unknown,#708090,
STM3545,yhhX,3714123,0.0013652085,Function unknown,#708090,
STM3546,yhhY,3715629,-0.0087628038,"Translation, ribosomal structure and biogenesis",#000000,
STM3548,STM3548,3717612,-0.0044378185,Function unknown,#708090,
STM3549,STM3549,3718427,-0.0052710032,Function unknown,#708090,
STM3550,STM3550,3719395,-0.0058261325,Energy production and conversion,#90ee90,
STM3551,ggt,3720474,-0.0138099608,Cell wall/membrane/envelope biogenesis,#c71585,
STM3552,yhhA,3722342,-0.009473383200000001,Function unknown,#708090,
STM3553,ugpQ,3722771,-0.001379442,Energy production and conversion,#90ee90,
STM3554,ugpC,3723508,0.0063439138,Amino acid transport and metabolism,#ff0000,
STM3555,ugpE,3724580,0.0164429675,Carbohydrate transport and metabolism,#ffc0cb,
STM3556,ugpA,3725422,0.0019647853000000002,Carbohydrate transport and metabolism,#ffc0cb,
STM3557,ugpB,3726373,-0.0017692942,Carbohydrate transport and metabolism,#ffc0cb,
STM3558,STM3558,3727948,0.0028018016000000002,Function unknown,#708090,
STM3559,yhhV,3728313,0.0067429787,"Cell cycle control, cell division, chromosome partitioning",#bfbf00,
STM3560,livF,3728666,0.0116167522,Inorganic ion transport and metabolism,#0000ff,
STM3561,livG,3729381,0.019741545500000002,Inorganic ion transport and metabolism,#0000ff,
STM3562,livM,3730145,0.00134131,"Intracellular trafficking, secretion, and vesicular transport",#8b4513,
STM3563,livH,3731419,0.0062124534,Amino acid transport and metabolism,#ff0000,
STM3564,livK,3732405,0.0119275718,Amino acid transport and metabolism,#ff0000,
STM3565,yhhK,3733936,-0.0117579026,Transcription,#f4a460,
STM3567,livJ,3734514,0.018662613800000002,Amino acid transport and metabolism,#ff0000,
STM3568,rpoH,3735939,-0.0166949591,Transcription,#f4a460,
STM3569,ftsX,3737039,-0.0014349358,"Cell cycle control, cell division, chromosome partitioning",#bfbf00,
STM3570,ftsE,3738087,-0.0031159839,"Cell cycle control, cell division, chromosome partitioning",#bfbf00,
STM3571,ftsY,3738758,-0.0018732944,"Cell cycle control, cell division, chromosome partitioning",#bfbf00,
STM3572,yhhF,3740359,-0.0002642101,Coenzyme transport and metabolism,#008000,
STM3573,yhhL,3740942,-0.013697671100000001,Function unknown,#708090,
STM3575,yhhN,3741749,-0.0060658395000000006,Function unknown,#708090,
STM3576,zntA,3742456,0.0147096046,Inorganic ion transport and metabolism,#0000ff,
STM3577,tcp,3744854,-0.0168773589,Cell motility,#da70d6,
STM3578,yhhP,3746521,-0.021440771600000002,"Translation, ribosomal structure and biogenesis",#000000,
STM3579,yhhQ,3746936,-0.019824014100000002,"Intracellular trafficking, secretion, and vesicular transport",#8b4513,
STM3580,STM3580,3747674,-0.0017326804,Function unknown,#708090,
STM3581,yhhS,3748235,0.0059585896000000005,"Intracellular trafficking, secretion, and vesicular transport",#8b4513,
STM3582,yhhT,3749584,-0.0054255959,Function unknown,#708090,
STM3583,acpT,3750685,0.0056638768,Coenzyme transport and metabolism,#008000,
STM3584,nikR,3751355,0.010453928500000001,Transcription,#f4a460,
STM3585,yhhJ,3751846,-0.0072226549,Defense mechanisms,#d3d3d3,
STM3586,yhiH,3752970,-0.0018012376,Defense mechanisms,#d3d3d3,
STM3587,yhiI,3755708,-0.005101834,Cell wall/membrane/envelope biogenesis,#c71585,
STM3588,yhiN,3757081,-0.0053614543,Function unknown,#708090,
STM3589,pitA,3758508,-0.0057466979,Inorganic ion transport and metabolism,#0000ff,
STM3590,uspB,3760144,-0.0087684969,Function unknown,#708090,
STM3591,uspA,3760867,-0.0051067057,Signal transduction mechanisms,#00ff00,
STM3592,yhiP,3761626,-0.0059570328,"Intracellular trafficking, secretion, and vesicular transport",#8b4513,
STM3593,yhiQ,3763187,0.0120612869,"Translation, ribosomal structure and biogenesis",#000000,
STM3594,prlC,3763952,0.0063395610000000005,Amino acid transport and metabolism,#ff0000,
STM3595,STM3595,3766176,-0.0091358167,Lipid transport and metabolism,#40e0d0,
STM3596,yhiR,3767658,-0.0069866026,Coenzyme transport and metabolism,#008000,
STM3597,gor,3768605,-0.0003871525,Energy production and conversion,#90ee90,
STM3598,STM3598,3770004,0.0013899519,Amino acid transport and metabolism,#ff0000,
STM3599,STM3599,3771106,0.0025849676000000003,"Intracellular trafficking, secretion, and vesicular transport",#8b4513,
STM3600,STM3600,3772479,-0.0025706749,Carbohydrate transport and metabolism,#ffc0cb,
STM3601,STM3601,3773388,-0.0044166578,Cell wall/membrane/envelope biogenesis,#c71585,
STM3602,STM3602,3774541,0.0024644415,Transcription,#f4a460,
STM3603,treF,3775586,-0.0026501138000000002,Carbohydrate transport and metabolism,#ffc0cb,
STM3604,STM3604,3777248,0.0079793372,No COG annotation,#87cefa,
STM3605,STM3605,3779118,-0.026356587600000002,Function unknown,#708090,
STM3606,yhjB,3779480,-0.0116508349,Transcription,#f4a460,
STM3607,yhjC,3780713,-0.0007186042,Transcription,#f4a460,
STM3608,yhjD,3781685,-0.0038716807,Function unknown,#708090,
STM3609,yhjE,3783064,8.90923e-05,Amino acid transport and metabolism,#ff0000,
STM3610,yhjG,3784426,-0.0159776648,Cell wall/membrane/envelope biogenesis,#c71585,
STM3611,yhjH,3786596,0.0042793742,Signal transduction mechanisms,#00ff00,
STM3612,kdgK,3787592,0.0083632462,Carbohydrate transport and metabolism,#ffc0cb,
STM3613,yhjJ,3788575,-0.0052417273,Function unknown,#708090,
STM3614,dctA,3790282,0.0050184376,"Intracellular trafficking, secretion, and vesicular transport",#8b4513,
STM3615,yhjK,3791726,-0.0051878365,Signal transduction mechanisms,#00ff00,
STM3616,yhjL,3793906,-0.0046487192,"Post-translational modification, protein turnover,and chaperones",#87ceeb,
STM3617,bcsC,3797430,-0.0021953168,Carbohydrate transport and metabolism,#ffc0cb,
STM3618,yhjN,3798543,-0.0023634316000000002,Cell wall/membrane/envelope biogenesis,#c71585,
STM3619,yhjO,3800854,-0.0053280774,Cell wall/membrane/envelope biogenesis,#c71585,
STM3620,yhjQ,3803475,-0.0098891689,"Cell cycle control, cell division, chromosome partitioning",#bfbf00,
STM3621,yhjR,3804228,-0.006016482,Function unknown,#708090,
STM3622,yhjS,3804676,-0.0005809179,Function unknown,#708090,
STM3623,yhjT,3806244,-0.0249039915,Function unknown,#708090,
STM3625,yhjV,3808943,-0.0220624367,Amino acid transport and metabolism,#ff0000,
STM3626,dppF,3810342,-0.020922491,Inorganic ion transport and metabolism,#0000ff,
STM3627,dppD,3811352,-0.0182613418,Inorganic ion transport and metabolism,#0000ff,
STM3628,dppC,3812346,-0.0103772425,Inorganic ion transport and metabolism,#0000ff,
STM3629,dppB,3813258,-0.0234138297,Inorganic ion transport and metabolism,#0000ff,
STM3630,dppA,3814434,-0.0193524579,Amino acid transport and metabolism,#ff0000,
STM3631,STM3631,3816597,0.0051398836,Nucleotide transport and metabolism,#00bfbf,
STM3632,STM3632,3817980,-2.32624e-05,"Post-translational modification, protein turnover,and chaperones",#87ceeb,
STM3633,STM3633,3819254,0.0072356847,Transcription,#f4a460,
STM3635,yhjW,3820588,-0.0130537896,Function unknown,#708090,
STM3636,lpfE,3822497,-0.00135098,Cell motility,#da70d6,
STM3638,lpfC,3824127,-0.007768248,"Intracellular trafficking, secretion, and vesicular transport",#8b4513,
STM3639,lpfB,3826678,-4.5057e-06,Cell wall/membrane/envelope biogenesis,#c71585,
STM3640,lpfA,3827461,0.0010461795000000001,Cell motility,#da70d6,
STM3641,yhjY,3828503,-0.0062679253,Cell motility,#da70d6,
STM3642,tag,3829364,-0.0165506924,"Replication, recombination and repair",#ff00ff,
STM3643,yiaC,3829923,-0.0214168372,Transcription,#f4a460,
STM3644,bisC,3830332,0.0064158316000000005,Energy production and conversion,#90ee90,
STM3645,yiaD,3832818,-0.0039734095,Cell wall/membrane/envelope biogenesis,#c71585,
STM3646,yiaE,3833699,-0.0031931895,Energy production and conversion,#90ee90,
STM3647,yiaF,3834723,-0.0019330497,Function unknown,#708090,
STM3648,yiaG,3835872,-0.0064142503,Transcription,#f4a460,
STM3649,cspA,3836451,-0.0039105491,Transcription,#f4a460,
STM3652,STM3652,3838221,0.0095928932,Function unknown,#708090,
STM3655,glyS,3839782,-0.0015544040000000001,"Translation, ribosomal structure and biogenesis",#000000,
STM3656,glyQ,3841861,-0.0075807894,"Translation, ribosomal structure and biogenesis",#000000,
STM3657,STM3657,3842911,-0.0014198236,Cell wall/membrane/envelope biogenesis,#c71585,
STM3658,yiaH,3843379,-0.0022200411,Cell wall/membrane/envelope biogenesis,#c71585,
STM3660,xylB,3844925,-0.0003000352,Nucleotide transport and metabolism,#00bfbf,
STM3661,xylA,3846479,0.0004999646,Carbohydrate transport and metabolism,#ffc0cb,
STM3662,xylR,3848164,-0.0043435623,Transcription,#f4a460,
STM3663,bax,3849403,-0.0044464694,Function unknown,#708090,
STM3664,malS,3850543,-0.0019927543,Cell wall/membrane/envelope biogenesis,#c71585,
STM3665,avtA,3852744,-0.0037509983000000003,Coenzyme transport and metabolism,#008000,
STM3666,ysaA,3854031,-0.011339017100000001,Energy production and conversion,#90ee90,
STM3667,yiaJ,3854621,0.0024276739000000003,Transcription,#f4a460,
STM3668,yiaK,3855651,0.0108240485,Energy production and conversion,#90ee90,
STM3669,yiaL,3856661,0.0017761007,Carbohydrate transport and metabolism,#ffc0cb,
STM3670,STM3670,3857149,0.0052523888000000005,"Replication, recombination and repair",#ff00ff,
STM3671,yiaM,3858220,-0.0121585862,Carbohydrate transport and metabolism,#ffc0cb,
STM3672,yiaN,3858696,-0.012661031900000001,Carbohydrate transport and metabolism,#ffc0cb,
STM3673,yiaO,3859985,0.0013136088,Carbohydrate transport and metabolism,#ffc0cb,
STM3674,lyxK,3860975,-0.0048670023,Carbohydrate transport and metabolism,#ffc0cb,
STM3675,sgbH,3862468,-0.0073293256000000005,Carbohydrate transport and metabolism,#ffc0cb,
STM3676,sgbU,3863123,0.0061754537,Carbohydrate transport and metabolism,#ffc0cb,
STM3678,STM3678,3864833,0.0028786231,Transcription,#f4a460,
STM3679,STM3679,3865912,-0.0025675109,Function unknown,#708090,
STM3680,aldB,3867985,-0.0075763564,Energy production and conversion,#90ee90,
STM3681,STM3681,3869692,-0.0042807382,Carbohydrate transport and metabolism,#ffc0cb,
STM3682,selB,3870858,-0.004876549,"Translation, ribosomal structure and biogenesis",#000000,
STM3683,selA,3872705,-0.0154732509,"Translation, ribosomal structure and biogenesis",#000000,
STM3684,yibF,3874195,-0.0037765007,"Post-translational modification, protein turnover,and chaperones",#87ceeb,
STM3685,mtlA,3875279,0.0049563381,Carbohydrate transport and metabolism,#ffc0cb,
STM3686,mtlD,3877416,0.0005641626,Energy production and conversion,#90ee90,
STM3687,mtlR,3878561,-0.0031092512,Transcription,#f4a460,
STM3688,STM3688,3879161,-0.0050526599,Function unknown,#708090,
STM3689,yibL,3879661,-0.0102206144,Function unknown,#708090,
STM3690,STM3690,3880513,-0.012524913200000001,Function unknown,#708090,
STM3692,lldP,3885924,0.0613364133,"Intracellular trafficking, secretion, and vesicular transport",#8b4513,
STM3693,lldR,3887576,0.051435631600000004,Transcription,#f4a460,
STM3694,lldD,3888349,0.021110129800000002,Coenzyme transport and metabolism,#008000,
STM3695,yibK,3889603,0.014393863000000002,"Translation, ribosomal structure and biogenesis",#000000,
STM3696,STM3696,3890144,-0.007741922300000001,Transcription,#f4a460,
STM3697,STM3697,3891467,-0.0172277773,Cell wall/membrane/envelope biogenesis,#c71585,
STM3699,cysE,3894130,-0.0089165799,Amino acid transport and metabolism,#ff0000,
STM3700,gpsA,3895029,-0.000572769,Lipid transport and metabolism,#40e0d0,
STM3701,secB,3896048,-0.0020836125,"Intracellular trafficking, secretion, and vesicular transport",#8b4513,
STM3702,grxC,3896559,-0.0022486542,"Post-translational modification, protein turnover,and chaperones",#87ceeb,
STM3703,yibN,3896897,-0.006652965,Inorganic ion transport and metabolism,#0000ff,
STM3704,pmgI,3897576,0.0020911774,Carbohydrate transport and metabolism,#ffc0cb,
STM3705,yibP,3899130,-0.0007249376,"Cell cycle control, cell division, chromosome partitioning",#bfbf00,
STM3706,yigQ,3900417,-0.007925816,Function unknown,#708090,
STM3707,yibD,3901366,0.0025493093,Function unknown,#708090,
STM3708,tdh,3902894,-0.0018243110000000001,Energy production and conversion,#90ee90,
STM3709,kbl,3903929,-0.0006701964,Coenzyme transport and metabolism,#008000,
STM3710,rfaD,3905328,-0.0142945828,Nucleotide transport and metabolism,#00bfbf,
STM3711,rfaF,3906263,-0.0052554259,Cell wall/membrane/envelope biogenesis,#c71585,
STM3712,rfaC,3907309,-0.0029919197000000002,Cell wall/membrane/envelope biogenesis,#c71585,
STM3713,rfaL,3908302,-0.013538672100000001,Cell wall/membrane/envelope biogenesis,#c71585,
STM3715,rfaZ,3910819,-0.0060407849,Function unknown,#708090,
STM3717,rfaJ,3912499,-0.0048020051,Cell wall/membrane/envelope biogenesis,#c71585,
STM3718,rfaI,3913527,0.0007624618,Cell wall/membrane/envelope biogenesis,#c71585,
STM3719,rfaB,3914546,0.0064970792,Cell wall/membrane/envelope biogenesis,#c71585,
STM3720,yibR,3915695,0.0057380457000000004,Cell wall/membrane/envelope biogenesis,#c71585,
STM3721,rfaP,3915960,0.0088883672,Nucleotide transport and metabolism,#00bfbf,
STM3722,rfaG,3916750,0.0053505595,Cell wall/membrane/envelope biogenesis,#c71585,
STM3723,rfaQ,3917871,0.0008739499,Cell wall/membrane/envelope biogenesis,#c71585,
STM3724,kdtA,3919350,-0.017162914300000002,Cell wall/membrane/envelope biogenesis,#c71585,
STM3725,kdtB,3920636,-0.019833952300000002,Nucleotide transport and metabolism,#00bfbf,
STM3726,mutM,3921143,-0.008884564400000001,"Replication, recombination and repair",#ff00ff,
STM3727,rpmG,3922050,0.0011136853,"Translation, ribosomal structure and biogenesis",#000000,
STM3728,rpmB,3922238,-0.00046991240000000004,"Translation, ribosomal structure and biogenesis",#000000,
STM3730,dfp,3923530,-0.0028299829000000003,Coenzyme transport and metabolism,#008000,
STM3731,dut,3924734,-0.0087567389,Nucleotide transport and metabolism,#00bfbf,
STM3732,ttk,3925297,-0.0095419317,"Cell cycle control, cell division, chromosome partitioning",#bfbf00,
STM3733,pyrE,3925971,0.0080265779,Nucleotide transport and metabolism,#00bfbf,
STM3734,rph,3926691,0.0107268109,"Translation, ribosomal structure and biogenesis",#000000,
STM3735,yicC,3927533,0.0013308059,Function unknown,#708090,
STM3736,STM3736,3928446,-0.0040408749,Transcription,#f4a460,
STM3737,STM3737,3929422,0.0126077042,Function unknown,#708090,
STM3738,yigC,3930554,0.013475523500000001,Function unknown,#708090,
STM3739,yicF,3931168,0.0037028469,Coenzyme transport and metabolism,#008000,
STM3740,gmk,3933110,0.0006173693,Nucleotide transport and metabolism,#00bfbf,
STM3741,rpoZ,3933788,0.0057037429,Transcription,#f4a460,
STM3742,spoT,3934082,0.0014247088,Transcription,#f4a460,
STM3743,spoU,3936198,-6.83553e-05,"Translation, ribosomal structure and biogenesis",#000000,
STM3744,recG,3936893,-0.0023440929,"Replication, recombination and repair",#ff00ff,
STM3746,gltS,3939831,-0.0253333596,Inorganic ion transport and metabolism,#0000ff,
STM3747,yicE,3941264,-0.0007194322000000001,Nucleotide transport and metabolism,#00bfbf,
STM3748,yicH,3942776,-0.0035404689,Cell wall/membrane/envelope biogenesis,#c71585,
STM3749,yicI,3944588,-0.0044616289,Carbohydrate transport and metabolism,#ffc0cb,
STM3750,yicJ,3946918,-0.0076964626000000005,Carbohydrate transport and metabolism,#ffc0cb,
STM3752,STM3752,3948999,0.0130376343,No COG annotation,#87cefa,
STM3755,rhuM,3951745,0.0009405170000000001,Function unknown,#708090,
STM3756,rmbA,3954081,0.0103174441,Transcription,#f4a460,
STM3757,misL,3954773,-0.0022338574000000003,Cell wall/membrane/envelope biogenesis,#c71585,
STM3759,marT,3958210,0.0069252172,Transcription,#f4a460,
STM3761,slsA,3959851,-0.012116452000000002,"Secondary metabolites biosynthesis, transport, and catabolism",#1e90ff,
STM3762,cigR,3960760,0.0095317636,Function unknown,#708090,
STM3763,mgtB,3961554,0.0055249816,Inorganic ion transport and metabolism,#0000ff,
STM3764,mgtC,3964500,0.002411996,Function unknown,#708090,
STM3765,yicL,3965704,0.0096065837,Amino acid transport and metabolism,#ff0000,
STM3766,STM3766,3966649,0.0074549202,Function unknown,#708090,
STM3767,STM3767,3967826,0.0013191467,Function unknown,#708090,
STM3769,STM3769,3969669,0.0043464679,Carbohydrate transport and metabolism,#ffc0cb,
STM3770,STM3770,3970526,0.008273499200000001,Carbohydrate transport and metabolism,#ffc0cb,
STM3771,STM3771,3971421,0.0182845575,Carbohydrate transport and metabolism,#ffc0cb,
STM3772,STM3772,3971917,0.007816439,Carbohydrate transport and metabolism,#ffc0cb,
STM3773,STM3773,3972561,-0.0008076744,Transcription,#f4a460,
STM3774,STM3774,3975556,-0.014773228900000001,No COG annotation,#87cefa,
STM3775,STM3775,3975955,-0.0055945992000000005,Carbohydrate transport and metabolism,#ffc0cb,
STM3777,STM3777,3978806,0.006958180600000001,Function unknown,#708090,
STM3778,STM3778,3979149,0.0045305806,Transcription,#f4a460,
STM3779,STM3779,3979563,0.0081906255,Carbohydrate transport and metabolism,#ffc0cb,
STM3780,STM3780,3979842,-0.0097462266,Nucleotide transport and metabolism,#00bfbf,
STM3781,STM3781,3980765,0.0026111447,Carbohydrate transport and metabolism,#ffc0cb,
STM3782,STM3782,3982242,-0.0021916416,Carbohydrate transport and metabolism,#ffc0cb,
STM3783,STM3783,3983676,-0.0075433069,Carbohydrate transport and metabolism,#ffc0cb,
STM3784,STM3784,3983960,-0.0086535815,Carbohydrate transport and metabolism,#ffc0cb,
STM3785,STM3785,3984451,-0.0036548862,Transcription,#f4a460,
STM3786,yicN,3985547,0.0037511401,Function unknown,#708090,
STM3787,uhpT,3986192,-0.044472007800000005,Carbohydrate transport and metabolism,#ffc0cb,
STM3788,uhpC,3987726,-0.0249124025,Carbohydrate transport and metabolism,#ffc0cb,
STM3789,uhpB,3989064,-0.0236718169,Signal transduction mechanisms,#00ff00,
STM3790,uhpA,3990566,-0.0333169914,Transcription,#f4a460,
STM3791,STM3791,3991231,0.0002329136,Function unknown,#708090,
STM3792,STM3792,3992256,-0.0008367348000000001,Carbohydrate transport and metabolism,#ffc0cb,
STM3793,STM3793,3993603,-0.0047018493,Coenzyme transport and metabolism,#008000,
STM3794,STM3794,3994848,-0.0200391095,Transcription,#f4a460,
STM3795,ilvN,3995635,-0.0109796013,Amino acid transport and metabolism,#ff0000,
STM3796,ilvB,3995929,-0.0186386014,Coenzyme transport and metabolism,#008000,
STM3796A,STM3796A,3998638,-0.0046200304,Amino acid transport and metabolism,#ff0000,
STM3800,dsdC,4001961,-0.0136673229,Transcription,#f4a460,
STM3801,dsdX,4003110,0.021134231,Amino acid transport and metabolism,#ff0000,
STM3802,dsdA,4004465,0.0346273174,Amino acid transport and metabolism,#ff0000,
STM3803,yidF,4005869,-0.0092812962,Energy production and conversion,#90ee90,
STM3804,yidG,4006396,-0.0210046085,Function unknown,#708090,
STM3805,yidH,4006748,-0.0017947015,Function unknown,#708090,
STM3807,yidE,4007539,0.0054143953,"Intracellular trafficking, secretion, and vesicular transport",#8b4513,
STM3808,ibpB,4009390,0.020729350900000002,"Post-translational modification, protein turnover,and chaperones",#87ceeb,
STM3809,ibpA,4009928,0.0073723996,"Post-translational modification, protein turnover,and chaperones",#87ceeb,
STM3810,yidQ,4010648,-0.0016511988,Function unknown,#708090,
STM3811,yidR,4010985,-0.0045405977,"Intracellular trafficking, secretion, and vesicular transport",#8b4513,
STM3813,ccmG,4013373,-0.0096640701,Energy production and conversion,#90ee90,
STM3814,ccmF,4013927,-0.0029010247,"Post-translational modification, protein turnover,and chaperones",#87ceeb,
STM3815,ccmE,4015855,-0.007220319100000001,"Post-translational modification, protein turnover,and chaperones",#87ceeb,
STM3817,ccmC,4016540,-0.0016936361000000001,"Post-translational modification, protein turnover,and chaperones",#87ceeb,
STM3818,ccmB,4017329,-0.0061187651000000004,"Post-translational modification, protein turnover,and chaperones",#87ceeb,
STM3820,STM3820,4018608,-0.0127596438,Energy production and conversion,#90ee90,
STM3821,torD,4020198,0.0071584743,"Post-translational modification, protein turnover,and chaperones",#87ceeb,
STM3822,torA,4020823,0.0131116166,Energy production and conversion,#90ee90,
STM3823,torC,4023365,0.0178761784,Energy production and conversion,#90ee90,
STM3824,torR,4024679,-0.009739061700000001,Transcription,#f4a460,
STM3825,torT,4025344,0.0050528074000000004,Carbohydrate transport and metabolism,#ffc0cb,
STM3826,torS,4026464,-0.0037071098,Signal transduction mechanisms,#00ff00,
STM3827,dgoT,4029225,0.0022111603,Carbohydrate transport and metabolism,#ffc0cb,
STM3828,dgoA,4030647,-0.004002297,Cell wall/membrane/envelope biogenesis,#c71585,
STM3829,dgoK,4032393,-0.006260103600000001,Carbohydrate transport and metabolism,#ffc0cb,
STM3830,dgoR,4033268,-0.0160324965,Transcription,#f4a460,
STM3831,yidA,4034218,1.7781e-05,Function unknown,#708090,
STM3832,STM3832,4035369,0.0025050444000000002,Carbohydrate transport and metabolism,#ffc0cb,
STM3833,STM3833,4036645,-0.0004340265,Cell wall/membrane/envelope biogenesis,#c71585,
STM3834,STM3834,4037953,-0.0095016475,Transcription,#f4a460,
STM3835,gyrB,4038868,-0.0020697117,"Replication, recombination and repair",#ff00ff,
STM3836,recF,4041311,-0.0073336815000000005,"Replication, recombination and repair",#ff00ff,
STM3837,dnaN,4042532,-0.0048531125,"Replication, recombination and repair",#ff00ff,
STM3838,dnaA,4043637,-0.0061656212000000005,"Replication, recombination and repair",#ff00ff,
STM3839,rpmH,4045698,-0.0062772573,"Translation, ribosomal structure and biogenesis",#000000,
STM3840,rnpA,4045855,-0.0003767503,"Translation, ribosomal structure and biogenesis",#000000,
STM3842,yidC,4046438,-0.0031529906000000003,"Intracellular trafficking, secretion, and vesicular transport",#8b4513,
STM3843,trmE,4048226,0.0035752613000000003,Nucleotide transport and metabolism,#00bfbf,
STM3845,STM3845,4051391,-0.0117065428,Transcription,#f4a460,
STM3846,STM3846,4052419,-0.0026789231,"Replication, recombination and repair",#ff00ff,
STM3847,yidY,4054090,-0.0117856848,"Intracellular trafficking, secretion, and vesicular transport",#8b4513,
STM3848,yidZ,4055246,0.0078201652,Transcription,#f4a460,
STM3849,yieE,4056363,0.0168999879,Coenzyme transport and metabolism,#008000,
STM3850,yieF,4057118,0.011656537600000001,Function unknown,#708090,
STM3851,yieG,4057747,0.0114644126,Function unknown,#708090,
STM3852,yieH,4059253,0.0043273346,Function unknown,#708090,
STM3853,phoU,4060013,0.0016278976,Inorganic ion transport and metabolism,#0000ff,
STM3854,pstB,4060753,0.0033474908,Inorganic ion transport and metabolism,#0000ff,
STM3855,pstA,4061613,0.0103262348,Inorganic ion transport and metabolism,#0000ff,
STM3856,pstC,4062503,0.0025800857,Inorganic ion transport and metabolism,#0000ff,
STM3857,pstS,4063598,0.0047291939,Inorganic ion transport and metabolism,#0000ff,
STM3858,STM3858,4064805,-0.0216138368,Carbohydrate transport and metabolism,#ffc0cb,
STM3859,STM3859,4066227,-0.026176851900000003,Amino acid transport and metabolism,#ff0000,
STM3860,STM3860,4067140,-0.0001573051,Transcription,#f4a460,
STM3861,glmS,4069048,-0.013968676800000001,Cell wall/membrane/envelope biogenesis,#c71585,
STM3862,glmU,4071066,-0.0130227495,Cell wall/membrane/envelope biogenesis,#c71585,
STM3863,STM3863,4072756,-0.014605882700000001,Function unknown,#708090,
STM3864,atpC,4073684,-0.0026073594,Energy production and conversion,#90ee90,
STM3865,atpD,4074124,-0.0001938188,Nucleotide transport and metabolism,#00bfbf,
STM3866,atpG,4075533,-0.0022223838,Energy production and conversion,#90ee90,
STM3867,atpA,4076447,-0.0046992898,Nucleotide transport and metabolism,#00bfbf,
STM3868,atpH,4078001,0.0010481891,Energy production and conversion,#90ee90,
STM3869,atpF,4078549,-0.0024752651,Energy production and conversion,#90ee90,
STM3871,atpB,4079365,-0.0038429744,Energy production and conversion,#90ee90,
STM3872,atpI,4080189,-0.0103289682,Energy production and conversion,#90ee90,
STM3873,gidB,4081185,0.00017526410000000001,"Translation, ribosomal structure and biogenesis",#000000,
STM3874,gidA,4081911,0.0026910558,"Cell cycle control, cell division, chromosome partitioning",#bfbf00,
STM3875,mioC,4084179,-0.0040334424,Energy production and conversion,#90ee90,
STM3876,asnC,4084712,-0.0156099644,Transcription,#f4a460,
STM3877,asnA,4085321,-0.012001940800000001,Nucleotide transport and metabolism,#00bfbf,
STM3878,yieM,4086318,-0.009820908100000001,Function unknown,#708090,
STM3879,yieN,4087763,-0.0038470277,Function unknown,#708090,
STM3880,kup,4089607,-0.0061873644,Inorganic ion transport and metabolism,#0000ff,
STM3881,rbsD,4091672,0.0028489623,Carbohydrate transport and metabolism,#ffc0cb,
STM3882,rbsA,4092099,0.0104785204,Carbohydrate transport and metabolism,#ffc0cb,
STM3883,rbsC,4093610,0.0165471202,Carbohydrate transport and metabolism,#ffc0cb,
STM3884,rbsB,4094600,-2.10004e-05,Carbohydrate transport and metabolism,#ffc0cb,
STM3885,rbsK,4095624,-0.0020928417,Coenzyme transport and metabolism,#008000,
STM3886,rbsR,4096557,0.0034662351000000003,Transcription,#f4a460,
STM3888,yieP,4098960,-0.0095711848,Transcription,#f4a460,
STM3897,yifA,4105558,-0.011490397000000001,Transcription,#f4a460,
STM3898,yifE,4106513,0.003051247,Function unknown,#708090,
STM3899,yifB,4106876,-0.0117454406,"Post-translational modification, protein turnover,and chaperones",#87ceeb,
STM3901,ilvG,4108986,-0.0054434468000000005,Coenzyme transport and metabolism,#008000,
STM3902,ilvM,4110632,0.0052702996,Function unknown,#708090,
STM3903,ilvE,4110910,0.0032612855000000002,Amino acid transport and metabolism,#ff0000,
STM3904,ilvD,4112000,0.0019567060000000003,Amino acid transport and metabolism,#ff0000,
STM3905,ilvA,4113853,-0.0028108794,Amino acid transport and metabolism,#ff0000,
STM3906,STM3906,4115681,0.0052584303,Function unknown,#708090,
STM3907,STM3907,4115995,-0.0026222629,Transcription,#f4a460,
STM3908,ilvY,4116339,-0.0024223763,Transcription,#f4a460,
STM3909,ilvC,4117390,-0.0081059233,Nucleotide transport and metabolism,#00bfbf,
STM3910,ppiC,4118957,-6.15482e-05,"Post-translational modification, protein turnover,and chaperones",#87ceeb,
STM3912,rep,4119776,-0.0020372262,"Replication, recombination and repair",#ff00ff,
STM3913,gppA,4121840,-0.0051764414000000005,Nucleotide transport and metabolism,#00bfbf,
STM3914,rhlB,4123440,-0.0078569881,Nucleotide transport and metabolism,#00bfbf,
STM3915,trxA,4124849,-0.0036120093000000003,"Post-translational modification, protein turnover,and chaperones",#87ceeb,
STM3917,rho,4125597,-0.0125425777,Nucleotide transport and metabolism,#00bfbf,
STM3918,rfe,4127086,-0.0039264602,Cell wall/membrane/envelope biogenesis,#c71585,
STM3919,wzzE,4128201,-0.0045121323,Cell wall/membrane/envelope biogenesis,#c71585,
STM3920,wecB,4129303,-0.00036136,Cell wall/membrane/envelope biogenesis,#c71585,
STM3921,wecC,4130430,0.0027505166,Cell wall/membrane/envelope biogenesis,#c71585,
STM3922,rffG,4131692,0.0038795047,Cell wall/membrane/envelope biogenesis,#c71585,
STM3923,rffH,4132792,-0.0135671226,Cell wall/membrane/envelope biogenesis,#c71585,
STM3925,wecE,4133676,0.0030715669000000003,Amino acid transport and metabolism,#ff0000,
STM3926,wzxE,4134808,0.0042671696000000005,"Intracellular trafficking, secretion, and vesicular transport",#8b4513,
STM3927,STM3927,4136055,-0.0008938819,Energy production and conversion,#90ee90,
STM3928,wecF,4137131,-0.0030156464,Function unknown,#708090,
STM3929,wecG,4138486,-0.0010888188000000001,Nucleotide transport and metabolism,#00bfbf,
STM3930,yifK,4139433,0.016575584600000002,"Intracellular trafficking, secretion, and vesicular transport",#8b4513,
STM3935,hemY,4141935,0.0008771476,Coenzyme transport and metabolism,#008000,
STM3936,hemX,4143134,-0.0024983645,Coenzyme transport and metabolism,#008000,
STM3937,hemD,4144325,-0.0024526821,Coenzyme transport and metabolism,#008000,
STM3938,hemC,4145062,-0.0011877779,Coenzyme transport and metabolism,#008000,
STM3939,cyaA,4146380,-0.0039786404000000004,Nucleotide transport and metabolism,#00bfbf,
STM3940,STM3940,4149034,-0.0158735254,No COG annotation,#87cefa,
STM3941,STM3941,4149573,-0.0024772829000000002,No COG annotation,#87cefa,
STM3943,cyaY,4150560,-0.0124427601,Inorganic ion transport and metabolism,#0000ff,
STM3944,STM3944,4150950,-0.00222195,Function unknown,#708090,
STM3946,yifL,4152035,0.0029000725000000002,Cell wall/membrane/envelope biogenesis,#c71585,
STM3947,dapF,4152272,-0.0016546395,Amino acid transport and metabolism,#ff0000,
STM3948,yigA,4153096,-0.0039194936,Function unknown,#708090,
STM3949,xerC,4153800,-0.0080640793,"Replication, recombination and repair",#ff00ff,
STM3950,yigB,4154702,-0.0030972795000000003,Function unknown,#708090,
STM3951,uvrD,4155554,0.0013060612000000001,"Replication, recombination and repair",#ff00ff,
STM3952,corA,4158188,-0.0031092535,Inorganic ion transport and metabolism,#0000ff,
STM3953,yigF,4159187,-0.0061285558,Function unknown,#708090,
STM3955,rarD,4160076,-0.0030546204,Function unknown,#708090,
STM3956,yigI,4161004,-0.0022645677,"Secondary metabolites biosynthesis, transport, and catabolism",#1e90ff,
STM3957,pldA,4161636,-0.0118532444,Cell wall/membrane/envelope biogenesis,#c71585,
STM3958,recQ,4162571,0.005996474000000001,"Replication, recombination and repair",#ff00ff,
STM3959,rhtC,4164482,-0.0113755641,"Intracellular trafficking, secretion, and vesicular transport",#8b4513,
STM3960,rthB,4165142,0.0040671132,"Intracellular trafficking, secretion, and vesicular transport",#8b4513,
STM3961,pldB,4165873,-0.0022109392,Lipid transport and metabolism,#40e0d0,
STM3962,yigL,4166905,-0.0006010487,Function unknown,#708090,
STM3964,metR,4168573,-0.008078587,Transcription,#f4a460,
STM3965,metE,4169775,0.0027935443,Amino acid transport and metabolism,#ff0000,
STM3966,STM3966,4172383,0.0028673423000000003,Energy production and conversion,#90ee90,
STM3967,dlhH,4173806,0.0136164522,"Secondary metabolites biosynthesis, transport, and catabolism",#1e90ff,
STM3968,udp,4174877,0.024927358400000002,Nucleotide transport and metabolism,#00bfbf,
STM3969,yigN,4175778,0.00047367940000000004,Function unknown,#708090,
STM3970,ubiE,4177304,-0.003334544,Coenzyme transport and metabolism,#008000,
STM3971,yigP,4178069,0.0054516743,Function unknown,#708090,
STM3972,aarF,4178671,-0.0023805933,Coenzyme transport and metabolism,#008000,
STM3973,tatA,4180517,-0.0032169529000000002,"Intracellular trafficking, secretion, and vesicular transport",#8b4513,
STM3974,tatB,4180775,0.0049282339000000005,"Intracellular trafficking, secretion, and vesicular transport",#8b4513,
STM3975,tatC,4181326,-0.010463238500000001,"Intracellular trafficking, secretion, and vesicular transport",#8b4513,
STM3976,yigW,4182147,-0.0094403008,"Replication, recombination and repair",#ff00ff,
STM3977,rfaH,4182937,0.0022649345,Transcription,#f4a460,
STM3978,yigC,4183611,0.00024753110000000003,Coenzyme transport and metabolism,#008000,
STM3979,ubiB,4185175,-0.0066185160000000005,Energy production and conversion,#90ee90,
STM3982,fadA,4188150,-0.014361810000000001,Lipid transport and metabolism,#40e0d0,
STM3983,fadB,4189323,-0.0053978457,Lipid transport and metabolism,#40e0d0,
STM3984,pepQ,4191702,-0.0025810797000000003,Amino acid transport and metabolism,#ff0000,
STM3985,yigZ,4193033,-0.00045061360000000003,Function unknown,#708090,
STM3986,trkH,4193686,-0.0028420727,Inorganic ion transport and metabolism,#0000ff,
STM3987,hemG,4195149,-0.0027431916,Energy production and conversion,#90ee90,
STM3993,mobB,4201697,-0.0093580291,Coenzyme transport and metabolism,#008000,
STM3994,mobA,4202209,-0.0014763744,Coenzyme transport and metabolism,#008000,
STM3995,yihD,4202863,0.0098530934,Function unknown,#708090,
STM3996,yihE,4203209,-0.0072011746000000005,Nucleotide transport and metabolism,#00bfbf,
STM3997,dsbA,4204212,-0.011628536,Cell wall/membrane/envelope biogenesis,#c71585,
STM3998,yihG,4204848,0.012201726900000001,Lipid transport and metabolism,#40e0d0,
STM3999,polA,4206144,-0.0021097018,"Replication, recombination and repair",#ff00ff,
STM4001,yihA,4209265,-0.0133838529,"Cell cycle control, cell division, chromosome partitioning",#bfbf00,
STM4003,yihI,4210480,-0.0093753255,Function unknown,#708090,
STM4004,hemN,4211184,-0.005494670100000001,Coenzyme transport and metabolism,#008000,
STM4005,glnG,4212870,-0.0010730659,Signal transduction mechanisms,#00ff00,
STM4006,glnL,4214288,0.009676987,Nucleotide transport and metabolism,#00bfbf,
STM4007,glnA,4215612,-0.0038530996000000002,Nucleotide transport and metabolism,#00bfbf,
STM4009,typA,4217397,-0.0027677709,Signal transduction mechanisms,#00ff00,
STM4010,STM4010,4219275,0.0076593084,Function unknown,#708090,
STM4011,STM4011,4219994,0.0100608035,No COG annotation,#87cefa,
STM4012,STM4012,4220869,0.0086010483,Coenzyme transport and metabolism,#008000,
STM4013,STM4013,4222112,0.011035259700000001,Inorganic ion transport and metabolism,#0000ff,
STM4014,STM4014,4222980,0.003595514,Coenzyme transport and metabolism,#008000,
STM4015,STM4015,4224018,-0.0080333608,Function unknown,#708090,
STM4016,yshA,4225023,0.012741183500000001,Cell wall/membrane/envelope biogenesis,#c71585,
STM4017,yihO,4225783,-0.0049446063,Carbohydrate transport and metabolism,#ffc0cb,
STM4018,yihP,4227250,-5.4769400000000005e-05,Carbohydrate transport and metabolism,#ffc0cb,
STM4019,yihQ,4228678,0.0019096628000000002,Carbohydrate transport and metabolism,#ffc0cb,
STM4020,yihR,4230758,-0.0010321961,Carbohydrate transport and metabolism,#ffc0cb,
STM4021,yihS,4231619,0.0053046124,Carbohydrate transport and metabolism,#ffc0cb,
STM4022,yihT,4232876,0.0013139872,Carbohydrate transport and metabolism,#ffc0cb,
STM4023,yihU,4233777,0.014908822700000001,Lipid transport and metabolism,#40e0d0,
STM4024,yihV,4234838,-0.0045471683,Coenzyme transport and metabolism,#008000,
STM4025,yihW,4235768,0.0018178219000000002,Transcription,#f4a460,
STM4026,yihX,4236762,-0.0020323982,Function unknown,#708090,
STM4027,rbn,4237355,-0.012861554400000001,Function unknown,#708090,
STM4028,yihZ,4238224,-0.0012515344,"Translation, ribosomal structure and biogenesis",#000000,
STM4029,yiiD,4238658,-0.0107988411,Transcription,#f4a460,
STM4030,STM4030,4239662,-0.0067187071000000004,Transcription,#f4a460,
STM4031,STM4031,4240105,-0.0109559952,Function unknown,#708090,
STM4032,STM4032,4240502,-0.0013068628,Lipid transport and metabolism,#40e0d0,
STM4033,STM4033,4241997,-0.0058418497,Transcription,#f4a460,
STM4034,fdhE,4242298,0.0019052994,"Post-translational modification, protein turnover,and chaperones",#87ceeb,
STM4035,fdoI,4243224,0.0014025572,Energy production and conversion,#90ee90,
STM4036,fdoH,4243856,0.004727338,Energy production and conversion,#90ee90,
STM4038,fdhD,4248016,-0.0052616853,Energy production and conversion,#90ee90,
STM4039,STM4039,4249120,-0.0034872107,Function unknown,#708090,
STM4040,yiiG,4250376,0.0083463324,Cell wall/membrane/envelope biogenesis,#c71585,
STM4041,STM4041,4251789,-0.007678879400000001,Function unknown,#708090,
STM4042,STM4042,4252112,-0.0141406714,Amino acid transport and metabolism,#ff0000,
STM4042A,STM4042A,4252854,-0.0065652304,Transcription,#f4a460,
STM4043,yiiL,4253509,0.0087226685,Carbohydrate transport and metabolism,#ffc0cb,
STM4044,STM4044,4253820,-0.0172349576,Energy production and conversion,#90ee90,
STM4045,rhaD,4255095,-0.004464596,Coenzyme transport and metabolism,#008000,
STM4046,rhaA,4256065,-0.0064822974,Carbohydrate transport and metabolism,#ffc0cb,
STM4047,rhaB,4257321,-0.012085579800000001,Nucleotide transport and metabolism,#00bfbf,
STM4048,rhaS,4259078,-0.0051321100000000005,Transcription,#f4a460,
STM4049,rhaR,4260067,-0.0158292506,Transcription,#f4a460,
STM4050,rhaT,4260912,-0.0137019871,"Intracellular trafficking, secretion, and vesicular transport",#8b4513,
STM4051,STM4051,4262565,-0.0108150811,Cell wall/membrane/envelope biogenesis,#c71585,
STM4052,STM4052,4263406,-0.0006440561,Carbohydrate transport and metabolism,#ffc0cb,
STM4053,STM4053,4264706,-0.0036562516000000003,Carbohydrate transport and metabolism,#ffc0cb,
STM4054,STM4054,4265240,-0.0071855258,Carbohydrate transport and metabolism,#ffc0cb,
STM4055,sodA,4266552,0.0047711245000000005,Energy production and conversion,#90ee90,
STM4056,yiiM,4267179,0.010436537000000001,Function unknown,#708090,
STM4057,STM4057,4267943,-0.0003304442,Function unknown,#708090,
STM4058,cpxA,4268389,-0.0050279417,Signal transduction mechanisms,#00ff00,
STM4059,cpxR,4269759,-0.0036137949000000003,Transcription,#f4a460,
STM4060,cpxP,4270608,0.024487886,Cell motility,#da70d6,
STM4061,yiiP,4271256,-0.0094317575,Inorganic ion transport and metabolism,#0000ff,
STM4062,pfkA,4272343,0.0041240908,Nucleotide transport and metabolism,#00bfbf,
STM4063,sbp,4273509,-0.018268286800000002,Inorganic ion transport and metabolism,#0000ff,
STM4064,ushB,4274599,-0.005878454500000001,Lipid transport and metabolism,#40e0d0,
STM4065,STM4065,4275617,0.0023023522,Carbohydrate transport and metabolism,#ffc0cb,
STM4066,STM4066,4276962,-0.01072162,Carbohydrate transport and metabolism,#ffc0cb,
STM4067,STM4067,4277931,-0.006367755,"Post-translational modification, protein turnover,and chaperones",#87ceeb,
STM4068,STM4068,4279034,-0.0216450832,Transcription,#f4a460,
STM4069,STM4069,4279854,-0.0102523156,Inorganic ion transport and metabolism,#0000ff,
STM4072,ydeV,4280619,0.0006702649,Carbohydrate transport and metabolism,#ffc0cb,
STM4073,ydeW,4282299,0.0069709133,Transcription,#f4a460,
STM4074,ego,4283514,0.0028403862,Carbohydrate transport and metabolism,#ffc0cb,
STM4075,ydeY,4285043,0.0020570956,"Intracellular trafficking, secretion, and vesicular transport",#8b4513,
STM4076,ydeZ,4286083,0.0115727076,"Intracellular trafficking, secretion, and vesicular transport",#8b4513,
STM4077,yneA,4287113,-0.0075019366,Carbohydrate transport and metabolism,#ffc0cb,
STM4078,yneB,4288164,-0.0192923418,Carbohydrate transport and metabolism,#ffc0cb,
STM4079,yneC,4289083,-0.0059807723,Function unknown,#708090,
STM4080,STM4080,4289422,0.0005585395,Carbohydrate transport and metabolism,#ffc0cb,
STM4081,tpiA,4290278,-0.0096630272,Carbohydrate transport and metabolism,#ffc0cb,
STM4082,yiiQ,4291158,-0.0430563788,Function unknown,#708090,
STM4083,yiiR,4291855,-0.0155798801,Function unknown,#708090,
STM4084,fpr,4292390,-0.0058455698,Energy production and conversion,#90ee90,
STM4085,glpX,4293233,0.09714092860000001,Carbohydrate transport and metabolism,#ffc0cb,https://salmonella.biocyc.org/gene?orgid=SENT99287&id=STM4085
STM4086,glpK,4294355,0.2454971222,Nucleotide transport and metabolism,#00bfbf,https://salmonella.biocyc.org/gene?orgid=SENT99287&id=STM4086
STM4087,glpF,4295884,0.2769734695,"Intracellular trafficking, secretion, and vesicular transport",#8b4513,https://salmonella.biocyc.org/gene?orgid=SENT99287&id=STM4087
STM4088,yiiU,4297128,0.0185566846,No COG annotation,#87cefa,
STM4089,menG,4297589,-0.0142855208,Coenzyme transport and metabolism,#008000,
STM4090,menA,4298167,-0.0085041783,Coenzyme transport and metabolism,#008000,
STM4091,hslU,4299163,0.0001105033,Nucleotide transport and metabolism,#00bfbf,
STM4093,ftsN,4301126,-0.0022456319,"Cell cycle control, cell division, chromosome partitioning",#bfbf00,
STM4094,cytR,4302194,0.009834402,Transcription,#f4a460,
STM4095,priA,4303374,-0.0054392316,"Replication, recombination and repair",#ff00ff,
STM4096,rpmE,4305776,-0.0034638560000000004,"Translation, ribosomal structure and biogenesis",#000000,
STM4097,STM4097,4306034,-0.0010906679000000001,Function unknown,#708090,
STM4098,STM4098,4306897,0.00041471440000000003,Cell wall/membrane/envelope biogenesis,#c71585,
STM4099,metJ,4309144,-0.003774935,Transcription,#f4a460,
STM4100,metB,4309726,-0.0184981226,Amino acid transport and metabolism,#ff0000,
STM4101,metL,4310889,-0.014874482500000001,Amino acid transport and metabolism,#ff0000,
STM4103,STM4103,4315530,0.0021743319,"Replication, recombination and repair",#ff00ff,
STM4104,STM4104,4316790,-0.0004643169,Nucleotide transport and metabolism,#00bfbf,
STM4105,metF,4318541,-0.005123836200000001,Amino acid transport and metabolism,#ff0000,
STM4106,katG,4319596,0.0036270760000000003,Inorganic ion transport and metabolism,#0000ff,
STM4107,yijF,4321834,-0.003136498,Function unknown,#708090,
STM4108,gldA,4322716,-0.0107117029,Energy production and conversion,#90ee90,
STM4109,talC,4323831,-0.002825834,Carbohydrate transport and metabolism,#ffc0cb,
STM4110,ptsA,4324504,-0.0043724573,Carbohydrate transport and metabolism,#ffc0cb,
STM4112,frwC,4327314,-0.0344259972,Carbohydrate transport and metabolism,#ffc0cb,
STM4113,frwB,4328408,-0.0127014352,Carbohydrate transport and metabolism,#ffc0cb,
STM4114,pflD,4328827,-0.004383898000000001,Energy production and conversion,#90ee90,
STM4115,pflC,4331090,-0.006670620600000001,Coenzyme transport and metabolism,#008000,
STM4116,frwD,4331970,-0.015975988,Carbohydrate transport and metabolism,#ffc0cb,
STM4117,yijO,4332310,-0.0096329959,Transcription,#f4a460,
STM4118,yijP,4333322,-0.007573636000000001,Function unknown,#708090,
STM4119,ppc,4335266,-0.0003813643,Coenzyme transport and metabolism,#008000,
STM4120,argE,4338286,-0.0184463191,Amino acid transport and metabolism,#ff0000,
STM4121,argC,4339526,0.006162645400000001,Amino acid transport and metabolism,#ff0000,
STM4122,argB,4340538,-0.0084394421,Nucleotide transport and metabolism,#00bfbf,
STM4123,argH,4341432,-0.0009421182,Amino acid transport and metabolism,#ff0000,
STM4125,oxyR,4343093,-0.008421064,Transcription,#f4a460,
STM4126,udhA,4343993,-0.0092711762,Energy production and conversion,#90ee90,
STM4127,yijC,4345592,-0.0008619284,Transcription,#f4a460,
STM4128,yijD,4346243,-0.0088374453,Function unknown,#708090,
STM4129,trmA,4346649,-0.0059802022000000005,"Translation, ribosomal structure and biogenesis",#000000,
STM4130,btuB,4348123,-0.0010636922,Inorganic ion transport and metabolism,#0000ff,
STM4131,murI,4349912,0.0010031049,Cell wall/membrane/envelope biogenesis,#c71585,
STM4137,murB,4356685,-0.0050730473,Cell wall/membrane/envelope biogenesis,#c71585,
STM4138,birA,4357710,-0.011914663800000001,Coenzyme transport and metabolism,#008000,
STM4139,coaA,4358707,-0.0176816571,Nucleotide transport and metabolism,#00bfbf,
STM4146,tufB,4360616,0.0040158012,"Translation, ribosomal structure and biogenesis",#000000,
STM4147,secE,4362030,-0.0003663164,"Intracellular trafficking, secretion, and vesicular transport",#8b4513,
STM4148,nusG,4362415,-0.0004311737,Transcription,#f4a460,
STM4149,rplK,4363118,-0.0042955976,"Translation, ribosomal structure and biogenesis",#000000,
STM4150,rplA,4363550,5.1768e-06,"Translation, ribosomal structure and biogenesis",#000000,
STM4151,rplJ,4364674,0.007727452300000001,"Translation, ribosomal structure and biogenesis",#000000,
STM4152,rplL,4365238,-0.0044818918,"Translation, ribosomal structure and biogenesis",#000000,
STM4153,rpoB,4365921,8.28731e-05,Transcription,#f4a460,
STM4154,rpoC,4370026,0.0036061976,Transcription,#f4a460,
STM4155,STM4155,4374291,-0.015909746500000002,No COG annotation,#87cefa,
STM4156,STM4156,4374620,-0.0089805366,No COG annotation,#87cefa,
STM4157,STM4157,4375363,-0.0119182448,No COG annotation,#87cefa,
STM4158,STM4158,4376696,-0.015390847400000001,No COG annotation,#87cefa,
STM4159,thiH,4377035,-0.0069475458000000006,Energy production and conversion,#90ee90,
STM4160,thiG,4378165,0.0069371584,Coenzyme transport and metabolism,#008000,
STM4161,STM4161,4378937,-0.012906043,Coenzyme transport and metabolism,#008000,
STM4162,thiF,4379118,0.008648289600000001,Coenzyme transport and metabolism,#008000,
STM4163,thiE,4379869,-0.0112165046,Coenzyme transport and metabolism,#008000,
STM4164,thiC,4380504,-0.0123217458,Coenzyme transport and metabolism,#008000,
STM4165,rsd,4382763,0.015138804,Transcription,#f4a460,
STM4166,yjaD,4383344,-0.007536534300000001,"Replication, recombination and repair",#ff00ff,
STM4167,hemE,4384158,-0.0005415606000000001,Coenzyme transport and metabolism,#008000,
STM4168,nfi,4385232,0.0057857118,"Replication, recombination and repair",#ff00ff,
STM4169,yjaG,4385945,0.0008774611,Function unknown,#708090,
STM4170,hupA,4386722,-0.0013700211,"Replication, recombination and repair",#ff00ff,
STM4171,yjaH,4387006,-0.0017977422,Function unknown,#708090,
STM4172,zraP,4387740,-0.0201944574,Cell motility,#da70d6,
STM4173,hydH,4388449,-0.0012530072,Signal transduction mechanisms,#00ff00,
STM4174,hydG,4389852,-0.0076035926,Signal transduction mechanisms,#00ff00,
STM4175,purD,4391174,0.0041659585,Nucleotide transport and metabolism,#00bfbf,
STM4176,purH,4392475,-0.0014673063000000001,Nucleotide transport and metabolism,#00bfbf,
STM4181,yjaB,4400260,-0.0076965807,Transcription,#f4a460,
STM4182,metA,4400854,-0.0020440645,Amino acid transport and metabolism,#ff0000,
STM4183,aceB,4402052,-0.012136689800000001,Coenzyme transport and metabolism,#008000,
STM4184,aceA,4403685,0.0037257888,Energy production and conversion,#90ee90,
STM4185,aceK,4405091,0.0157657827,Nucleotide transport and metabolism,#00bfbf,
STM4186,STM4186,4406806,0.0005467818,Function unknown,#708090,
STM4187,iclR,4407224,0.0019628782,Transcription,#f4a460,
STM4188,metH,4408265,0.0072198905,Coenzyme transport and metabolism,#008000,
STM4189,yjbB,4412302,0.0008287043,Inorganic ion transport and metabolism,#0000ff,
STM4190,pepE,4414009,0.0109764891,Amino acid transport and metabolism,#ff0000,
STM4192,STM4192,4414906,-0.0047208428000000005,Function unknown,#708090,
STM4193,yjbC,4415492,-0.0048977661,"Translation, ribosomal structure and biogenesis",#000000,
STM4194,yjbD,4416358,0.0061564343,Function unknown,#708090,
STM4198,STM4198,4419395,-0.0058539824,Function unknown,#708090,
STM4199,STM4199,4419847,-0.014104731,Function unknown,#708090,
STM4201,STM4201,4422205,0.0121593227,Function unknown,#708090,
STM4202,STM4202,4422830,-0.0087064649,Function unknown,#708090,
STM4203,STM4203,4423936,-0.0146386729,Function unknown,#708090,
STM4204,STM4204,4424459,0.0021048861000000003,No COG annotation,#87cefa,
STM4205,STM4205,4426006,-0.0117800434,Cell wall/membrane/envelope biogenesis,#c71585,
STM4207,STM4207,4427622,-0.0096057157,Function unknown,#708090,
STM4208,STM4208,4428354,0.0035746289,Function unknown,#708090,
STM4210,STM4210,4429594,-0.0053646426,Function unknown,#708090,
STM4211,STM4211,4430547,-0.005987628300000001,Function unknown,#708090,
STM4212,STM4212,4433455,-0.004706447,Function unknown,#708090,
STM4213,STM4213,4433979,-0.0115276974,Function unknown,#708090,
STM4215,STM4215,4435590,0.0256578631,Function unknown,#708090,
STM4216,STM4216,4436205,-0.0086800214,No COG annotation,#87cefa,
STM4217,STM4217,4436532,-0.0014812839,Cell wall/membrane/envelope biogenesis,#c71585,
STM4218,STM4218,4437140,0.026748352200000002,Function unknown,#708090,
STM4220,lysC,4438483,0.010822262800000001,Amino acid transport and metabolism,#ff0000,
STM4221,pgi,4440177,-0.0048012011,Carbohydrate transport and metabolism,#ffc0cb,
STM4222,yjbE,4442267,-0.0213732198,No COG annotation,#87cefa,
STM4223,yjbF,4442546,-0.002785969,Cell wall/membrane/envelope biogenesis,#c71585,
STM4224,yjbG,4443211,-0.002819915,Function unknown,#708090,
STM4225,yjbH,4443948,-0.0053480189,Cell wall/membrane/envelope biogenesis,#c71585,
STM4226,yjbA,4446187,0.0015500447,Function unknown,#708090,
STM4227,malG,4446763,-0.0086759461,"Intracellular trafficking, secretion, and vesicular transport",#8b4513,
STM4228,malF,4447668,-0.0208343404,"Intracellular trafficking, secretion, and vesicular transport",#8b4513,
STM4229,malE,4449344,0.0020041513,Carbohydrate transport and metabolism,#ffc0cb,
STM4230,malK,4450896,0.0052327227,Amino acid transport and metabolism,#ff0000,
STM4231,lamB,4452094,-0.0005760456000000001,Cell wall/membrane/envelope biogenesis,#c71585,
STM4232,malM,4453616,0.0130048717,Function unknown,#708090,
STM4233,ubiC,4454714,0.0154555104,Coenzyme transport and metabolism,#008000,
STM4234,ubiA,4455225,0.0216155347,Coenzyme transport and metabolism,#008000,
STM4235,plsB,4456196,-0.0116174411,Lipid transport and metabolism,#40e0d0,
STM4236,dgkA,4458787,-0.0026534233,Cell wall/membrane/envelope biogenesis,#c71585,
STM4237,lexA,4459264,0.0087805444,Transcription,#f4a460,
STM4238,dinF,4460051,0.0024646861000000003,Defense mechanisms,#d3d3d3,
STM4240,yjbJ,4461505,-0.0198447881,Function unknown,#708090,
STM4241,zur,4461816,-0.0035018611000000002,Inorganic ion transport and metabolism,#0000ff,
STM4242,STM4242,4462578,-0.019332365100000002,Function unknown,#708090,
STM4243,yjbN,4463976,-0.0034141708,"Translation, ribosomal structure and biogenesis",#000000,
STM4244,yjbO,4465142,-0.0163592003,Function unknown,#708090,
STM4245,qor,4465559,0.0042078627,Energy production and conversion,#90ee90,
STM4246,dnaB,4466607,-0.0039195366,Nucleotide transport and metabolism,#00bfbf,
STM4247,alr,4468054,-0.0104731479,Amino acid transport and metabolism,#ff0000,
STM4248,tyrB,4469319,-0.0103522015,Amino acid transport and metabolism,#ff0000,
STM4249,aphA,4470699,-0.0131673812,Function unknown,#708090,
STM4250,yjbQ,4471541,-0.0128596569,Function unknown,#708090,
STM4251,yjbR,4471960,-0.0002798309,Function unknown,#708090,
STM4252,STM4252,4472317,0.0005631179,No COG annotation,#87cefa,
STM4253,STM4253,4472642,-0.010894322000000001,No COG annotation,#87cefa,
STM4254,uvrA,4473229,-0.0006711180000000001,"Replication, recombination and repair",#ff00ff,
STM4256,ssb,4476302,5.31633e-05,"Replication, recombination and repair",#ff00ff,
STM4257,STM4257,4477873,-0.0227304072,No COG annotation,#87cefa,
STM4258,STM4258,4478502,-0.014816326000000001,"Intracellular trafficking, secretion, and vesicular transport",#8b4513,
STM4259,STM4259,4479880,-0.0097360434,Cell wall/membrane/envelope biogenesis,#c71585,
STM4260,STM4260,4481196,-0.017818286200000002,Cell wall/membrane/envelope biogenesis,#c71585,
STM4262,STM4262,4499209,-0.0061528234,Defense mechanisms,#d3d3d3,
STM4263,yjcB,4501553,-0.0054613288,Function unknown,#708090,
STM4264,yjcC,4502397,0.0097972579,Signal transduction mechanisms,#00ff00,
STM4265,soxS,4503986,-0.0007291689000000001,Transcription,#f4a460,
STM4266,soxR,4504396,-0.0065398872,Transcription,#f4a460,
STM4267,STM4267,4505147,0.0017818663,"Post-translational modification, protein turnover,and chaperones",#87ceeb,
STM4268,yjcD,4506162,0.014900186000000001,Function unknown,#708090,
STM4269,yjcE,4507661,-0.0014992348,Inorganic ion transport and metabolism,#0000ff,
STM4270,STM4270,4509402,-0.0042376601,Transcription,#f4a460,
STM4272,STM4272,4510796,-0.0016944696,Cell wall/membrane/envelope biogenesis,#c71585,
STM4273,yjcG,4511524,-0.0071117665,Inorganic ion transport and metabolism,#0000ff,
STM4274,yjcH,4513170,-0.0212999993,Function unknown,#708090,
STM4275,acs,4513730,0.0083869517,Nucleotide transport and metabolism,#00bfbf,
STM4277,nrfA,4516120,0.007770794100000001,Energy production and conversion,#90ee90,
STM4278,nrfB,4517581,0.00011225900000000001,Inorganic ion transport and metabolism,#0000ff,
STM4279,nrfC,4518231,0.0128964419,Energy production and conversion,#90ee90,
STM4280,nrfD,4518899,-0.0042303665,Inorganic ion transport and metabolism,#0000ff,
STM4281,nrfE,4519848,-0.0088794939,"Post-translational modification, protein turnover,and chaperones",#87ceeb,
STM4282,nrfG,4522067,-0.014457930300000001,"Post-translational modification, protein turnover,and chaperones",#87ceeb,
STM4283,gltP,4523032,0.0122191629,Energy production and conversion,#90ee90,
STM4284,yjcO,4524500,-0.013124529900000001,Function unknown,#708090,
STM4287,phnO,4529034,0.0046478545000000005,Transcription,#f4a460,
STM4288,phnB,4529620,-0.005486141,Function unknown,#708090,
STM4289,phnA,4530183,0.0062987586,Inorganic ion transport and metabolism,#0000ff,
STM4290,proP,4530986,0.0031329316,Amino acid transport and metabolism,#ff0000,
STM4291,basS,4532655,0.0046298902,Signal transduction mechanisms,#00ff00,
STM4292,basR,4533735,-0.0005204687,Transcription,#f4a460,
STM4293,yjdB,4534400,-0.0083990403,Function unknown,#708090,
STM4294,yjdE,4536177,-0.0027594315000000003,"Intracellular trafficking, secretion, and vesicular transport",#8b4513,
STM4295,adiY,4537654,0.0064106829,Transcription,#f4a460,
STM4296,adi,4538713,-0.015617705800000001,Amino acid transport and metabolism,#ff0000,
STM4297,melR,4541213,0.0045292618,Transcription,#f4a460,
STM4298,melA,4542414,0.0184467448,Carbohydrate transport and metabolism,#ffc0cb,
STM4299,melB,4543853,0.0136226938,Carbohydrate transport and metabolism,#ffc0cb,
STM4300,fumB,4545381,-0.0225688336,Energy production and conversion,#90ee90,
STM4301,dcuB,4547123,0.0026406037000000003,Function unknown,#708090,
STM4302,STM4302,4548610,0.0009617077,No COG annotation,#87cefa,
STM4303,dcuR,4549193,-0.0070305593,Transcription,#f4a460,
STM4304,dcuS,4549909,0.0007294531000000001,Signal transduction mechanisms,#00ff00,
STM4305,STM4305,4551974,0.0028696852,Energy production and conversion,#90ee90,
STM4306,STM4306,4554339,0.0097438064,Energy production and conversion,#90ee90,
STM4307,STM4307,4554958,0.008984833000000001,Function unknown,#708090,
STM4308,STM4308,4555747,0.0006871865000000001,Function unknown,#708090,
STM4309,STM4309,4556484,0.0115871195,Function unknown,#708090,
STM4310,STM4310,4558188,0.0041192021,Function unknown,#708090,
STM4312,STM4312,4560099,0.0090881903,No COG annotation,#87cefa,
STM4313,STM4313,4560376,-0.0073698821,"Secondary metabolites biosynthesis, transport, and catabolism",#1e90ff,
STM4315,STM4315,4560898,-0.0049519237,Transcription,#f4a460,
STM4317,STM4317,4562576,0.0038872393000000003,Function unknown,#708090,
STM4318,STM4318,4562866,-0.0079440364,Function unknown,#708090,
STM4319,phoN,4563605,0.0070734821,Cell wall/membrane/envelope biogenesis,#c71585,
STM4320,STM4320,4566015,0.00021816240000000002,Transcription,#f4a460,
STM4322,yjdC,4566786,0.0131802875,Transcription,#f4a460,
STM4323,dsbD,4567398,-0.0028107497,Energy production and conversion,#90ee90,
STM4324,cutA,4569077,0.0048423599,Inorganic ion transport and metabolism,#0000ff,
STM4325,dcuA,4569545,-0.011961822300000001,Function unknown,#708090,
STM4326,aspA,4570961,-0.0025723347,Amino acid transport and metabolism,#ff0000,
STM4327,fxsA,4572699,-0.011832018500000001,Function unknown,#708090,
STM4328,yjeH,4573273,-0.0082221323,Amino acid transport and metabolism,#ff0000,
STM4330,mopA,4575127,0.0042004213,"Post-translational modification, protein turnover,and chaperones",#87ceeb,
STM4331,yjeI,4576999,-0.0096242553,Function unknown,#708090,
STM4332,yjeJ,4577418,0.015273029200000001,Function unknown,#708090,
STM4333,yjeK,4578557,0.0027708614,Energy production and conversion,#90ee90,
STM4334,efp,4579626,-0.0055864452,"Translation, ribosomal structure and biogenesis",#000000,
STM4337,ecnR,4580672,-0.018968078700000002,Transcription,#f4a460,
STM4338,sugE,4581516,0.0025984434,"Intracellular trafficking, secretion, and vesicular transport",#8b4513,
STM4339,blc,4581850,-0.009738079,Cell wall/membrane/envelope biogenesis,#c71585,
STM4340,frdD,4582495,0.0093628861,Energy production and conversion,#90ee90,
STM4341,frdC,4582865,0.0148758259,Energy production and conversion,#90ee90,
STM4342,frdB,4583271,0.0081616031,Energy production and conversion,#90ee90,
STM4343,frdA,4583998,0.0039485555,Energy production and conversion,#90ee90,
STM4344,yjeA,4586111,-0.0015369452000000001,"Translation, ribosomal structure and biogenesis",#000000,
STM4345,yjeM,4587314,0.0030793244,"Intracellular trafficking, secretion, and vesicular transport",#8b4513,
STM4346,yjeO,4588868,0.0115195817,Function unknown,#708090,
STM4347,yjeP,4589249,-0.0016969692,"Replication, recombination and repair",#ff00ff,
STM4348,psd,4592594,-0.008818787600000001,Lipid transport and metabolism,#40e0d0,
STM4349,yjeQ,4593654,0.0051555617,Function unknown,#708090,
STM4350,orn,4594813,0.0013386868,RNA processing and modification,#add8e6,
STM4355,yjeS,4597245,0.0096933273,Energy production and conversion,#90ee90,
STM4356,yjeF,4598383,0.0114232489,Coenzyme transport and metabolism,#008000,
STM4357,yjeE,4599902,0.0034909958,Function unknown,#708090,
STM4358,amiB,4600380,0.0098243614,Cell wall/membrane/envelope biogenesis,#c71585,
STM4359,mutL,4601709,0.0120109299,"Replication, recombination and repair",#ff00ff,
STM4360,miaA,4603558,0.0083450823,Nucleotide transport and metabolism,#00bfbf,
STM4361,hfq,4604591,0.005514675,"Translation, ribosomal structure and biogenesis",#000000,
STM4362,hflX,4604971,0.0045932339,Function unknown,#708090,
STM4363,hflK,4606466,-0.0026276115,"Post-translational modification, protein turnover,and chaperones",#87ceeb,
STM4364,hflC,4607728,-0.0012978402,"Post-translational modification, protein turnover,and chaperones",#87ceeb,
STM4366,purA,4609111,-0.0118037257,Nucleotide transport and metabolism,#00bfbf,
STM4367,yjeB,4610616,0.0023400697,Transcription,#f4a460,
STM4368,vacB,4611079,-0.002082345,"Translation, ribosomal structure and biogenesis",#000000,
STM4369,yjfH,4613608,-0.0046128094,"Translation, ribosomal structure and biogenesis",#000000,
STM4370,yjfI,4614471,-0.0045643356,Function unknown,#708090,
STM4372,STM4372,4615588,-0.008883594,Inorganic ion transport and metabolism,#0000ff,
STM4373,yjfK,4616631,-0.0083454171,Function unknown,#708090,
STM4374,yjfL,4617332,-0.0146153242,Function unknown,#708090,
STM4375,yjfM,4617740,0.0039573653000000006,Function unknown,#708090,
STM4376,yjfC,4618381,0.005048648,Amino acid transport and metabolism,#ff0000,
STM4377,aidB,4619629,0.002992934,Lipid transport and metabolism,#40e0d0,
STM4378,yjfN,4621296,0.0081141118,Function unknown,#708090,
STM4379,yjfO,4621702,0.0177705387,Function unknown,#708090,
STM4380,yjfP,4622215,0.0111791145,Function unknown,#708090,
STM4381,yjfQ,4622961,0.0060172774,Transcription,#f4a460,
STM4382,yjfR,4623821,0.0035656850000000003,Function unknown,#708090,
STM4383,sgaT,4625215,0.0091780212,"Intracellular trafficking, secretion, and vesicular transport",#8b4513,
STM4384,sgaB,4626661,0.021824265000000002,Carbohydrate transport and metabolism,#ffc0cb,
STM4385,ptxA,4626976,-0.0052250623000000005,Carbohydrate transport and metabolism,#ffc0cb,
STM4386,sgaH,4627454,0.0096810334,Nucleotide transport and metabolism,#00bfbf,
STM4387,sgaU,4628114,0.0215061519,Carbohydrate transport and metabolism,#ffc0cb,
STM4388,sgaE,4628968,-0.0001942499,Carbohydrate transport and metabolism,#ffc0cb,
STM4391,rpsF,4630529,0.0027556929,"Translation, ribosomal structure and biogenesis",#000000,
STM4392,priB,4630931,-0.0032044105,"Replication, recombination and repair",#ff00ff,
STM4393,rpsR,4631250,-4.8343e-05,"Translation, ribosomal structure and biogenesis",#000000,
STM4394,rplI,4631519,-0.003853345,"Translation, ribosomal structure and biogenesis",#000000,
STM4395,yifZ,4632116,0.0048879664,Amino acid transport and metabolism,#ff0000,
STM4396,ytfB,4633092,-0.009568216400000001,Cell wall/membrane/envelope biogenesis,#c71585,
STM4397,fklB,4633905,0.0070359927,Carbohydrate transport and metabolism,#ffc0cb,
STM4398,cycA,4634863,-0.0016057785000000002,Amino acid transport and metabolism,#ff0000,
STM4399,ytfE,4636384,-0.0015489119000000001,"Cell cycle control, cell division, chromosome partitioning",#bfbf00,
STM4400,ytfF,4637149,0.0121392123,Amino acid transport and metabolism,#ff0000,
STM4401,ytfG,4638195,0.0005251520000000001,Carbohydrate transport and metabolism,#ffc0cb,
STM4402,ytfH,4639131,-0.0030404991,Transcription,#f4a460,
STM4403,cpdB,4639575,0.0093488696,Nucleotide transport and metabolism,#00bfbf,
STM4404,cysQ,4641786,0.0002042527,Inorganic ion transport and metabolism,#0000ff,
STM4405,ytfJ,4642516,-0.007420908,Function unknown,#708090,
STM4407,ytfL,4643691,-0.0018719962,Inorganic ion transport and metabolism,#0000ff,
STM4408,msrA,4645217,0.0038472162,"Post-translational modification, protein turnover,and chaperones",#87ceeb,
STM4409,ytfM,4646068,-0.0009374021000000001,Cell wall/membrane/envelope biogenesis,#c71585,
STM4410,ytfN,4647798,-0.0062694365,Function unknown,#708090,
STM4411,ytfP,4651580,0.001330615,Function unknown,#708090,
STM4412,STM4412,4651978,-0.0013130473,Inorganic ion transport and metabolism,#0000ff,
STM4413,STM4413,4653183,0.005386619400000001,Function unknown,#708090,
STM4414,ppa,4654756,0.0003640435,Energy production and conversion,#90ee90,
STM4415,fbp,4655513,0.0045544685000000005,Carbohydrate transport and metabolism,#ffc0cb,
STM4416,mpl,4656686,-0.0123854162,Cell wall/membrane/envelope biogenesis,#c71585,
STM4417,STM4417,4658556,0.0072343037,Transcription,#f4a460,
STM4418,STM4418,4659440,-0.0182136305,"Intracellular trafficking, secretion, and vesicular transport",#8b4513,
STM4419,STM4419,4661332,-0.006357261,"Intracellular trafficking, secretion, and vesicular transport",#8b4513,
STM4420,STM4420,4663121,-0.00044913820000000004,Carbohydrate transport and metabolism,#ffc0cb,
STM4421,STM4421,4663955,-0.0104909778,Energy production and conversion,#90ee90,
STM4423,STM4423,4665901,-0.0216567969,Transcription,#f4a460,
STM4424,STM4424,4666985,-0.0155224144,Carbohydrate transport and metabolism,#ffc0cb,
STM4425,STM4425,4667924,0.004174969000000001,Function unknown,#708090,
STM4426,srfJ,4669031,0.0103243272,Carbohydrate transport and metabolism,#ffc0cb,
STM4427,STM4427,4670375,0.0031168953000000003,Carbohydrate transport and metabolism,#ffc0cb,
STM4428,STM4428,4671205,0.0022931985,Amino acid transport and metabolism,#ff0000,
STM4433,STM4433,4676907,-0.0040470909000000005,Amino acid transport and metabolism,#ff0000,
STM4434,STM4434,4678002,-0.007793639000000001,Carbohydrate transport and metabolism,#ffc0cb,
STM4435,STM4435,4679389,-0.0202599568,Carbohydrate transport and metabolism,#ffc0cb,
STM4436,STM4436,4680257,-0.0033363945,Carbohydrate transport and metabolism,#ffc0cb,
STM4437,yjgA,4681197,-0.006220975,Function unknown,#708090,
STM4438,pmbA,4681844,0.0018414032,Function unknown,#708090,
STM4439,cybC,4683295,-0.0224774283,Energy production and conversion,#90ee90,
STM4440,STM4440,4683959,0.0028878003,Function unknown,#708090,
STM4441,STM4441,4684308,0.0089708103,Function unknown,#708090,
STM4442,STM4442,4684670,0.014487694300000001,Function unknown,#708090,
STM4443,STM4443,4684995,0.0029522955,Function unknown,#708090,
STM4444,STM4444,4685783,0.0071749552,Function unknown,#708090,
STM4445,STM4445,4686486,0.0014850835,Function unknown,#708090,
STM4446,STM4446,4687603,0.0112835352,Amino acid transport and metabolism,#ff0000,
STM4448,STM4448,4689475,0.00227566,Transcription,#f4a460,
STM4449,STM4449,4691466,-0.0051037312,"Replication, recombination and repair",#ff00ff,
STM4450,STM4450,4691698,0.0056999786,"Cell cycle control, cell division, chromosome partitioning",#bfbf00,
STM4451,nrdG,4691986,0.019019790300000002,Energy production and conversion,#90ee90,
STM4452,nrdD,4692571,0.0117795836,Nucleotide transport and metabolism,#00bfbf,
STM4453,treC,4695118,-0.0059105918,Carbohydrate transport and metabolism,#ffc0cb,
STM4455,treR,4698375,-0.0059043598,Transcription,#f4a460,
STM4456,mgtA,4699706,-0.0106253158,Inorganic ion transport and metabolism,#0000ff,
STM4457,STM4457,4702530,0.0024234256,Function unknown,#708090,
STM4458,yjgF,4703051,-0.0046320695000000005,"Translation, ribosomal structure and biogenesis",#000000,
STM4459,pyrI,4703514,0.0051727288,Nucleotide transport and metabolism,#00bfbf,
STM4460,pyrB,4703988,0.0077934021,Nucleotide transport and metabolism,#00bfbf,
STM4463,STM4463,4705150,-0.0065644185,Transcription,#f4a460,
STM4464,STM4464,4705825,-0.0025443567,Function unknown,#708090,
STM4465,STM4465,4707284,-0.0102570726,Amino acid transport and metabolism,#ff0000,
STM4466,STM4466,4708400,0.0011797023,Amino acid transport and metabolism,#ff0000,
STM4467,STM4467,4709343,-0.0052228424,Amino acid transport and metabolism,#ff0000,
STM4468,yjgK,4711239,-0.0087518023,Carbohydrate transport and metabolism,#ffc0cb,
STM4469,argI,4711765,0.0065646093,Amino acid transport and metabolism,#ff0000,
STM4470,yjgD,4712935,0.0062084195,Function unknown,#708090,
STM4471,miaE,4713363,-0.000751013,Nucleotide transport and metabolism,#00bfbf,
STM4472,ytgA,4714409,-0.004737861,Function unknown,#708090,
STM4473,yjgM,4715004,-0.0006891096,Transcription,#f4a460,
STM4474,yjgN,4715702,0.0034867978,Function unknown,#708090,
STM4475,valS,4717031,-0.0033745629,"Translation, ribosomal structure and biogenesis",#000000,
STM4476,holC,4719886,-0.0002022011,"Replication, recombination and repair",#ff00ff,
STM4477,pepA,4720466,0.0011598897000000001,Amino acid transport and metabolism,#ff0000,
STM4479,yjgP,4722372,-0.0056317057000000005,Function unknown,#708090,
STM4480,yjgQ,4723472,0.00028812630000000003,Function unknown,#708090,
STM4481,idnR,4724749,-0.0043929495,Transcription,#f4a460,
STM4482,idnT,4725811,0.0031044708,Amino acid transport and metabolism,#ff0000,
STM4483,idnO,4727192,0.0018214412,Lipid transport and metabolism,#40e0d0,
STM4484,idnD,4727981,-0.0019120631000000001,Amino acid transport and metabolism,#ff0000,
STM4485,idnK,4729229,0.0021404815000000002,Coenzyme transport and metabolism,#008000,
STM4486,yjgB,4729787,0.0054501613,Energy production and conversion,#90ee90,
STM4489,STM4489,4731981,0.0030805128,"Replication, recombination and repair",#ff00ff,
STM4490,STM4490,4735593,-0.0025915568,"Replication, recombination and repair",#ff00ff,
STM4491,STM4491,4736695,0.0084812385,"Post-translational modification, protein turnover,and chaperones",#87ceeb,
STM4492,STM4492,4738790,0.005410299800000001,Function unknown,#708090,
STM4493,STM4493,4741390,0.0090689328,Function unknown,#708090,
STM4494,STM4494,4742189,0.008304391900000001,Function unknown,#708090,
STM4495,STM4495,4743280,0.0049568505,Defense mechanisms,#d3d3d3,
STM4496,STM4496,4747003,0.0081218717,"Replication, recombination and repair",#ff00ff,
STM4497,STM4497,4750656,-0.0009962153,Function unknown,#708090,
STM4498,STM4498,4751255,0.0003546661,Function unknown,#708090,
STM4499,yeeN,4752683,-0.014398477100000001,Transcription,#f4a460,
STM4500,yjhP,4753959,-0.0052505783,Coenzyme transport and metabolism,#008000,
STM4501,STM4501,4755595,-0.019216646100000002,Function unknown,#708090,
STM4502,STM4502,4756341,-0.0109345458,Function unknown,#708090,
STM4504,STM4504,4758472,0.007127647000000001,No COG annotation,#87cefa,
STM4505,STM4505,4759588,0.0162369875,Function unknown,#708090,
STM4506,STM4506,4760046,-0.0185680012,"Secondary metabolites biosynthesis, transport, and catabolism",#1e90ff,
STM4507,uxuR,4761070,-0.0036794952,Transcription,#f4a460,
STM4508,trpS2,4761844,0.0027791414000000003,"Translation, ribosomal structure and biogenesis",#000000,
STM4509,STM4509,4763575,0.0049951634000000005,Function unknown,#708090,
STM4510,STM4510,4764344,0.0399433804,Carbohydrate transport and metabolism,#ffc0cb,
STM4511,yjiE,4765084,0.0261619701,Transcription,#f4a460,
STM4512,iadA,4766111,0.0178185735,Amino acid transport and metabolism,#ff0000,
STM4513,yjiG,4767296,0.009496102000000001,Function unknown,#708090,
STM4515,yjiJ,4769298,0.0117470466,Amino acid transport and metabolism,#ff0000,
STM4516,yjiN,4770702,0.0135219784,Function unknown,#708090,
STM4517,yjiO,4772060,-0.0026312726000000002,"Intracellular trafficking, secretion, and vesicular transport",#8b4513,
STM4518,STM4518,4773780,0.008105953400000001,Function unknown,#708090,
STM4519,STM4519,4774476,-0.0034072468000000003,Energy production and conversion,#90ee90,
STM4522,STM4522,4776290,-0.0035441175,No COG annotation,#87cefa,
STM4523,yjiW,4777065,-0.0054185342,"Translation, ribosomal structure and biogenesis",#000000,
STM4524,hsdS,4777624,0.0037489981,Defense mechanisms,#d3d3d3,
STM4525,hsdM,4779030,0.0025219639,Defense mechanisms,#d3d3d3,
STM4526,hsdR,4780777,-0.0080017601,"Replication, recombination and repair",#ff00ff,
STM4527,mrr,4784484,-0.0008321767,Defense mechanisms,#d3d3d3,
STM4528,STM4528,4785667,0.019432172100000002,Function unknown,#708090,
STM4529,STM4529,4785941,0.0069410478,Function unknown,#708090,
STM4530,yjiA,4786318,-0.0175915567,Function unknown,#708090,
STM4531,yjiX,4787285,-0.0191264815,Function unknown,#708090,
STM4532,yjiY,4787583,0.018672224600000002,Signal transduction mechanisms,#00ff00,
STM4533,tsr,4790100,-0.0052658951,Cell motility,#da70d6,
STM4534,STM4534,4792085,0.0045484265,Transcription,#f4a460,
STM4535,STM4535,4794952,-0.0021982953,Carbohydrate transport and metabolism,#ffc0cb,
STM4536,STM4536,4795389,-0.003368377,Carbohydrate transport and metabolism,#ffc0cb,
STM4537,STM4537,4795876,0.0069775106,Carbohydrate transport and metabolism,#ffc0cb,
STM4538,STM4538,4796645,0.0102840706,Carbohydrate transport and metabolism,#ffc0cb,
STM4539,STM4539,4797494,-0.0023183993,Cell wall/membrane/envelope biogenesis,#c71585,
STM4540,STM4540,4798552,0.0004265474,Cell wall/membrane/envelope biogenesis,#c71585,
STM4541,mdoB,4799717,-0.0020840947,Cell wall/membrane/envelope biogenesis,#c71585,
STM4542,yjjA,4802291,-0.0018084863,Function unknown,#708090,
STM4543,dnaC,4802810,-0.006314268400000001,"Replication, recombination and repair",#ff00ff,
STM4544,dnaT,4803550,-0.0005216017,"Translation, ribosomal structure and biogenesis",#000000,
STM4545,STM4545,4804182,-0.009848570400000001,Function unknown,#708090,
STM4546,yjjP,4804646,-0.0160050943,Function unknown,#708090,
STM4547,yjjQ,4806135,-0.0003483482,Transcription,#f4a460,
STM4548,bglJ,4806821,-0.019411176500000002,Transcription,#f4a460,
STM4549,STM4549,4807546,-0.0047740282000000005,Function unknown,#708090,
STM4550,fhuF,4808155,0.002697208,Function unknown,#708090,
STM4551,STM4551,4809064,-0.014269824200000001,Signal transduction mechanisms,#00ff00,
STM4552,STM4552,4810379,0.0150663479,Function unknown,#708090,
STM4556,rsmC,4811156,-0.0033792023,"Translation, ribosomal structure and biogenesis",#000000,
STM4557,holD,4812287,0.007190011400000001,Coenzyme transport and metabolism,#008000,
STM4558,rimI,4812669,-0.0063066182,Transcription,#f4a460,
STM4559,yjjG,4813134,-0.004794846,Function unknown,#708090,
STM4560,prfC,4813906,-0.0085451701,"Translation, ribosomal structure and biogenesis",#000000,
STM4561,osmY,4815897,0.0029342579000000003,Function unknown,#708090,
STM4563,yjjU,4816928,0.0129366766,Function unknown,#708090,
STM4565,yjjW,4818804,-0.0015483791000000002,"Post-translational modification, protein turnover,and chaperones",#87ceeb,
STM4566,yjjI,4819639,-0.0089022261,Nucleotide transport and metabolism,#00bfbf,
STM4567,deoC,4821431,0.0209715706,Nucleotide transport and metabolism,#00bfbf,
STM4568,deoA,4822352,-0.003756183,Nucleotide transport and metabolism,#00bfbf,
STM4569,deoB,4823726,0.0033074022,Carbohydrate transport and metabolism,#ffc0cb,
STM4570,deoD,4825159,-0.0003523693,Nucleotide transport and metabolism,#00bfbf,
STM4571,STM4571,4825916,-0.008892847300000001,No COG annotation,#87cefa,
STM4572,stjB,4826485,-0.0016074388000000002,Cell motility,#da70d6,
STM4573,stjC,4828907,0.0021398947,Cell motility,#da70d6,
STM4574,STM4574,4829692,-0.0074638294,Cell motility,#da70d6,
STM4576,lplA,4831431,-0.0131965225,Coenzyme transport and metabolism,#008000,
STM4577,smp,4832481,0.0030208356,Function unknown,#708090,
STM4578,serB,4833242,0.0015315807,Amino acid transport and metabolism,#ff0000,
STM4579,radA,4834294,-0.0014077908,"Post-translational modification, protein turnover,and chaperones",#87ceeb,
STM4580,nadR,4835827,-0.0070927945,Coenzyme transport and metabolism,#008000,
STM4581,yjjK,4837177,0.0016004957,Function unknown,#708090,
STM4582,slt,4839017,-0.0025211349000000003,Cell wall/membrane/envelope biogenesis,#c71585,
STM4583,trpR,4841048,0.0074443102,Transcription,#f4a460,
STM4584,yjjX,4841476,-0.0020345994,Nucleotide transport and metabolism,#00bfbf,
STM4585,gpmB,4842040,0.0034992113,Carbohydrate transport and metabolism,#ffc0cb,
STM4586,rob,4842684,0.0014274948000000001,Transcription,#f4a460,
STM4587,creA,4843765,-0.0099249277,Function unknown,#708090,
STM4588,creB,4844251,-0.0010017502,Transcription,#f4a460,
STM4589,creC,4844940,0.0005638555,Signal transduction mechanisms,#00ff00,
STM4590,creD,4846422,-0.0056208948,Defense mechanisms,#d3d3d3,
STM4591,sthE,4847829,-0.0024513549,Cell motility,#da70d6,
STM4592,sthD,4848955,0.0001318898,Cell motility,#da70d6,
STM4593,sthB,4849530,-0.0048479096,Cell motility,#da70d6,
STM4594,sthA,4852113,0.0047236817,Cell wall/membrane/envelope biogenesis,#c71585,
STM4595,STM4595,4852867,-0.017297518300000002,Cell motility,#da70d6,
STM4596,STM4596,4853751,-0.0101459492,Signal transduction mechanisms,#00ff00,
STM4598,arcA,4855388,-0.0046020488,Transcription,#f4a460,
