,condition,X_avg,X_std,n,rep1_idx,rep1_X,rep2_idx,rep2_X,rep3_idx,rep3_X,rep4_idx,rep4_X,rep5_idx,rep5_X,rep6_idx,rep6_X
0,control__wt_glc,0.0,0.24090563905235646,2.0,0.0,-0.17034601100000002,1.0,0.17034601100000002,,,,,,,,
1,fur__wt_dpd,-0.5141649615,0.06932925804747272,2.0,2.0,-0.56318815,3.0,-0.46514177300000004,,,,,,,,
2,fur__wt_fe,0.0865842315,0.09736579019150526,2.0,4.0,0.155432242,5.0,0.017736221,,,,,,,,
3,fur__delfur_dpd,-0.509437715,0.16049285626927182,2.0,6.0,-0.622923302,7.0,-0.395952128,,,,,,,,
4,fur__delfur_fe2,0.102785649,0.02906522260402132,2.0,8.0,0.123337865,9.0,0.08223343300000001,,,,,,,,
5,acid__wt_ph5,0.015557928500000002,0.0581388208878658,2.0,10.0,-0.025552426000000003,11.0,0.05666828300000001,,,,,,,,
6,acid__delgadx_ph5,-0.111453116,,1.0,12.0,-0.111453116,,,,,,,,,,
7,acid__delgadw_ph5,-0.099098747,0.08393305025361156,2.0,13.0,-0.039749118,14.0,-0.158448376,,,,,,,,
8,acid__delgade_ph5,-0.07456404450000001,0.15131404102851156,2.0,15.0,-0.18155922900000002,16.0,0.032431140000000004,,,,,,,,
9,oxidative__wt_pq,-0.6221549125000001,0.004228299854490076,2.0,17.0,-0.619165053,18.0,-0.6251447720000001,,,,,,,,
10,oxidative__deloxyr_pq,-0.36606754150000004,0.015878888166167688,2.0,19.0,-0.37729561100000003,20.0,-0.35483947200000004,,,,,,,,
11,oxidative__delsoxr_pq,-0.6765005375,0.1457554449231193,2.0,21.0,-0.779565201,22.0,-0.5734358740000001,,,,,,,,
12,oxidative__delsoxs_pq,-0.583066041,0.019121225195028936,2.0,23.0,-0.5965867890000001,24.0,-0.569545293,,,,,,,,
13,nac_ntrc__wt_csn,-0.126126128,0.048139379943267314,2.0,25.0,-0.16016581,26.0,-0.092086446,,,,,,,,
14,nac_ntrc__wt_cytd,-0.6909467970000001,0.08906973978430036,2.0,27.0,-0.753928614,28.0,-0.62796498,,,,,,,,
15,nac_ntrc__wt_gln,-0.5974488120000001,0.012636822666310502,2.0,29.0,-0.588513229,30.0,-0.6063843950000001,,,,,,,,
16,nac_ntrc__bw_delnac_csn,0.1831277135,0.2428448136388299,2.0,31.0,0.011410499000000001,32.0,0.354844928,,,,,,,,
17,nac_ntrc__bw_delnac_cytd,-0.44807969350000004,0.040163763459238506,2.0,33.0,-0.41967962400000003,34.0,-0.47647976300000006,,,,,,,,
18,nac_ntrc__bw_delnac_gln,-0.458594877,0.0898625521500074,2.0,35.0,-0.522137297,36.0,-0.395052457,,,,,,,,
19,nac_ntrc__bw_delnac_nh4,0.1467560845,0.005339802418050724,2.0,37.0,0.14298027400000002,38.0,0.150531895,,,,,,,,
20,misc__wt_no_te,-0.3809758335,0.24687852407109842,2.0,39.0,-0.555545312,40.0,-0.206406355,,,,,,,,
21,misc__bw_delcbl,-0.35867096750000005,0.041022953352709036,2.0,41.0,-0.32966335900000004,42.0,-0.387678576,,,,,,,,
22,misc__bw_delfabr,-0.2269893265,0.21033882782233115,2.0,43.0,-0.375721338,44.0,-0.07825731500000001,,,,,,,,
23,misc__bw_delfadr,-0.23500169800000004,0.012611652493327349,2.0,45.0,-0.22608391300000003,46.0,-0.24391948300000002,,,,,,,,
24,misc__nitr_031,0.22138949100000002,,1.0,47.0,0.22138949100000002,,,,,,,,,,
25,omics__wt_glu,0.2405045945,0.15056854117753374,2.0,48.0,0.34697263100000003,49.0,0.134036558,,,,,,,,
26,omics__wt_gly,0.336877133,0.13774146223935685,2.0,50.0,0.434275055,51.0,0.23947921100000003,,,,,,,,
27,omics__wt_thr,-0.167496526,0.265051361387744,2.0,52.0,0.019923089,53.0,-0.354916141,,,,,,,,
28,omics__bw_ac,0.39606831000000003,0.06562346202101844,2.0,54.0,0.44247110500000003,55.0,0.34966551500000004,,,,,,,,
29,omics__bw_fum,0.21688617450000003,0.05372336047499739,2.0,56.0,0.254874327,57.0,0.17889802200000002,,,,,,,,
30,omics__bw_glc,0.185298619,0.09574702548657729,2.0,58.0,0.11759524800000001,59.0,0.25300199,,,,,,,,
31,omics__bw_pyr,1.2140625155000002,0.10306863325183245,2.0,60.0,1.2869430450000001,61.0,1.141181986,,,,,,,,
32,ompr__wt_nacl,-1.258600828,0.031836316096735436,2.0,62.0,-1.2811125030000001,63.0,-1.236089153,,,,,,,,
33,ompr__bw_delompr_nacl,-1.2691136225,0.021142445381323465,2.0,64.0,-1.284063589,65.0,-1.254163656,,,,,,,,
34,minspan__wt_ade,-0.368150507,,1.0,66.0,-0.368150507,,,,,,,,,,
35,minspan__wt_glc,0.07984102866666667,0.07505950195610925,3.0,67.0,-0.0064601500000000004,68.0,0.12992045300000002,69.0,0.116062783,,,,,,
36,minspan__wt_glc_anaero,2.0788748569999997,0.5442188976808544,2.0,70.0,1.694053984,71.0,2.46369573,,,,,,,,
37,minspan__wt_trp,-0.548058112,,1.0,72.0,-0.548058112,,,,,,,,,,
38,minspan__bw_delcra_glc,0.111609465,,1.0,73.0,0.111609465,,,,,,,,,,
39,minspan__bw_delcra_trp,0.59208744,,1.0,74.0,0.59208744,,,,,,,,,,
40,minspan__bw_delmntr,0.027512769000000003,,1.0,75.0,0.027512769000000003,,,,,,,,,,
41,minspan__bw_delnac_ade,0.9446483940000001,,1.0,76.0,0.9446483940000001,,,,,,,,,,
42,minspan__bw_delnac_glc,0.225954443,,1.0,77.0,0.225954443,,,,,,,,,,
43,cra_crp__wt_ac,0.500716633,0.06960891665811167,2.0,78.0,0.451495696,79.0,0.54993757,,,,,,,,
44,cra_crp__wt_fru,0.293470668,0.10466118126574116,2.0,80.0,0.219464037,81.0,0.36747729900000004,,,,,,,,
45,cra_crp__delcra_ac,-0.285010812,0.01604576607363452,2.0,82.0,-0.273664742,83.0,-0.29635688200000004,,,,,,,,
46,cra_crp__delcra_fru,0.39303829050000005,0.10441580884870834,2.0,84.0,0.466871417,85.0,0.31920516400000004,,,,,,,,
47,cra_crp__delcra_glc,-0.17330336500000001,0.012420032212480045,2.0,86.0,-0.16452107600000002,87.0,-0.182085654,,,,,,,,
48,rpoB__wt_031,0.6489632790000001,,1.0,88.0,0.6489632790000001,,,,,,,,,,
49,rpoB__wt_044,0.581694394,,1.0,89.0,0.581694394,,,,,,,,,,
50,rpoB__wt_lb,-0.50008617,0.25179851860737223,2.0,90.0,-0.32203773,91.0,-0.67813461,,,,,,,,
51,rpoB__rpoBE546V_031,1.050734479,,1.0,92.0,1.050734479,,,,,,,,,,
52,rpoB__rpoBE546V_044,0.9418780160000001,,1.0,93.0,0.9418780160000001,,,,,,,,,,
53,rpoB__rpoBE546V_lb,0.7727600555,0.18670764870683668,2.0,94.0,0.9047822999999999,95.0,0.640737811,,,,,,,,
54,rpoB__rpoBE546V_glc,0.6373511860000001,,1.0,96.0,0.6373511860000001,,,,,,,,,,
55,rpoB__rpoBE672K_glc,0.9115706865000001,0.05375746706348119,2.0,97.0,0.873558417,98.0,0.9495829560000001,,,,,,,,
56,rpoB__rpoBE672K_lb,2.101002893,0.038507058232859326,2.0,99.0,2.073774291,100.0,2.128231495,,,,,,,,
57,crp__wt_fru,0.39676741,,1.0,101.0,0.39676741,,,,,,,,,,
58,crp__wt_glyc,0.428442188,0.10658097334823548,2.0,102.0,0.503806317,103.0,0.353078059,,,,,,,,
59,crp__delar1_glyc,-0.33548297950000006,0.19639229914747983,2.0,104.0,-0.19661265300000003,105.0,-0.47435330600000003,,,,,,,,
60,crp__delar1ar2_glyc,0.40591849566666677,0.14182656830711324,3.0,106.0,0.565537499,107.0,0.294389823,108.0,0.35782816500000003,,,,,,
61,crp__delar2_glyc,0.36001292533333334,0.09890867488809434,3.0,109.0,0.387043633,110.0,0.25039902,111.0,0.442596123,,,,,,
62,crp__delcrp_fru,0.21136471666666667,0.09536798996045463,3.0,112.0,0.319652312,113.0,0.13988883800000002,114.0,0.17455299999999999,,,,,,
63,crp__delcrp_glc,-0.20086453866666668,0.06082017831752403,3.0,115.0,-0.14108093500000002,116.0,-0.19884185100000001,117.0,-0.26267083,,,,,,
64,crp__delcrp_glyc,-0.111360728,0.18037915136009078,3.0,118.0,0.074267951,119.0,-0.122363495,120.0,-0.28598664,,,,,,
65,glu__glu_ale3,0.6588262930000001,,1.0,121.0,0.6588262930000001,,,,,,,,,,
66,glu__glu_ale4,0.19908156800000001,,1.0,122.0,0.19908156800000001,,,,,,,,,,
67,glu__glu_ale5,0.150690496,,1.0,123.0,0.150690496,,,,,,,,,,
68,glu__glu_ale6,0.523900804,,1.0,124.0,0.523900804,,,,,,,,,,
69,glu__glu_ale8,0.611665278,,1.0,125.0,0.611665278,,,,,,,,,,
70,glu__glu_ale9,0.9025041540000001,,1.0,126.0,0.9025041540000001,,,,,,,,,,
71,glu__glu_ale10,0.7558316020000001,,1.0,127.0,0.7558316020000001,,,,,,,,,,
72,42c__wt_42c,0.25540817400000004,,1.0,128.0,0.25540817400000004,,,,,,,,,,
73,42c__42c_ale1,-0.39713530900000005,,1.0,129.0,-0.39713530900000005,,,,,,,,,,
74,42c__42c_ale2,-0.008129198,,1.0,130.0,-0.008129198,,,,,,,,,,
75,42c__42c_ale3,0.8387187500000001,,1.0,131.0,0.8387187500000001,,,,,,,,,,
76,42c__42c_ale4,0.5930932210000001,,1.0,132.0,0.5930932210000001,,,,,,,,,,
77,42c__42c_ale5,0.533920362,,1.0,133.0,0.533920362,,,,,,,,,,
78,42c__42c_ale6,0.345659624,,1.0,134.0,0.345659624,,,,,,,,,,
79,42c__42c_ale8,-0.5960656910000001,,1.0,135.0,-0.5960656910000001,,,,,,,,,,
80,42c__42c_ale9,0.427947159,,1.0,136.0,0.427947159,,,,,,,,,,
81,42c__42c_ale10,0.009677687,,1.0,137.0,0.009677687,,,,,,,,,,
82,ssw__wt_ac,-0.6221484820000001,,1.0,138.0,-0.6221484820000001,,,,,,,,,,
83,ssw__wt_glc,0.268311633,,1.0,139.0,0.268311633,,,,,,,,,,
84,ssw__wt_glyc,0.060291719,,1.0,140.0,0.060291719,,,,,,,,,,
85,ssw__wt_xyl,0.917525338,,1.0,141.0,0.917525338,,,,,,,,,,
86,ssw__glc_ale1,1.201313127,,1.0,142.0,1.201313127,,,,,,,,,,
87,ssw__glc_ale2,1.097191615,,1.0,143.0,1.097191615,,,,,,,,,,
88,ssw__glc_ale3,1.1889756120000001,,1.0,144.0,1.1889756120000001,,,,,,,,,,
89,ssw__glyc_ale1,0.807245725,,1.0,145.0,0.807245725,,,,,,,,,,
90,ssw__glyc_ale2,1.221972916,,1.0,146.0,1.221972916,,,,,,,,,,
91,ssw__xyl_ale1,1.48529415,,1.0,147.0,1.48529415,,,,,,,,,,
92,ssw__xyl_ale2,1.296104672,,1.0,148.0,1.296104672,,,,,,,,,,
93,ssw__xyl_ale3,1.223918813,,1.0,149.0,1.223918813,,,,,,,,,,
94,ssw__glc_ac_ac2,-0.044216785,,1.0,150.0,-0.044216785,,,,,,,,,,
95,ssw__glc_ac_glc1,0.309267732,,1.0,151.0,0.309267732,,,,,,,,,,
96,ssw__glc_glyc_glc,0.08287285200000001,,1.0,152.0,0.08287285200000001,,,,,,,,,,
97,ssw__glc_glyc_glyc,1.21722992,,1.0,153.0,1.21722992,,,,,,,,,,
98,ssw__glc_xyl_glc,0.36239842800000005,,1.0,154.0,0.36239842800000005,,,,,,,,,,
99,ssw__glc_xyl_xyl,1.127125398,,1.0,155.0,1.127125398,,,,,,,,,,
100,ica__wt_glc,-0.418664337,0.27788914641538054,6.0,156.0,-0.682903747,157.0,-0.755208897,158.0,-0.358027352,159.0,-0.463561337,180.0,-0.24058963600000002,181.0,-0.011695053
101,ica__arg_sbt,-0.1423659475,0.11292050171830406,2.0,160.0,-0.06251909500000001,161.0,-0.2222128,,,,,,,,
102,ica__cytd_rib,-1.6780710055,0.02249099983642256,2.0,162.0,-1.693974544,163.0,-1.6621674670000002,,,,,,,,
103,ica__gth,-0.6993874725,0.014734032789952022,2.0,164.0,-0.7098060070000001,165.0,-0.688968938,,,,,,,,
104,ica__leu_glcr,0.32882632450000004,0.037108046759174784,2.0,166.0,0.355065676,167.0,0.30258697300000004,,,,,,,,
105,ica__met_glc,-0.522063296,0.15218813885424987,2.0,168.0,-0.41445003100000005,169.0,-0.629676561,,,,,,,,
106,ica__no3_anaero,0.38990509100000004,0.0030041219466676143,2.0,170.0,0.387780856,171.0,0.392029326,,,,,,,,
107,ica__phe_acgam,-0.2210270645,0.04531432783918773,2.0,172.0,-0.253069133,173.0,-0.18898499600000002,,,,,,,,
108,ica__thm_gal,-0.4359094615,0.16765805342874202,2.0,174.0,-0.554461608,175.0,-0.31735731500000003,,,,,,,,
109,ica__tyr_glcn,0.147006057,0.04968315668115723,2.0,176.0,0.11187476,177.0,0.182137354,,,,,,,,
110,ica__ura_pyr,0.67340931,0.3491423184850894,2.0,178.0,0.42652840900000005,179.0,0.9202902110000001,,,,,,,,
111,ica__bw_delpurR_cytd,-0.3455231645,0.11152005976760139,2.0,182.0,-0.266666574,183.0,-0.424379755,,,,,,,,
112,ica__ade_glc,-0.245314101,0.25386005165836906,2.0,184.0,-0.42482026500000003,185.0,-0.06580793700000001,,,,,,,,
113,ytf__wt_glc,-0.6794957625,0.1363736992285466,2.0,186.0,-0.5830649950000001,187.0,-0.77592653,,,,,,,,
114,ytf__delyafC,-0.6889076040000001,0.2484122111023276,2.0,188.0,-0.513253645,189.0,-0.8645615630000001,,,,,,,,
115,ytf__delyeiE,0.389556554,0.07892520830637698,2.0,190.0,0.445365104,191.0,0.33374800400000004,,,,,,,,
116,ytf__delyiaJ,-0.664703248,0.0780204453808589,2.0,192.0,-0.719872034,193.0,-0.609534462,,,,,,,,
117,ytf__delyieP,0.4172454995,0.06882262028139327,2.0,194.0,0.368580558,195.0,0.465910441,,,,,,,,
118,ytf__wt_ph5,-0.2793730265,0.06063387969219444,2.0,196.0,-0.322247654,197.0,-0.23649839900000003,,,,,,,,
119,ytf__wt_ph8,-0.6804589695000001,0.1500585602105928,2.0,198.0,-0.786566395,199.0,-0.574351544,,,,,,,,
120,ytf__delybaO,-0.9281747835,0.270833029176504,2.0,200.0,-0.736666912,201.0,-1.119682655,,,,,,,,
121,ytf__delybaQ,-0.439027787,0.04849869342570015,2.0,202.0,-0.47332154200000004,203.0,-0.404734032,,,,,,,,
122,ytf__delybiH,-0.9522090785,0.0026985888846915223,2.0,204.0,-0.954117269,205.0,-0.950300888,,,,,,,,
123,ytf__delydcI_ph5,-0.2897028115,0.10692065542510225,2.0,206.0,-0.214098491,207.0,-0.36530713200000003,,,,,,,,
124,ytf__delydcI_ph8,-0.7796951795,0.12158113426056838,2.0,208.0,-0.6937243350000001,209.0,-0.865666024,,,,,,,,
125,ytf__delyddM,-0.2565932875,0.06785414703489032,2.0,210.0,-0.20861316,211.0,-0.304573415,,,,,,,,
126,ytf__delyheO,-0.7769606545000001,0.22892061822455556,2.0,212.0,-0.615089333,213.0,-0.938831976,,,,,,,,
127,fps__bw_glc,-0.437443103,0.0539434905941554,2.0,214.0,-0.399299295,215.0,-0.47558691100000006,,,,,,,,
128,fps__fps_thrA_ale1,-0.434834989,0.11882218108418058,2.0,216.0,-0.518854959,217.0,-0.350815019,,,,,,,,
129,fps__fps_thrA_ale2,-0.14346343150000002,0.10202408380095516,2.0,218.0,-0.07132151,219.0,-0.215605353,,,,,,,,
130,fps__fps_serB_ale1,-0.555338793,0.03821753618972944,2.0,220.0,-0.5283149140000001,221.0,-0.582362672,,,,,,,,
131,fps__fps_serB_ale4,-0.8207496145000001,0.07326943098051238,2.0,222.0,-0.8725589260000001,223.0,-0.768940303,,,,,,,,
132,fps__fps_ptsI_ale1,-0.645541307,0.09541929139299227,2.0,224.0,-0.5780696790000001,225.0,-0.7130129350000001,,,,,,,,
133,fps__fps_ptsI_ale3,-0.3964873895,0.019918285151170542,2.0,226.0,-0.382403035,227.0,-0.410571744,,,,,,,,
134,pal__lyx_ale2_f6,-0.045078263,,1.0,228.0,-0.045078263,,,,,,,,,,
135,pal__lyx_ale2,0.6356866965000001,0.050809306961690226,2.0,229.0,0.671614302,230.0,0.599759091,,,,,,,,
136,pal__lyx_ale4,0.35952648350000005,0.006333417553265583,2.0,231.0,0.364004886,232.0,0.355048081,,,,,,,,
137,pal__5drib_ale10_f18,0.232287303,0.1497996608408359,2.0,233.0,0.126362947,234.0,0.338211659,,,,,,,,
138,pal__5drib_ale10,0.339006605,,1.0,235.0,0.339006605,,,,,,,,,,
139,pal__arab_ale14_f9,0.7658912845000001,0.04619874023154329,2.0,236.0,0.7985587270000001,237.0,0.733223842,,,,,,,,
140,pal__arab_ale14,0.9602760445,0.1818824750685997,2.0,238.0,1.088886376,239.0,0.831665713,,,,,,,,
141,pal__arab_ale16,1.5611490345,0.07132038447626676,2.0,240.0,1.611580162,241.0,1.510717907,,,,,,,,
142,pal__tartr_ale26_f10,-0.5771677815,0.06754758796097475,2.0,242.0,-0.529404424,243.0,-0.6249311390000001,,,,,,,,
143,pal__tartr_ale26,-0.620908683,0.1726470955279852,2.0,244.0,-0.498828751,245.0,-0.742988615,,,,,,,,
144,pal__tartr_ale28_f10,-0.4232666665,0.4430789080742032,2.0,246.0,-0.736570767,247.0,-0.10996256600000001,,,,,,,,
145,pal__tartr_ale28,-0.5503056545,0.12889934013509932,2.0,248.0,-0.459160057,249.0,-0.6414512520000001,,,,,,,,
146,efeU__delmenFentC_citr,-0.37317553600000003,0.08624699496964777,2.0,250.0,-0.31218970100000004,251.0,-0.434161371,,,,,,,,
147,efeU__delmenFentC,-0.268818899,0.09438608393488523,2.0,252.0,-0.33555993900000003,253.0,-0.20207785900000003,,,,,,,,
148,efeU__menFentC_ale39,-0.0038592334999999964,0.1497272764409662,2.0,254.0,-0.109732406,255.0,0.10201393900000001,,,,,,,,
149,efeU__menFentC_ale29,-0.674772498,0.08775137313190355,2.0,256.0,-0.736822089,257.0,-0.612722907,,,,,,,,
150,efeU__menFentC_ale30,0.2146207045,0.1268221955805875,2.0,258.0,0.304297539,259.0,0.12494387,,,,,,,,
151,efeU__menFentCubiC_ale36,0.4984617665,0.07211147150142767,2.0,260.0,0.549452277,261.0,0.44747125600000004,,,,,,,,
152,efeU__menFentCubiC_ale37,0.5373489690000001,0.09186687036291125,2.0,262.0,0.472389282,263.0,0.602308656,,,,,,,,
153,efeU__menFentCubiC_ale38,0.5808267675000001,0.06647179853250458,2.0,264.0,0.533824108,265.0,0.627829427,,,,,,,,
154,misc2__salc_glc,-0.04787902150000001,0.2573566558004636,2.0,266.0,-0.22985765800000002,267.0,0.134099615,,,,,,,,
155,misc2__dbcn_glc,-0.38146325150000004,0.008560678048996174,2.0,268.0,-0.38751656500000004,269.0,-0.375409938,,,,,,,,
156,misc2__tyr_glc,0.1091031875,0.10302041846885046,2.0,270.0,0.036256751000000004,271.0,0.181949624,,,,,,,,
157,misc2__arg_cytd,-0.28811349900000005,0.09328626984641754,2.0,272.0,-0.22215014500000002,273.0,-0.354076853,,,,,,,,
158,misc2__delyheO_pyr,1.2256505225,0.034768660341151586,2.0,274.0,1.2502356780000001,275.0,1.201065367,,,,,,,,
159,nquinone__delubiC,0.2825616865,0.03391015634125868,2.0,276.0,0.30653978800000004,277.0,0.258583585,,,,,,,,
160,nquinone__ubiC_ale1,0.0549592035,0.1330606338438973,2.0,278.0,0.14904728,279.0,-0.039128873,,,,,,,,
161,nquinone__ubiC_ale2,0.21134997850000004,0.018109036485992634,2.0,280.0,0.22415500100000002,281.0,0.19854495600000002,,,,,,,,
162,nquinone__ubiC_ale3,-0.06281584000000001,0.09981281735350828,2.0,282.0,-0.13339416,283.0,0.00776248,,,,,,,,
163,nquinone__ubiC_ale4,-0.064177134,0.08865530449984692,2.0,284.0,-0.126865901,285.0,-0.001488367,,,,,,,,
164,nquinone__delpdhR,-0.24280517850000002,0.027466362954983763,2.0,286.0,-0.22338352700000003,287.0,-0.26222683,,,,,,,,
165,quinone__glu_ale4,0.3644043785,0.0828086960243028,2.0,288.0,0.422958969,289.0,0.305849788,,,,,,,,
166,quinone__delmenF,-0.319331939,0.3034810960798669,2.0,290.0,-0.5339254800000001,291.0,-0.10473839800000001,,,,,,,,
167,quinone__menF_ale5,-0.39217546000000003,0.27552557008868706,2.0,292.0,-0.197349461,293.0,-0.587001459,,,,,,,,
168,quinone__menF_ale6,-0.535371353,0.15384365119148938,2.0,294.0,-0.426587464,295.0,-0.6441552420000001,,,,,,,,
169,quinone__menF_ale7,-0.797284254,0.04199517921489978,2.0,296.0,-0.82697933,297.0,-0.767589178,,,,,,,,
170,quinone__menF_ale8,0.1598207275,0.14818163435538753,2.0,298.0,0.055040489000000005,299.0,0.264600966,,,,,,,,
171,quinone__delmenFubiC,0.083904586,0.03692152118268596,2.0,300.0,0.110012044,301.0,0.057797128,,,,,,,,
172,quinone__menFubiC_ale1,-0.14269807500000004,0.008651334088091732,2.0,302.0,-0.13658065800000002,303.0,-0.14881549200000002,,,,,,,,
173,quinone__menFubiC_ale2,-0.34673507600000003,0.1137011115422882,2.0,304.0,-0.266336249,305.0,-0.42713390300000004,,,,,,,,
174,quinone__menFubiC_ale3,1.102850587,0.1459032040774364,2.0,306.0,1.2060197320000001,307.0,0.9996814420000001,,,,,,,,
175,quinone__menFubiC_ale4,0.1835847435,0.05033027040170757,2.0,308.0,0.21917361900000001,309.0,0.147995868,,,,,,,,
176,oxyR__wt_glc,-0.186892043,0.12125936037004201,2.0,310.0,-0.272635359,311.0,-0.10114872700000001,,,,,,,,
177,oxyR__wt_h2o2,-0.1347454045,0.09572525720431849,2.0,312.0,-0.067057426,313.0,-0.20243338300000002,,,,,,,,
178,oxyR__glu_ale4,0.709993646,0.22161202970935567,2.0,314.0,0.553290277,315.0,0.8666970150000001,,,,,,,,
179,oxyR__glu_ale4_h2o2,0.859888376,0.26071390192390825,2.0,316.0,0.675535808,317.0,1.044240944,,,,,,,,
180,oxyR__oxyR_ale17,0.6319201505,0.11695960313267237,2.0,318.0,0.549217222,319.0,0.714623079,,,,,,,,
181,oxyR__oxyR_ale17_h2o2,0.25052638,0.1855827712185099,2.0,320.0,0.11929954400000001,321.0,0.381753216,,,,,,,,
182,oxyR__oxyR_ale18,-0.18466507100000001,0.008201075359889834,2.0,322.0,-0.178866035,323.0,-0.19046410700000002,,,,,,,,
183,oxyR__oxyR_ale18_h2o2,0.44586592850000006,0.07549145040078079,2.0,324.0,0.39248541200000003,325.0,0.49924644500000004,,,,,,,,
184,oxyR__oxyR_ale19,-0.257512045,0.1256366511588619,2.0,326.0,-0.16867351700000002,327.0,-0.346350573,,,,,,,,
185,oxyR__oxyR_ale19_h2o2,-0.1863931765,0.05702681345006336,2.0,328.0,-0.14606913,329.0,-0.22671722300000002,,,,,,,,
186,oxyR__oxyR_ale20,0.6884417315,0.04476770318463211,2.0,330.0,0.6567861850000001,331.0,0.720097278,,,,,,,,
187,oxyR__oxyR_ale20_h2o2,0.22812975400000002,0.08243236743139426,2.0,332.0,0.16984126800000002,333.0,0.28641824,,,,,,,,
188,svns_pgi__BmePgi24_15,0.0257049025,0.01965383287186101,2.0,334.0,0.011807544000000001,335.0,0.039602261,,,,,,,,
189,svns_pgi__BmePgi24_26,0.48825631950000004,0.15616463939817302,2.0,336.0,0.5986813950000001,337.0,0.377831244,,,,,,,,
190,svns_pgi__BmePgi24_41,0.6830167505000001,0.2938635267382346,2.0,338.0,0.8908096430000001,339.0,0.47522385800000005,,,,,,,,
191,svns_pgi__BmePgi24_52,0.5078434895,0.06020702902687701,2.0,340.0,0.5504162880000001,341.0,0.465270691,,,,,,,,
192,svns_pgi__PaePgi2_34,0.37273960050000005,0.042446732655618054,2.0,342.0,0.40275397300000004,343.0,0.34272522800000005,,,,,,,,
193,svns_pgi__PaePgi2_63,0.5927742485,0.06861382296261738,2.0,344.0,0.544256949,345.0,0.641291548,,,,,,,,
194,svns_pgi__PaePgi24_54,-0.07916250200000001,0.02269748138049017,2.0,346.0,-0.09521204500000001,347.0,-0.06311295900000001,,,,,,,,
195,svns_pgi__PaePgi24_90,-0.055650309999999995,0.10774636876223109,2.0,348.0,-0.131838498,349.0,0.020537878000000002,,,,,,,,
196,abx_media__m9_ctrl,-0.748955832,0.1571289442502009,2.0,350.0,-0.63784889,351.0,-0.8600627740000001,,,,,,,,
197,abx_media__rpmi_ctrl,-0.5062358795,0.5037291876939738,2.0,352.0,-0.862426204,353.0,-0.150045555,,,,,,,,
198,abx_media__camhb_ctrl,0.6470569145,0.035889478329447486,2.0,354.0,0.6216792210000001,355.0,0.672434608,,,,,,,,
199,abx_media__m9_mero,-0.6922245915,0.24748199445400712,2.0,356.0,-0.867220788,357.0,-0.5172283950000001,,,,,,,,
200,abx_media__rpmi_mero,-0.3286564515,0.18371869702905272,2.0,358.0,-0.19874771500000002,359.0,-0.458565188,,,,,,,,
201,abx_media__camhb_mero,0.6469741515,0.036405315554750316,2.0,360.0,0.6727165970000001,361.0,0.621231706,,,,,,,,
202,abx_media__m9_trisulf,-0.104669976,0.06470624835929725,2.0,362.0,-0.150424203,363.0,-0.058915749,,,,,,,,
203,abx_media__rpmi_trisulf,0.5535030545,0.17602160354217228,2.0,364.0,0.42903698500000004,365.0,0.6779691240000001,,,,,,,,
204,abx_media__camhb_trisulf,0.9533273855000001,0.05276388728360535,2.0,366.0,0.990637088,367.0,0.9160176830000001,,,,,,,,
205,abx_media__m9_cef,-0.15992985650000002,0.12011937342401477,2.0,368.0,-0.074992633,369.0,-0.24486708000000001,,,,,,,,
206,abx_media__rpmi_cef,0.6103411085,0.01866401207163404,2.0,370.0,0.597143659,371.0,0.623538558,,,,,,,,
207,abx_media__camhb_cef,1.1336931775,0.006348098504256466,2.0,372.0,1.129204394,373.0,1.138181961,,,,,,,,
208,abx_media__m9_cipro,-0.3806602995,0.07440943418999554,2.0,374.0,-0.433275715,375.0,-0.32804488400000004,,,,,,,,
209,abx_media__rpmi_cipro,0.4388330995,0.3148961450014109,2.0,376.0,0.661498299,377.0,0.2161679,,,,,,,,
210,abx_media__camhb_cipro,1.188371262,0.005154689640910768,2.0,378.0,1.192016178,379.0,1.184726346,,,,,,,,
211,hot_tale__42c_ale3_30c,-0.4416690205,0.261271477541184,2.0,380.0,-0.626415854,381.0,-0.256922187,,,,,,,,
212,hot_tale__42c_ale3_37c,-0.628418782,0.35487792745944324,2.0,382.0,-0.879355371,383.0,-0.377482193,,,,,,,,
213,hot_tale__42c_ale3_44c,0.277829959,0.09814767422190905,2.0,384.0,0.347230845,385.0,0.20842907300000002,,,,,,,,
214,hot_tale__hot_ale3_mid_30c,-0.4375146080000001,0.027250872870523947,2.0,386.0,-0.41824533100000005,387.0,-0.45678388500000006,,,,,,,,
215,hot_tale__hot_ale3_mid_37c,-0.589821872,0.22236202393103474,2.0,388.0,-0.7470555670000001,389.0,-0.432588177,,,,,,,,
216,hot_tale__hot_ale3_mid_44c,-0.25065164050000005,0.5286857635174835,2.0,390.0,-0.6244889290000001,391.0,0.12318564800000001,,,,,,,,
217,hot_tale__hot_ale3_30c,-0.42582503850000003,0.05733545566055632,2.0,392.0,-0.466367328,393.0,-0.38528274900000004,,,,,,,,
218,hot_tale__hot_ale3_37c,-0.5187757185,0.02764850234810894,2.0,394.0,-0.499225275,395.0,-0.538326162,,,,,,,,
219,hot_tale__hot_ale3_44c,-0.19504262049999999,0.21690213639676217,2.0,396.0,-0.348415592,397.0,-0.041669649,,,,,,,,
220,hot_tale__hot_ale4_30c,-0.5565765425,0.05236206536991477,2.0,398.0,-0.519550971,399.0,-0.5936021140000001,,,,,,,,
221,hot_tale__hot_ale4_37c,-0.452360395,0.24137478177425672,2.0,400.0,-0.62303814,401.0,-0.28168265,,,,,,,,
222,hot_tale__hot_ale4_44c,0.179274329,0.2714047342014814,2.0,402.0,0.371186457,403.0,-0.012637799000000002,,,,,,,,
223,hot_tale__hot_ale8_30c,-0.3310788215,0.007988750285382594,2.0,404.0,-0.33672772100000004,405.0,-0.32542992200000004,,,,,,,,
224,hot_tale__hot_ale8_37c,-0.17939288650000002,0.16605820312310407,2.0,406.0,-0.061972005000000004,407.0,-0.29681376800000003,,,,,,,,
225,hot_tale__hot_ale8_44c,0.69715478,0.007795007977084928,2.0,408.0,0.691642877,409.0,0.702666683,,,,,,,,
226,hot_tale__hot_ale9_mid_30c,-0.32253235,0.2981351538536351,2.0,410.0,-0.111718961,411.0,-0.533345739,,,,,,,,
227,hot_tale__hot_ale9_30c,-0.4767029595,0.04054715534178428,2.0,412.0,-0.448031791,413.0,-0.505374128,,,,,,,,
228,hot_tale__hot_ale9_mid_37c,-0.2218959265,0.13056918128415265,2.0,414.0,-0.12956957300000002,415.0,-0.31422228,,,,,,,,
229,hot_tale__hot_ale9_37c,-0.45453087850000007,0.09275840119923294,2.0,416.0,-0.38894078400000004,417.0,-0.520120973,,,,,,,,
230,hot_tale__hot_ale9_mid_44c,0.30337337200000003,0.2426927142630899,2.0,418.0,0.474983036,419.0,0.131763708,,,,,,,,
231,hot_tale__hot_ale9_44c,-0.07481850150000001,0.14639252126291072,2.0,420.0,0.028696643,421.0,-0.178333646,,,,,,,,
232,hot_tale__hot_ale10_30c,-0.304175177,0.061355386702979874,2.0,422.0,-0.260790367,423.0,-0.347559987,,,,,,,,
233,hot_tale__hot_ale10_37c,-0.3410926225,0.1668987197406971,2.0,424.0,-0.459107839,425.0,-0.223077406,,,,,,,,
234,hot_tale__hot_ale10_44c,0.07266850250000001,0.07660849385307886,2.0,426.0,0.018498117,427.0,0.126838888,,,,,,,,
235,hot_tale__hot_ale16_30c,-0.5094070055,0.1885497410677872,2.0,428.0,-0.642731806,429.0,-0.376082205,,,,,,,,
236,hot_tale__hot_ale16_37c,-0.645065634,0.12475603310149432,2.0,430.0,-0.556849797,431.0,-0.7332814710000001,,,,,,,,
237,hot_tale__hot_ale16_44c,0.12355859150000001,0.007897018736872829,2.0,432.0,0.129142627,433.0,0.11797455600000001,,,,,,,,
238,pdhr_ale__pdhR-13_51,-0.7000085265,0.10956710154864223,2.0,434.0,-0.777484167,435.0,-0.622532886,,,,,,,,
239,pdhr_ale__pdhR-14_46,-0.608036525,0.5147583797587328,2.0,436.0,-0.9720256660000001,437.0,-0.244047384,,,,,,,,
240,pdhr_ale__pdhR-15_51,-0.4448328065,0.07864761727596627,2.0,438.0,-0.38922054300000003,439.0,-0.50044507,,,,,,,,
241,pdhr_ale__pdhR-16_49,-0.548090996,0.08783658657010432,2.0,440.0,-0.610200842,441.0,-0.48598115000000003,,,,,,,,
242,tcs__del_atoC_LiAcet,-0.58245088,0.13171807353298215,2.0,442.0,-0.48931213700000004,443.0,-0.675589623,,,,,,,,
243,tcs__del_atoC_LiCl,-0.767930113,0.055899388963110634,2.0,444.0,-0.7284032760000001,445.0,-0.8074569500000001,,,,,,,,
244,tcs__del_atoC_m9,-0.5490590865,0.10288753330567567,2.0,446.0,-0.6218115590000001,447.0,-0.476306614,,,,,,,,
245,tcs__del_baeR_etoh,-2.9642436775,0.14114771227695144,2.0,448.0,-3.064050182,449.0,-2.864437173,,,,,,,,
246,tcs__del_baeR_lb,-2.3004896665,0.14016197148285167,2.0,450.0,-2.399599147,451.0,-2.201380186,,,,,,,,
247,tcs__del_btsR_01xlb,-1.3146332035000001,0.2792947808654917,2.0,452.0,-1.512124437,453.0,-1.11714197,,,,,,,,
248,tcs__del_btsR_lb,-0.5245318290000001,0.05289447788527528,2.0,454.0,-0.5619338730000001,455.0,-0.48712978500000004,,,,,,,,
249,tcs__del_btsR_pyruvate,-1.3188708485,0.21296315847418262,2.0,456.0,-1.469458542,457.0,-1.1682831550000001,,,,,,,,
250,tcs__del_cpxR_etoh,-2.4636648375,0.06319642052507893,2.0,458.0,-2.508351455,459.0,-2.41897822,,,,,,,,
251,tcs__del_cpxR_lb,-2.3596972044999998,0.2668145554811561,2.0,460.0,-2.171030823,461.0,-2.548363586,,,,,,,,
252,tcs__del_cusR_CuSO4,-1.4255924755,0.05969831802371508,2.0,462.0,-1.467805561,463.0,-1.38337939,,,,,,,,
253,tcs__del_cusR_lb,-1.2971032900000001,0.005321800186508511,2.0,464.0,-1.3008663710000001,465.0,-1.2933402090000001,,,,,,,,
254,tcs__del_kdpE_01-kcl,-0.9649452985,0.080277424867496,2.0,466.0,-0.908180587,467.0,-1.02171001,,,,,,,,
255,tcs__del_kdpE_115-kcl,-0.844349829,0.045486820174497206,2.0,468.0,-0.8765138680000001,469.0,-0.81218579,,,,,,,,
256,tcs__del_phoB_m9,-0.316418128,0.06658236245591773,2.0,470.0,-0.269337288,471.0,-0.36349896800000003,,,,,,,,
257,tcs__del_phoB_m9p,-1.136509304,0.041697980820553524,2.0,472.0,-1.107024379,473.0,-1.165994229,,,,,,,,
258,tcs__del_rcsB_etoh,-3.1317379020000002,0.47438225445543425,2.0,474.0,-3.467176811,475.0,-2.796298993,,,,,,,,
259,tcs__del_rcsB_lb,-1.852039478,0.08896505828220004,2.0,476.0,-1.9149472740000002,477.0,-1.789131682,,,,,,,,
260,tcs__del_zraR_lb,-1.0063632945,0.12207052569225461,2.0,478.0,-0.9200463980000001,479.0,-1.092680191,,,,,,,,
261,tcs__del_zraR_zncl2,-0.45551149500000004,0.010970218652101345,2.0,480.0,-0.44775437900000004,481.0,-0.46326861100000005,,,,,,,,
262,tcs__wt_01-kcl,-1.222616818,0.021407343845011844,2.0,482.0,-1.237754096,483.0,-1.20747954,,,,,,,,
263,tcs__wt_01xlb,-1.2585415405,0.11156678396948845,2.0,484.0,-1.33743117,485.0,-1.179651911,,,,,,,,
264,tcs__wt_115-kcl,-0.7259807680000001,0.08777733809290872,2.0,486.0,-0.663912817,487.0,-0.7880487190000001,,,,,,,,
265,tcs__wt_CuSO4,-1.5632085070000001,0.3216317224654085,2.0,488.0,-1.335780535,489.0,-1.790636479,,,,,,,,
266,tcs__wt_etoh,-1.9523259890000002,0.2767526054150123,2.0,490.0,-2.148019633,491.0,-1.756632345,,,,,,,,
267,tcs__wt_lb,-1.1907158535,0.1439020388536699,2.0,492.0,-1.088961746,493.0,-1.2924699610000001,,,,,,,,
268,tcs__wt_LiAcet,-0.7799487705,0.3790332063429784,2.0,494.0,-1.047965721,495.0,-0.51193182,,,,,,,,
269,tcs__wt_LiCl,-0.65545067,0.035342694575866175,2.0,496.0,-0.680441729,497.0,-0.630459611,,,,,,,,
270,tcs__wt_m9p,-1.061440981,0.2068564421833927,2.0,498.0,-0.9151713880000001,499.0,-1.207710574,,,,,,,,
271,tcs__wt_pyr,-1.576161238,0.03828684679642129,2.0,500.0,-1.603234127,501.0,-1.549088349,,,,,,,,
272,tcs__wt_zncl2,-0.620336263,0.19915589660120644,2.0,502.0,-0.47951177800000006,503.0,-0.761160748,,,,,,,,
273,ros_tale__1_112_0pq,0.694407883,0.0936026831604358,2.0,504.0,0.6282207910000001,505.0,0.7605949750000001,,,,,,,,
274,ros_tale__1_112_250pq,0.5071127670000001,0.32260887615475736,2.0,506.0,0.7352316910000001,507.0,0.278993843,,,,,,,,
275,ros_tale__1_112_750pq,0.3529953956666667,0.28187104762379706,3.0,508.0,0.153012835,509.0,0.230598459,510.0,0.6753748930000001,,,,,,
276,ros_tale__3_76_0pq,0.43007590675000007,0.11761569184486556,4.0,511.0,0.295886076,512.0,0.38719550700000005,513.0,0.573281765,514.0,0.463940279,,,,
277,ros_tale__3_76_250pq,0.7569443575000001,0.03909430546488708,2.0,515.0,0.7293005090000001,516.0,0.784588206,,,,,,,,
278,ros_tale__3_76_750pq,0.39850970550000003,0.4452986095984429,2.0,517.0,0.713383372,518.0,0.08363603900000001,,,,,,,,
279,ros_tale__7_103_0pq,-0.179362696,0.2940929446765664,4.0,519.0,-0.122028011,520.0,-0.420006072,521.0,0.213517845,522.0,-0.38893454600000005,,,,
280,ros_tale__7_103_250pq,0.46144311499999996,0.10078800952864603,2.0,523.0,0.39017523,524.0,0.5327109999999999,,,,,,,,
281,ros_tale__7_103_750pq,0.08496761900000001,0.019027155951500525,2.0,525.0,0.07151338800000001,526.0,0.09842185,,,,,,,,
282,ros_tale__9_77_0pq,1.3258989644999999,0.09682339686392827,2.0,527.0,1.394363445,528.0,1.257434484,,,,,,,,
283,ros_tale__9_77_250pq,1.2626848835,0.18840085266394052,2.0,529.0,1.395904404,530.0,1.129465363,,,,,,,,
284,ros_tale__9_77_750pq,1.2320046329999998,0.13775924738911727,2.0,531.0,1.134594135,532.0,1.329415131,,,,,,,,
285,ros_tale__11_83_0pq,-0.04701196349999999,0.13830910564298318,2.0,533.0,-0.14481127,534.0,0.050787343000000006,,,,,,,,
286,ros_tale__11_83_250pq,0.16626639450000003,0.08541628238757593,2.0,535.0,0.226664827,536.0,0.10586796200000001,,,,,,,,
287,ros_tale__11_83_750pq,0.13080848450000002,0.025070617298072747,2.0,537.0,0.11308088100000001,538.0,0.148536088,,,,,,,,
288,ros_tale__13_87_0pq,0.5175129525000001,0.2699192435684579,2.0,539.0,0.70837468,540.0,0.32665122500000005,,,,,,,,
289,ros_tale__13_87_250pq,0.46205758100000005,0.2564652267875184,2.0,541.0,0.643405882,542.0,0.28070928,,,,,,,,
290,ros_tale__13_87_750pq,0.3601637555,0.08171804038286504,2.0,543.0,0.30238037500000003,544.0,0.41794713600000005,,,,,,,,
291,ros_tale__14_27_0pq,0.8218392175,0.0042767380832148955,2.0,545.0,0.8248633280000001,546.0,0.818815107,,,,,,,,
292,ros_tale__14_27_250pq,0.4654393575,0.19194732975441892,2.0,547.0,0.601166616,548.0,0.32971209900000004,,,,,,,,
293,ros_tale__14_27_750pq,-0.35727149050000007,0.1254098798928151,2.0,549.0,-0.44594966700000005,550.0,-0.268593314,,,,,,,,
294,ros_tale__16_28_250pq,-0.284056436,0.0638698258899673,2.0,551.0,-0.329219223,552.0,-0.238893649,,,,,,,,
295,ros_tale__16_32_0pq,-0.26692348925,0.22188425283289528,4.0,553.0,-0.227718145,554.0,0.028564331000000002,555.0,-0.39660047600000004,556.0,-0.471939667,,,,
296,ros_tale__16_32_250pq,-0.5830270305,0.20487379750043908,2.0,557.0,-0.7278946820000001,558.0,-0.438159379,,,,,,,,
297,ros_tale__16_32_750pq,-0.3583876545,0.24415519422724,2.0,559.0,-0.531031448,560.0,-0.185743861,,,,,,,,
298,ros_tale__17_104_0pq,0.5301899095,0.08774501412062034,2.0,561.0,0.46814481500000005,562.0,0.5922350040000001,,,,,,,,
299,ros_tale__17_104_250pq,1.0616199204999999,0.09454656307581914,4.0,563.0,1.106157363,564.0,0.9534095410000001,565.0,1.018968248,566.0,1.16794453,,,,
300,ros_tale__17_104_750pq,0.611180185,0.04326459145062148,2.0,567.0,0.641772871,568.0,0.5805874990000001,,,,,,,,
301,ros_tale__18_24_250pq,-0.20796385750000002,0.223140199893478,2.0,569.0,-0.365747806,570.0,-0.050179909,,,,,,,,
302,ros_tale__18_36_0pq,0.27729859250000005,0.43029343882403986,4.0,571.0,0.5089020240000001,572.0,0.6828155290000001,573.0,-0.30050280500000004,574.0,0.217979622,,,,
303,ros_tale__18_36_250pq,-0.55913564,0.10478504940324229,2.0,575.0,-0.48504142100000003,576.0,-0.6332298590000001,,,,,,,,
304,ros_tale__18_36_750pq,-0.2184424905,0.15970015633354295,2.0,577.0,-0.10551742700000001,578.0,-0.331367554,,,,,,,,
305,ros_tale__19_91_0pq,1.0526907025,0.004594219128472708,2.0,579.0,1.055939306,580.0,1.049442099,,,,,,,,
306,ros_tale__19_91_250pq,0.9871296680000001,0.05575438540391989,2.0,581.0,1.026553972,582.0,0.947705364,,,,,,,,
307,ros_tale__19_91_750pq,1.7654375414999999,0.4974056619702566,4.0,583.0,1.359458019,584.0,1.31876426,585.0,2.106933576,586.0,2.276594311,,,,
308,ros_tale__21_97_0pq,0.886356059,0.0647377740080297,2.0,587.0,0.84057954,588.0,0.932132578,,,,,,,,
309,ros_tale__21_97_250pq,0.338677102,0.08080441953069906,2.0,589.0,0.281539749,590.0,0.395814455,,,,,,,,
310,ros_tale__21_97_750pq,0.278970771,0.08506323174990406,2.0,591.0,0.339119559,592.0,0.21882198300000003,,,,,,,,
311,ros_tale__25_111_0pq,1.3937323560000001,0.10254978870138944,2.0,593.0,1.466246007,594.0,1.321218705,,,,,,,,
312,ros_tale__25_111_250pq,1.1560710235,0.0819650794505812,2.0,595.0,1.2140290870000001,596.0,1.09811296,,,,,,,,
313,ros_tale__25_111_750pq,1.2624731725,0.012807565619443155,2.0,597.0,1.271529489,598.0,1.253416856,,,,,,,,
314,ros_tale__29_119_0pq,1.5751427985,0.23532507808902017,2.0,599.0,1.741542757,600.0,1.40874284,,,,,,,,
315,ros_tale__29_119_250pq,1.7582535110000002,0.2633072075586286,2.0,601.0,1.5720671990000001,602.0,1.9444398230000002,,,,,,,,
316,ros_tale__29_119_750pq,1.3711007685,0.1672556672438401,2.0,603.0,1.4893683850000001,604.0,1.252833152,,,,,,,,
317,ros_tale__ALE4_0pq,0.11557584900000001,0.005463535498156663,2.0,605.0,0.11171254600000001,606.0,0.119439152,,,,,,,,
318,ros_tale__ALE4_250pq,-0.31067895200000006,0.08137616061812238,2.0,607.0,-0.36822058700000004,608.0,-0.25313731700000003,,,,,,,,
319,pcoli__atASMT_325G,1.0402211765,0.04998361554487165,2.0,609.0,1.004877423,610.0,1.07556493,,,,,,,,
320,pcoli__bpTDC,1.51023149,0.029101333133122888,2.0,611.0,1.48965374,612.0,1.53080924,,,,,,,,
321,pcoli__BRCA,1.3570814575,0.10005352427999875,2.0,613.0,1.286332932,614.0,1.427829983,,,,,,,,
322,pcoli__BRCActrl,1.2669689814999998,0.008366276010071637,2.0,615.0,1.272884832,616.0,1.261053131,,,,,,,,
323,pcoli__BRCAswap,1.373824397,0.08397958353666782,2.0,617.0,1.4332069299999999,618.0,1.314441864,,,,,,,,
324,pcoli__btAANAT,1.2567360295,0.059874561560498765,2.0,619.0,1.214398321,620.0,1.2990737380000001,,,,,,,,
325,pcoli__btASMT,1.2826506685,0.03248929738935599,2.0,621.0,1.305624071,622.0,1.259677266,,,,,,,,
326,pcoli__CC1,0.7923947035000001,0.23674551701949487,2.0,623.0,0.624990343,624.0,0.959799064,,,,,,,,
327,pcoli__ccCOMT,1.3299840045,0.004241870647834452,2.0,625.0,1.33298346,626.0,1.326984549,,,,,,,,
328,pcoli__ckDDC,0.8410008680000001,0.002308638586750216,2.0,627.0,0.8426333220000001,628.0,0.8393684140000001,,,,,,,,
329,pcoli__CNTF_belt,1.1556542265,0.14311243533853582,2.0,629.0,1.054458453,630.0,1.25685,,,,,,,,
330,pcoli__cobPNMT,1.2331659325,0.02547207151623726,2.0,631.0,1.2511774070000001,632.0,1.215154458,,,,,,,,
331,pcoli__cvPhhB,1.197183718,0.031293467392391215,2.0,633.0,1.175055895,634.0,1.219311541,,,,,,,,
332,pcoli__ggAANAT,1.5888935735,0.024192687660686975,2.0,635.0,1.606000387,636.0,1.5717867600000002,,,,,,,,
333,pcoli__ggTPH,1.2017174175,0.11288367276871276,2.0,637.0,1.281538228,638.0,1.121896607,,,,,,,,
334,pcoli__hsAANAT,0.8104243440000001,0.08199465702013133,2.0,639.0,0.752445366,640.0,0.868403322,,,,,,,,
335,pcoli__hsASMT,1.325258468,0.10727348827388546,2.0,641.0,1.401112279,642.0,1.249404657,,,,,,,,
336,pcoli__hsPNMT_mb,1.1641279949999999,0.06043472943123424,2.0,643.0,1.206861802,644.0,1.121394188,,,,,,,,
337,pcoli__hsTPH,1.268909179,0.05014765795414585,2.0,645.0,1.3043689280000001,646.0,1.23344943,,,,,,,,
338,pcoli__hsTPH_E2K,1.1516673295,0.09620822244957732,2.0,647.0,1.219696816,648.0,1.083637843,,,,,,,,
339,pcoli__hsTPH_E2K_N91I_P99C,1.433106811,0.0406263718073738,2.0,649.0,1.461833994,650.0,1.404379628,,,,,,,,
340,pcoli__hsTPH_N158trunc,1.0905446644999999,0.019100446862263816,2.0,651.0,1.077038609,652.0,1.10405072,,,,,,,,
341,pcoli__hsTPH_N174trunc,1.1035252915,0.15680337036783223,2.0,653.0,1.214402018,654.0,0.9926485650000001,,,,,,,,
342,pcoli__hsTPH_Ntermtrunc,0.8310517775000001,0.08471672467838534,2.0,655.0,0.7711480070000001,656.0,0.8909555480000001,,,,,,,,
343,pcoli__hsTPH1,1.263797486,0.02401096899609683,2.0,657.0,1.246819167,658.0,1.280775805,,,,,,,,
344,pcoli__MBP,0.49780516300000005,0.13948635570216542,2.0,659.0,0.39917341500000003,660.0,0.5964369110000001,,,,,,,,
345,pcoli__msCOMT,1.169483297,0.011778352607542994,2.0,661.0,1.161154744,662.0,1.1778118499999999,,,,,,,,
346,pcoli__ocAANAT,1.520849892,0.006975318482624892,2.0,663.0,1.515917597,664.0,1.525782187,,,,,,,,
347,pcoli__osTDC_K374H,0.858165127,0.070947336858823,2.0,665.0,0.9083324700000001,666.0,0.807997784,,,,,,,,
348,pcoli__osTDC_K374L,1.14202307,0.126649144630921,2.0,667.0,1.231577539,668.0,1.052468601,,,,,,,,
349,pcoli__osTDC_K374Q,1.1060139119999999,0.02054526329901989,2.0,669.0,1.120541607,670.0,1.091486217,,,,,,,,
350,pcoli__osTDC_L360V,1.4116907815,0.00041149584156406366,2.0,671.0,1.411981753,672.0,1.41139981,,,,,,,,
351,pcoli__pmTPH,1.5370298,0.13859525266544617,2.0,673.0,1.635031443,674.0,1.439028157,,,,,,,,
352,pcoli__RFC,1.085260228,0.003542040702533131,2.0,675.0,1.087764829,676.0,1.082755627,,,,,,,,
353,pcoli__RFCctrl,0.6543552060000001,0.025323272914951744,2.0,677.0,0.6722614640000001,678.0,0.6364489480000001,,,,,,,,
354,pcoli__RFCnopause,0.7758319345,0.024383114345287733,2.0,679.0,0.7930733999999999,680.0,0.758590469,,,,,,,,
355,pcoli__RFCpluspause,0.40311580700000005,0.10737804108255174,2.0,681.0,0.47904354800000004,682.0,0.327188066,,,,,,,,
356,pcoli__rnCOMT_sol,0.6371305915000001,0.22640217115633243,2.0,683.0,0.7972211020000001,684.0,0.477040081,,,,,,,,
357,pcoli__rnPNMT,1.369216109,0.01792223372364563,2.0,685.0,1.381889042,686.0,1.356543176,,,,,,,,
358,pcoli__rnTDC,1.368908271,0.0221118300884674,2.0,687.0,1.353272846,688.0,1.3845436960000002,,,,,,,,
359,pcoli__rnTDC_trunc,1.0901365245,0.0029435533011115066,2.0,689.0,1.088055118,690.0,1.092217931,,,,,,,,
360,pcoli__saCOMT_T2A,1.1584516085,0.010835655524534723,2.0,691.0,1.166113574,692.0,1.150789643,,,,,,,,
361,pcoli__sfCOMT,1.5673712115,0.04283864376066356,2.0,693.0,1.597662707,694.0,1.537079716,,,,,,,,
362,pcoli__sgAANAT_D63G,1.211151638,0.10684674084615794,2.0,695.0,1.135599583,696.0,1.286703693,,,,,,,,
363,pcoli__ssDDC,1.2929570755,0.14276015332593514,2.0,697.0,1.393903748,698.0,1.192010403,,,,,,,,
364,pcoli__TP53B,1.1724243534999998,0.14999128182878993,2.0,699.0,1.278484206,700.0,1.066364501,,,,,,,,
365,pcoli__WT,1.0386872295,0.049849846498220135,2.0,701.0,1.003438065,702.0,1.073936394,,,,,,,,
366,cck__glu_ale4,0.520136056,0.005751192193597606,2.0,703.0,0.516069349,704.0,0.524202763,,,,,,,,
367,cck__cck_ale1,0.7119567635,0.16659245482320248,2.0,705.0,0.594158109,706.0,0.8297554180000001,,,,,,,,
368,cck__cck_ale2,0.562244926,0.04632377014548591,2.0,707.0,0.5950007780000001,708.0,0.529489074,,,,,,,,
369,cck_pgi__gmos_delpgi,0.40023581850000006,0.15805771274383343,2.0,709.0,0.28847213800000004,710.0,0.5119994990000001,,,,,,,,
370,cck_pgi__pgi_ale1,-0.2553804865,0.17521352898370007,2.0,711.0,-0.131485812,712.0,-0.379275161,,,,,,,,
371,cck_pgi__pgi_ale2,-0.44509230200000005,,1.0,713.0,-0.44509230200000005,,,,,,,,,,
372,cck_pgi__pgi_ale3,-0.25372792,0.0631744556671349,2.0,714.0,-0.298399006,715.0,-0.20905683400000002,,,,,,,,
373,cck_pgi__pgi_ale4,-0.638915278,0.2261344119931496,3.0,716.0,-0.8980798120000001,717.0,-0.536938817,718.0,-0.48172720500000005,,,,,,
374,cck_pgi__pgi_ale5,-0.049817652000000004,0.09343554433056674,2.0,719.0,0.016251255000000003,720.0,-0.11588655900000001,,,,,,,,
375,cck_pgi__pgi_ale6,0.42736586,0.018049685478313735,2.0,721.0,0.414602805,722.0,0.440128915,,,,,,,,
376,cck_pgi__pgi_ale7,0.178936772,0.17929292204956715,2.0,723.0,0.305716013,724.0,0.052157531,,,,,,,,
377,cck_pgi__pgi_ale8,0.8018790085,0.04107488468893301,2.0,725.0,0.772834679,726.0,0.8309233380000001,,,,,,,,
378,cck_sdh__gmos_delsdhCB,0.6759990925000001,0.5881024585879215,2.0,727.0,1.0918503290000001,728.0,0.260147856,,,,,,,,
379,cck_sdh__sdh_ale1,0.7742276990000001,0.08450167441434346,2.0,729.0,0.714475992,730.0,0.8339794060000001,,,,,,,,
380,cck_sdh__sdh_ale2,0.708173829,,1.0,731.0,0.708173829,,,,,,,,,,
381,cck_sdh__sdh_ale3,0.7209026103333334,0.06282556592472152,3.0,732.0,0.7866392870000001,733.0,0.661462318,734.0,0.714606226,,,,,,
382,cck_pts__gmos_delptsHIcrr,-0.2216177105,0.15308467176394175,2.0,735.0,-0.11337050100000001,736.0,-0.32986492,,,,,,,,
383,cck_pts__pts_ale1,1.2305572075,0.04972282183604792,2.0,737.0,1.265716552,738.0,1.195397863,,,,,,,,
384,cck_pts__pts_ale2,0.22053678250000003,0.02668677772872561,2.0,739.0,0.201666381,740.0,0.23940718400000002,,,,,,,,
385,cck_pts__pts_ale3,1.7398645364999998,0.0905219101315809,2.0,741.0,1.6758558799999999,742.0,1.803873193,,,,,,,,
386,cck_pts__pts_ale4,-0.391070237,0.02789590557581723,2.0,743.0,-0.410795621,744.0,-0.37134485300000003,,,,,,,,
387,cck_gnd__gmos_delgnd,0.997669717,0.228417283354251,2.0,745.0,0.836154307,746.0,1.159185127,,,,,,,,
388,cck_gnd__gnd_ale1,0.5272688855000001,0.03654950169850196,2.0,747.0,0.501424485,748.0,0.553113286,,,,,,,,
389,cck_gnd__gnd_ale2,0.7477904515,0.18498079636644338,2.0,749.0,0.878591627,750.0,0.6169892760000001,,,,,,,,
390,cck_gnd__gnd_ale3,0.6305376145,0.017788202340378412,2.0,751.0,0.617959456,752.0,0.643115773,,,,,,,,
391,cck_tpiA__gmos_deltpiA,0.20603651,0.06497037254106028,2.0,753.0,0.251977501,754.0,0.16009551900000002,,,,,,,,
392,cck_tpiA__tpiA_ale1,1.2599012095,0.01555647151557712,2.0,755.0,1.270901296,756.0,1.248901123,,,,,,,,
393,cck_tpiA__tpiA_ale2,1.241847889,0.03707370894677359,2.0,757.0,1.26806296,758.0,1.215632818,,,,,,,,
394,cck_tpiA__tpiA_ale3,1.0038989965,0.070593468805712,2.0,759.0,1.053816117,760.0,0.9539818760000001,,,,,,,,
395,cck_tpiA__tpiA_ale4,1.6496908234999998,0.10253136079156477,2.0,761.0,1.577190203,762.0,1.722191444,,,,,,,,
396,acid_tale__acid_ale1_pH7,0.656740638,0.0005124105858410735,2.0,763.0,0.657102967,764.0,0.656378309,,,,,,,,
397,acid_tale__acid_ale1_pH5,1.0759186785000001,0.2150149475937348,2.0,765.0,1.2279572060000001,766.0,0.9238801510000001,,,,,,,,
398,acid_tale__acid_ale2_pH7,0.7368507235000001,0.08694564263241102,2.0,767.0,0.6753708700000001,768.0,0.7983305770000001,,,,,,,,
399,acid_tale__acid_ale2_pH5,0.7431302545,0.004722502440715563,2.0,769.0,0.7397909410000001,770.0,0.7464695680000001,,,,,,,,
400,acid_tale__low_Mg_ale_pH7,0.10454986050000001,0.09686188892866897,2.0,771.0,0.173041559,772.0,0.036058162000000005,,,,,,,,
401,acid_tale__low_Mg_ale_pH5,0.45856324550000005,0.08779707415027842,2.0,773.0,0.39648133900000004,774.0,0.520645152,,,,,,,,
402,acid_tale__MES_ale_pH7,0.0802530265,0.08853636984635813,2.0,775.0,0.142857694,776.0,0.017648359000000002,,,,,,,,
403,acid_tale__MES_ale_pH5,0.4643956265,0.03310599632592713,2.0,777.0,0.440986152,778.0,0.487805101,,,,,,,,
404,acid_tale__gmos_pH7,0.32069342600000006,0.0026276087988892087,2.0,779.0,0.32255142600000003,780.0,0.31883542600000003,,,,,,,,
405,acid_tale__gmos_pH5,0.5452285055,0.09174896101425517,2.0,781.0,0.610104818,782.0,0.48035219300000004,,,,,,,,
406,adnB__wt_adn,-0.10345898,0.479784455511391,2.0,783.0,-0.44271782200000004,784.0,0.23579986200000003,,,,,,,,
407,adnB__delydhB_adn,-0.840165763,0.5101512099695626,2.0,785.0,-1.200897143,786.0,-0.479434383,,,,,,,,
408,ytf2__wt_glc,-0.2797329715,0.05543786248835053,2.0,787.0,-0.24053248300000002,788.0,-0.31893346,,,,,,,,
409,ytf2__ybcM_glc,-0.38106898850000004,0.0016266319749754436,2.0,789.0,-0.379918786,790.0,-0.382219191,,,,,,,,
410,ytf2__ydhB_glc,-0.183865979,0.03528770429570687,2.0,791.0,-0.15891380400000002,792.0,-0.208818154,,,,,,,,
411,ytf2__yfeC_glc,-0.26016081300000005,0.11275535480823763,2.0,793.0,-0.33989088900000003,794.0,-0.180430737,,,,,,,,
412,ytf2__yciT_glc,0.0126033185,0.005258420084390415,2.0,795.0,0.016321583,796.0,0.008885054,,,,,,,,
413,ytf2__ydiZ_glc,-0.4367832135,0.08947323683395561,2.0,797.0,-0.500050346,798.0,-0.373516081,,,,,,,,
414,ytf2__ynfL_glc,-0.27459858600000003,0.0018303374178200039,2.0,799.0,-0.27330434200000003,800.0,-0.27589283000000003,,,,,,,,
415,misc2__dellon_glc,0.0659972085,0.3323063612905857,2.0,801.0,-0.168978873,802.0,0.30097329,,,,,,,,
416,ytf3__wt_glc2,-0.19635546600000003,0.049229039978357175,2.0,803.0,-0.16154527800000001,804.0,-0.23116565400000003,,,,,,,,
417,ytf3__wt_pH7_lactate,0.5968365230000001,0.010882055164409415,2.0,805.0,0.5891417480000001,806.0,0.604531298,,,,,,,,
418,ytf3__wt_pH55_lactate,1.266075898,0.0682741182583336,2.0,807.0,1.31435299,808.0,1.217798806,,,,,,,,
419,ytf3__wt_pH55_HCl,-0.02088034200000001,0.2469962877557576,2.0,809.0,0.153772408,810.0,-0.19553309200000002,,,,,,,,
420,ytf3__dyieP_pH7,1.413632073,0.09284840528587626,2.0,811.0,1.47928581,812.0,1.347978336,,,,,,,,
421,ytf3__dyieP_pH55,1.4194037955,0.15869241603326717,2.0,813.0,1.531616279,814.0,1.307191312,,,,,,,,
