,b1154
SRX1125282,0.638027625
SRX1125283,-0.38765898990000003
SRX1125284,-0.0966890192
SRX1125285,-0.3020108057
SRX1125286,-0.7317413003000001
SRX1125287,-0.5357702494000001
SRX1125288,-0.1247203018
SRX1125289,-0.6521708248
SRX1125290,-0.0567058924
SRX1125291,-0.97589727
SRX1125292,-0.386033982
SRX1125293,-0.11503956530000001
SRX1125294,-0.5133073233000001
SRX1125295,-0.019409801600000002
SRX1125296,-0.1026600921
SRX1125297,0.0874758692
SRX1125298,0.4957498019
SRX1125299,-0.35317780870000004
SRX5694250,-1.1272076326
SRX5694251,-0.6741884091
SRX5694252,-1.1272076326
SRX5694253,0.4419241612
SRX5694254,1.7994622164
SRX5694255,1.2730538603000001
SRX5694256,-0.2799298656
SRX5694257,0.12102684940000001
SRX5694258,0.10867262670000001
SRX5694259,0.5484813123
SRX5694260,-1.1272076326
SRX5694261,-0.1718388093
SRX5694262,-1.1272076326
SRX5694263,-1.1272076326
SRX5694264,-1.1272076326
SRX5694265,-0.9827668431000001
SRX5694267,0.9415451464000001
SRX5694268,-0.8334334560000001
SRX5694269,-0.7837266921
SRX5694271,-0.7632208098000001
SRX5694273,-0.8551247336000001
SRX5694274,-1.1272076326
SRX5694275,-1.1272076326
SRX5694276,0.0556422627
SRX5694277,-0.6470655601
SRX5694278,-1.1272076326
SRX5694279,-1.1272076326
SRX5694280,-1.1272076326
SRX5694281,-1.1272076326
SRX5694282,-1.1272076326
SRX5694283,-1.1272076326
SRX5694284,-1.1272076326
SRX5694285,-1.1272076326
SRX5694286,-1.1272076326
SRX5694287,-0.1193598936
SRX5694288,-0.5523978921
SRX5694289,0.9111697716
SRX5694290,-0.46032343070000004
SRX5694291,0.6427523529
SRX5694292,-0.9162418616
SRX5694293,-0.2059432086
SRX5694294,0.5541127615
SRX5694295,-1.1272076326
SRX5694296,0.6634894925
SRX5694297,2.268303825
SRX5694298,-1.1272076326
SRX5694299,-0.8015363373000001
SRX5694300,-1.1272076326
SRX5694301,-1.1272076326
SRX5694302,-1.1272076326
SRX5694303,-0.5445255032
SRX5694304,-0.3607612871
SRX5694305,1.1136254341
SRX5694306,-1.1272076326
SRX5694307,-0.8916100856
SRX5694308,-1.1272076326
SRX5694309,-0.1975234296
SRX5694310,-1.1272076326
SRX5694311,0.6768681821
SRX5694312,-0.6597418005
SRX5694313,-1.1272076326
SRX5694315,-1.1272076326
SRX5694317,-1.1272076326
SRX5694319,-0.1691436143
SRX5694320,0.4131209866
SRX5694321,1.8053535261
SRX5694322,-0.4004777929
SRX5694323,2.1035755289
SRX5694324,0.0530747591
SRX5694325,-0.0762165457
SRX5694326,-0.8864755029
SRX5694327,-0.7248111148
SRX5694328,0.4217993074
SRX5694329,2.6540246572
SRX5694330,0.5066530069
SRX5694331,-1.1272076326
SRX5694332,2.4096570348
SRX5694334,-0.4581076437
SRX5694335,2.972166747
SRX5694336,0.3039942292
SRX5694337,-1.1272076326
SRX5694338,-0.8518194747000001
SRX5694339,-0.2228330108
SRX5694340,-1.1272076326
SRX5694341,-0.0528413992
SRX5694342,2.2347325947
SRX5694343,3.9298908273
SRX5694344,0.866952491
SRX5694345,-0.07850299940000001
SRX5694346,2.9070149222
SRX5694347,0.6200773091
SRX5694348,-0.7632662061000001
SRX5694349,-1.1272076326
SRX5694350,0.6984871077
SRX5694351,1.9804010230000002
SRX5694352,-1.1272076326
SRX5694353,-0.2491874084
SRX5694354,-1.1272076326
SRX5694356,-0.4370721262
SRX5694357,0.5258438521000001
SRX5694358,3.5498140549
SRX5694359,-1.1272076326
SRX5694360,-0.9729487618
SRX5694361,0.6172430739
SRX5694362,-1.1272076326
SRX5694363,1.0815322479
SRX5694364,-1.1272076326
SRX5694365,0.6136728455
SRX5694366,-0.6382015768
SRX5694367,-0.5251159258
SRX5694368,-0.9810568182
SRX5694369,-1.1272076326
SRX5694370,-0.8350015597
SRX5694371,-0.0107962102
SRX5694372,-1.1272076326
SRX5694373,2.5611104198
SRX5694374,-0.5074439553
SRX5694375,-1.1272076326
SRX5694376,2.0622777383
SRX5694377,-0.07632987520000001
SRX5694378,-1.1272076326
SRX5694379,-0.7006305522
SRX5694380,3.5615140259
SRX5694381,-0.7220820194
SRX5694382,2.7475491964
SRX5694383,-1.1272076326
SRX5694384,-0.7905060410000001
SRX5694385,-1.1272076326
SRX5694386,-1.1272076326
SRX5694387,-0.0012919848
SRX5694388,0.1336393883
SRX5694389,-1.1272076326
SRX5694390,-0.4360963041
SRX5694391,-1.1272076326
SRX5694392,-1.1272076326
SRX5694393,-0.3113444537
SRX5694394,-1.1272076326
SRX5694395,-1.1272076326
SRX5694396,0.21929140660000002
SRX5694397,-0.45304967490000003
SRX5694398,-1.1272076326
SRX5694399,-0.109432834
SRX5694400,-1.1272076326
SRX5694401,-0.7509574559000001
SRX5694402,-1.1272076326
SRX5694403,-0.9233231540000001
SRX5694404,-1.1272076326
SRX5694405,1.6740808831
SRX5694406,-0.5413901627000001
SRX5694407,-0.4268232753
SRX5694408,-1.1272076326
SRX5694409,-0.3727242894
SRX5694410,2.0126323901
SRX5694411,-1.1272076326
SRX5694412,-1.1272076326
SRX5694413,3.8473296237
SRX5694414,1.307403026
SRX5694415,-0.6853180630000001
SRX5694416,-0.670042286
SRX5694417,0.4326662851
SRX5694418,-0.7520150781
SRX5694419,-0.6078712916
SRX5694420,-0.5983647062
SRX5694421,-1.1272076326
SRX5694422,-1.1272076326
SRX5694423,-0.3405208033
SRX5694424,-1.1272076326
SRX5694425,-1.1272076326
SRX5694426,0.5229976374
SRX5694427,-1.1272076326
SRX5694428,-1.1272076326
SRX5694429,-1.1272076326
SRX5694430,-1.1272076326
SRX5694431,2.3536087858
SRX5694432,-1.1272076326
SRX5694433,3.4760357513
SRX5694434,3.7413081375
SRX5694435,-0.2354587497
SRX5694436,-0.15819923930000002
SRX5694437,-0.8846220687
SRX5694438,-1.1272076326
SRX5694439,-0.4883839111
SRX5694440,-1.1272076326
SRX5694441,2.2880378569
SRX5694442,0.8271811031
SRX5694443,-1.1272076326
SRX5694444,-1.1272076326
SRX5694445,2.1450240329
SRX5694446,-1.1272076326
SRX5694447,-1.1272076326
SRX5694448,-0.738834834
SRX5694449,-0.5950815763
SRX5694450,-1.1272076326
SRX5694451,-1.1272076326
SRX5694452,0.7790986301
SRX5694453,3.6258692837
SRX5694454,-1.1272076326
SRX5694455,0.0639675709
SRX5694456,-0.6601573607
SRX5694457,0.3610629708
SRX5694459,0.1716334403
SRX5694460,-0.4717057428
SRX5694461,-1.1272076326
SRX5694462,-1.1272076326
SRX5694463,-0.46900006050000004
SRX5694464,-1.1272076326
SRX5694465,-0.6172942062
SRX5694466,-1.1272076326
SRX5694467,-0.5386114695
SRX5694468,0.1118333874
SRX5694469,-0.3279280258
SRX5694470,0.4766395282
SRX5694471,-1.1272076326
SRX5694472,-0.1339365965
SRX5694474,-0.8386086432000001
SRX5694475,-1.1272076326
SRX5694476,0.3120892286
SRX5694477,-0.8312134768
SRX5694478,-1.1272076326
SRX5694479,2.6688651445
SRX5694480,2.7605825505
SRX5694481,-1.0066314023
SRX5694482,-0.41250787380000004
SRX5694483,-0.4297221583
SRX5694484,-1.1272076326
SRX5694485,-1.1272076326
SRX5694486,0.11606161740000001
SRX5694487,-1.1272076326
SRX5694488,-1.1272076326
SRX5694489,-1.1272076326
SRX5694491,-1.1272076326
SRX5694492,0.3812257973
SRX5694493,0.2357144185
SRX5694494,-1.1272076326
SRX5694495,-0.3375507017
SRX5694496,-0.10690828000000001
SRX5694497,-1.1272076326
SRX5694498,-1.1272076326
SRX5694499,-1.1272076326
SRX5694500,-1.1272076326
SRX5694501,-1.1272076326
SRX5694502,2.7175906866
SRX5694503,-0.1147227326
SRX5694504,0.13074125450000001
SRX5694505,0.0816827961
SRX5694506,0.4362834116
SRX5694507,-0.4478664678
SRX5694508,1.3615218062
SRX5694509,-1.1272076326
SRX5694510,-0.5589085092
SRX5694511,-1.1272076326
SRX5694512,-1.0237892832
SRX5694513,3.9144046479
SRX5694514,-0.7295578255
SRX5694515,-1.1272076326
SRX5694516,-0.1680566551
SRX5694517,-1.1272076326
SRX5694518,-1.1272076326
SRX5694519,-0.8965583404
SRX5694520,1.5256740807
SRX5694521,-1.1272076326
SRX5694522,-1.1272076326
SRX5694523,-1.1272076326
SRX5694524,-0.8942978554000001
SRX5694525,-0.7049220953
SRX5694526,-1.1272076326
SRX5694527,-1.1272076326
SRX5694528,2.3888641643
SRX5694529,-1.1272076326
SRX5694530,0.3739770972
SRX5694532,-0.9761270041000001
SRX5694533,0.8189193779
SRX5694534,-1.1272076326
SRX5694535,-1.1272076326
SRX5694536,-1.1272076326
SRX5694537,-0.6210683832
SRX5694538,-0.5986321176
SRX5694539,-1.1272076326
SRX5694540,-0.2508854089
SRX5694541,-1.1272076326
SRX5694543,-0.3297311557
SRX5694544,-1.1272076326
SRX5694545,-0.6096511032
SRX5694546,-1.1272076326
SRX5694547,-1.1272076326
SRX5694548,0.19340275780000002
SRX5694550,3.5182430524
SRX5694551,-0.0333233388
SRX5694552,-0.28902153950000004
SRX5694553,0.4646709545
SRX5694554,-0.521250047
SRX5694555,-0.0241474869
SRX6072760,-1.1272076326
SRX6072761,-1.1272076326
SRX6072762,-1.1272076326
SRX6072763,-1.1272076326
SRX6072764,-1.1272076326
SRX6072765,-1.1272076326
SRX6376491,3.1568647658
SRX6376492,0.7011740138
SRX6376493,0.639738938
SRX6376494,1.4020709848
SRX6376495,3.4432533125
SRX6376496,2.6078683691
SRX2723951,0.1107774526
SRX2723952,0.5257357383
SRX2723953,0.3676261796
SRX2723954,0.5459909969
SRX2723955,-0.25227752940000003
SRX2723956,0.2315321431
SRX2723957,0.35417070230000003
SRX2723958,0.0454515426
SRX2723959,0.0039417501
SRX2723960,0.2735516678
SRX2723961,0.5833589621
SRX2723962,0.3449714095
SRX2723963,0.1761804939
SRX2723964,0.26219966570000003
SRX2723965,-0.0193606992
SRX2723966,-0.25227752940000003
SRX2723967,0.1076043193
SRX2723968,0.1446732101
SRX6977206,-0.9079394239
SRX6977207,-0.380002019
SRX6977208,0.9680843986000001
SRX6977209,0.2440652198
SRX6977210,0.4680848253
SRX6977211,-0.4197960826
SRX6977212,-0.2712596402
SRX6977213,0.6910557229000001
SRX6977214,-0.43375437520000004
SRX1153733,0.1681153091
SRX1153734,-0.1681153091
SRX1153735,0.8642253151
SRX1153736,-0.5992598586
SRX5204053,0.41963054800000005
SRX5204054,1.0634080568
SRX5204055,0.4778681705
SRX5204056,0.8000667438
SRX5204057,0.1768640151
SRX5204058,0.773634456
SRX5204059,1.0375849561
SRX5204060,1.5960840315
SRX5204061,1.1931327188
SRX5204062,0.2107897846
SRX5204063,1.2508751239
SRX5204064,0.6861041266
SRX5204065,0.4902538147
SRX5204066,0.36653140910000004
SRX5204067,2.1326385355
SRX5204068,0.9974809273
SRX5204069,1.5160428076999999
SRX5204070,0.7542560573
SRX5204071,0.2230490622
SRX5204072,0.41941150050000003
SRX5204073,1.5916532794
SRX5204074,1.7207710875000002
SRX5204075,0.2568001522
SRX5204076,0.5119634929
SRX5204077,2.1432584782
SRX5204078,0.9990854967
SRX5204079,1.5579225103
SRX5204080,1.4389327659
SRX5204081,1.108164339
SRX5204082,1.3266997186
SRX5204083,0.4136729468
SRX5204084,1.1828395816
SRX5204085,0.24941721460000002
SRX5204086,-0.7238008422000001
SRX5204087,1.8231427447000002
SRX5204088,0.5411789177
SRX5204089,0.9168781138000001
SRX5204090,1.0460214465
SRX5204091,-0.164683501
SRX5204092,0.4876755024
SRX5204093,0.6814871524
SRX5204094,0.2356959609
SRX5204095,-0.7238008422000001
SRX5204096,-0.7238008422000001
SRX5204097,1.4476016845
SRX683459,-0.8357464084
SRX683460,-0.1408512909
SRX683461,0.5618035296
SRX683462,0.8973930044
SRX683463,0.2739428788
SRX683464,-0.8357464084
SRX683465,-0.0655272072
SRX683466,-0.1023619847
SRX683467,-0.8357464084
SRX683468,-0.8357464084
SRX683469,-0.1059021565
SRX683470,-0.8357464084
SRX322077,0.8038258008
SRX322078,1.3756143689
SRX322079,-1.3072239631
SRX322080,-0.3780556672
SRX322081,-0.35848753240000003
SRX322082,1.126784362
SRX322083,-0.3222424552
SRX322084,0.6145149493000001
SRX322085,-0.292272494
SRX2708592,0.0
SRX2708593,0.0
SRX2708594,0.0
SRX2708595,0.0
SRX2708596,0.0
SRX2708597,0.0
SRX2708598,0.0
SRX2708600,0.0
SRX2708601,0.0
SRX2708602,0.0
SRX2708603,0.0
SRX3073814,-0.010337161800000001
SRX3073815,-0.025266086700000003
SRX3073816,0.2581371158
SRX3073817,0.48926208660000003
SRX3073818,0.8517298977000001
SRX3073819,0.2021045923
SRX3073820,0.47086871760000004
SRX3073821,0.8534018082
SRX3073822,-0.1783260146
SRX3073823,-0.1783260146
SRX3073824,0.010337161800000001
SRX3073825,0.5993334004
SRX3073826,0.1309899121
SRX3073827,0.8654514805
SRX3073828,1.1937632429
SRX3073829,0.0142451695
SRX3073830,0.1092766953
SRX3073831,0.2543095438
SRX3073832,0.8418203827
SRX3073833,1.3083693675
SRX2391456,-0.2292786423
SRX2391457,-0.1925187408
SRX2391458,0.2027756762
SRX2391459,0.034139463700000004
SRX2391460,-0.2189569359
SRX2391461,-0.033717135
SRX2391462,0.0585294429
SRX2391463,0.9001604325
SRX2391464,1.1551968329
SRX2391465,0.2358799479
SRX2391466,-0.6431498894000001
SRX2391467,0.1318968195
SRX2391468,-0.6716225242
SRX2391469,-0.30735942180000003
SRX2391470,-0.3892140602
SRX2391471,-0.2049905452
SRX2391472,-0.1848525184
SRX2391473,-0.21007829890000002
SRX2391474,-0.4307095211
SRX2391475,-0.31662921720000003
SRX2391476,0.2947198829
SRX2391477,-0.4623622026
SRX2391478,-0.2563016527
SRX2391479,1.072002924
SRX2391480,-0.08015143450000001
SRX2391481,-0.30159651460000003
SRX2391482,-0.1552653349
SRX2391483,-0.0232986372
SRX2391484,-0.4864383057
SRX2391485,-0.48387423360000004
SRX2391486,-0.20959719300000001
SRX2391487,-0.4576281159
SRX2391488,0.1299382326
SRX2391489,-0.4678914477
SRX2391490,0.0418913151
SRX2391491,-0.1307603911
SRX2391492,-0.7492484979
SRX2391493,-0.2063373892
SRX2391494,0.46942800360000003
SRX2391495,-0.1318968195
SRX2391496,0.03481622
SRX2391497,-0.1611719472
SRX2391498,-0.0058827110000000005
SRX2391499,0.2673833567
SRX2391500,-0.8454231952
SRX2391501,-0.2981640725
SRX2391502,-0.2474031827
SRX2391503,-1.1569431058
SRX2391505,-0.335302129
SRX2391506,-0.6416420331
SRX2391507,-0.06685499610000001
SRX2391508,-0.5615807838
SRX2391510,0.0413635548
SRX2391512,-0.5961180921
SRX2391513,-0.2002732042
SRX2391514,0.050011574100000004
SRX5632598,-0.0662216554
SRX5632599,-0.0662216554
SRX5632600,0.39269834610000004
SRX5632601,-0.0662216554
SRX5632602,1.0174852671
SRX5632603,-0.0662216554
SRX5632604,0.1927395292
SRX5632605,-0.0662216554
SRX5632606,0.2033878718
SRX5632607,0.0119769594
SRX5632608,0.1324433109
SRX5632609,-0.0662216554
SRX5632610,-0.0662216554
SRX5632611,-0.0662216554
SRX5632612,-0.0662216554
SRX5632613,-0.0662216554
SRX5632614,-0.0662216554
SRX5632615,-0.0662216554
ERX2874132,-0.1160926126
ERX2874133,0.4025234193
ERX2874134,0.41024289620000004
ERX2874135,0.467165814
ERX2874136,0.6270823031
ERX2874137,0.4551141299
ERX2874138,0.0889281746
ERX2874139,0.0427894906
ERX2874140,0.33337235860000003
ERX2874141,-0.33337235860000003
ERX2874142,0.7312810211
ERX2874143,-0.7032046596
ERX2874144,0.0535765671
ERX2874145,0.046152216100000004
ERX2874146,0.6771443815
ERX2874147,0.0594616842
SRX1300292,-0.286972699
SRX1300293,0.286972699
SRX1300299,-1.6959190204999999
SRX1300300,-1.6959190204999999
SRX1300304,-1.6959190204999999
SRX1300305,0.4571269591
SRX1300306,-0.2774642942
SRX1300310,-0.0097085648
SRX1300311,-0.23009509120000002
SRX7291195,0.1990769489
SRX7291196,0.0205116798
SRX7291197,-0.1415700902
SRX7291198,0.1506992788
SRX7291199,-0.28022330900000003
SRX7291200,0.1295240302
SRX7291201,0.3399010852
SRX7291202,0.2974094311
SRX7291203,0.1338412935
SRX7291204,-0.1434216976
SRX7291205,0.0538755537
SRX7291206,-0.42170126960000004
SRX2436955,0.0
SRX2436956,0.0
SRX2436957,0.0
SRX2436958,0.0
SRX2436959,0.0
SRX2436960,0.0
SRX2436961,0.0
SRX2436962,0.0
SRX2436963,0.0
SRX2436964,0.0
SRX2436965,0.0
SRX2436966,0.0
SRX2436967,0.0
SRX2436969,0.0
SRX2436970,0.0
SRX2436971,0.0
SRX2437029,0.0
SRX2437030,0.0
SRX2437031,0.0
SRX2437032,0.0
SRX2437033,0.0
SRX2437034,0.0
SRX2437035,0.0
SRX2437036,0.0
SRX2437037,0.0
SRX2437038,0.0
SRX2437039,0.0
SRX2437040,0.0
SRX2437041,0.0
SRX2437042,0.0
SRX2437043,0.0
SRX2437044,0.0
SRX4705203,-0.0124800389
SRX4705204,-0.0124800389
SRX4705205,-0.0124800389
SRX4705206,-0.0124800389
SRX4705207,0.0704848428
SRX4705208,-0.0124800389
SRX4705209,-0.0124800389
SRX4705210,-0.0124800389
SRX4705211,-0.0124800389
SRX4705212,-0.0124800389
SRX4705213,0.0624001945
SRX4705214,-0.0124800389
SRX4705215,-0.0124800389
SRX4705216,-0.0124800389
SRX4705217,-0.0124800389
SRX4705218,-0.0124800389
SRX4705219,-0.0124800389
SRX4705220,-0.0124800389
SRX4705221,-0.0124800389
SRX4705222,-0.0124800389
SRX4705223,-0.0124800389
SRX4705224,0.0908626949
SRX4705225,-0.0124800389
SRX4705226,0.0671952662
SRX4705227,-0.0124800389
SRX4705228,-0.0124800389
SRX4705229,-0.0124800389
SRX4705230,-0.0124800389
SRX4705231,-0.0124800389
SRX4705232,-0.0124800389
SRX4705233,-0.0124800389
SRX4705234,-0.0124800389
SRX4705235,-0.0124800389
SRX4705236,-0.0124800389
SRX4705237,-0.0124800389
SRX4705238,-0.0124800389
SRX2038319,0.23100604900000002
SRX2038320,-0.3527414708
SRX2038321,0.1263399546
SRX2038322,0.6628465622
SRX2038323,-0.1520347823
SRX2038324,0.3569014618
SRX2038325,0.9235726708
SRX2038326,-0.2897458962
SRX2038327,0.0872959053
SRX2038328,0.5837167995
SRX2038329,-0.9361484162
SRX2038330,-0.0890595424
SRX2038331,-0.0746564352
SRX2038332,0.0898498414
SRX2038334,0.08401503
SRX2038335,-0.0917705518
SRX2038336,0.7522018818
SRX2038337,-0.2520106266
SRX2038338,-0.5205667464
SRX2038339,0.6828222451
SRX2038340,0.5541226825000001
SRX2038341,0.1925851232
SRX2038342,0.5906927669
SRX2038343,0.5104432739
SRX2038344,0.48616000610000004
SRX2038345,0.0079987163
SRX2038346,0.5196144546
SRX2038347,1.4408987793999999
SRX2038348,0.6557573423
SRX2038349,0.24200998540000002
SRX2038350,0.0654714226
SRX2038351,-0.6460726887
SRX2038352,1.1173191972
SRX2038353,-0.6027503718
SRX2038354,-0.2005231318
SRX2038355,0.3734775482
SRX2038356,0.1978730227
SRX2038357,0.2895606974
SRX2038358,-0.20145780700000002
SRX2038359,-0.0046799246000000004
SRX2038360,-0.2742989605
SRX2038361,0.0044255493000000005
SRX2038362,0.0377370837
SRX2038363,0.6507080846000001
SRX2038364,0.239664016
SRX2038365,0.6839578381
SRX2038366,1.8926440714
SRX2038367,0.9085676254
SRX2038368,0.5456138138000001
SRX2038369,-0.1398137369
SRX2038370,-0.0911732141
SRX2038371,0.6303797896000001
SRX2038372,-0.19413607900000002
SRX2038373,-0.12982666
SRX2038374,-0.6767837969
SRX2038375,0.3188632447
ERX530520,0.4352975019
ERX530521,-0.649802572
ERX530522,-0.6544309301
ERX530523,0.118895442
ERX530524,-0.4352975019
ERX530525,0.4402769958
ERX530526,-1.0681846369
ERX530527,-0.5640247255
ERX3212443,-0.053430548200000004
ERX3212444,-0.1561729695
ERX3212445,-0.2531328202
ERX3212446,0.6809390491
ERX3212447,-0.0473331899
ERX3212448,-0.150235904
ERX3212449,0.4321879618
ERX3212450,-0.41533802950000004
ERX3212451,-0.016849932300000002
ERX3212452,0.3179709122
ERX3212453,0.6233181219
ERX3212454,0.1732198903
SRX7478973,0.1917092637
SRX7478974,-0.1649397656
SRX7478975,-0.0267694981
SRX7478976,-0.2364227951
SRX7478977,0.2635984048
SRX7478978,-0.1828067846
SRX7478979,0.4617493925
SRX7478980,-0.026112235600000002
SRX7478981,0.2494646522
SRX7478982,-0.1319008703
SRX7478983,0.1132036399
SRX7478984,-0.1406620944
ERX1521038,1.3572013608
ERX1521039,1.7983489078
ERX1521040,1.0736706333
ERX1521041,1.2618505894
ERX1521042,0.1871163556
ERX1521043,-0.7110260203000001
ERX1521044,0.11535486900000001
ERX1521045,-0.11535486900000001
SRX621182,0.9091329637000001
SRX621183,0.8847695875
SRX621184,0.9987195627000001
SRX621185,0.9608719286
SRX621188,1.188759355
SRX621189,0.8342807776000001
SRX621190,0.2471440413
SRX621191,-0.2471440413
SRX621192,0.8849352973
SRX621193,0.8497960975000001
SRX6489436,0.6992605567
SRX6489437,0.0988441307
SRX6489438,0.8184450804000001
SRX6489439,0.33118746590000003
SRX6489440,-0.5285659191000001
SRX6489441,0.1973784532
SRX6489442,0.1605571896
SRX6489443,0.7709251528000001
SRX6489444,-0.068203022
SRX6489445,0.3353796841
SRX6489446,0.2729300127
SRX6489447,0.30696870870000004
SRX6489448,0.40465521190000003
SRX6489449,-0.0706746795
SRX6489450,0.7818495539
SRX6489451,-0.11491302390000001
SRX6489452,0.1881947076
SRX6489453,0.6020487552
SRX6489454,0.0653898963
SRX6489455,0.0276535213
SRX6489456,0.4081474788
SRX6489457,0.0060451915
SRX6489458,0.43479979
SRX6489459,0.1415737084
SRX6489460,0.5819296150000001
SRX6489461,0.6015648046000001
SRX6489462,0.19511736600000001
SRX6489463,0.6877185653
SRX6489464,1.0133323794
SRX6489465,0.9801461582000001
SRX6489466,0.4589254622
SRX6489467,0.8268976847
SRX6489468,0.8131608527
SRX6489469,-0.10321729360000001
SRX6489470,-0.020915006400000002
SRX6489471,0.4697442545
SRX6452027,-0.0082104486
SRX6452029,-0.1317242546
SRX6452030,0.6041357037
SRX6452031,0.2343106486
SRX6452044,0.6370045145000001
SRX6452045,0.4765647425
SRX6452046,0.6414597609
SRX6452047,0.8013679814
SRX6452048,0.1317242546
SRX6452059,0.6043418413
SRX1828491,0.2749051168
SRX1828492,-0.8027385536
SRX1828493,0.0982089644
SRX1828494,0.087712462
SRX1828495,-0.1740254117
SRX1828496,-0.8027385536
SRX1828497,-0.8027385536
SRX1828498,0.0589881494
SRX1828499,0.0438441397
SRX1828500,-0.8027385536
SRX1828501,-0.8027385536
SRX1828502,-0.8027385536
SRX1828503,-0.2720985975
SRX1828504,0.320585143
SRX1828505,-0.3968541621
SRX1828506,-0.32801142920000004
SRX1828507,0.308671532
SRX1828508,-0.308671532
SRX3796953,0.4038697161
SRX3796954,-0.4038697161
SRX3796955,-0.4379708278
SRX3796956,1.022554642
SRX3796957,0.3394564332
SRX3796958,0.8198976826000001
SRX3796959,-0.26617152650000003
SRX3796960,-0.066535536
SRX3796961,-1.0140335662
SRX3796962,-0.578943234
SRX3796963,0.14055710570000002
SRX3796964,-0.1702974535
SRX3796965,-0.3995746489
SRX3796966,-0.7921446759
SRX3796967,0.1519881944
SRX3796968,-1.0140335662
SRX3796969,-1.0140335662
SRX3796970,-0.11313571060000001
SRX3796971,0.3444725327
SRX3796972,0.0206240388
SRX3796973,0.5166524102
SRX3796974,-0.2300364828
SRX3796975,-0.4262511815
SRX3796976,0.9436556728000001
SRX3796977,0.4700914258
SRX3796978,-0.060063405400000006
SRX3796979,-0.0298891035
SRX3796980,-0.4012324378
SRX3796981,0.2559325582
SRX3796982,0.5152949669
SRX3796983,-0.3773993101
SRX3796984,-0.5814699128
SRX3796985,-0.5024997293
SRX3796986,-0.5475733917
SRX3796987,0.7913466547
SRX3796988,-0.4415181214
SRX2568270,0.9043724714
SRX2568271,-0.9969647848000001
SRX2568272,-0.9969647848000001
SRX2568273,-0.9969647848000001
SRX2568274,-0.9969647848000001
SRX2568275,-0.9043724714
SRX2568276,-0.9969647848000001
SRX2568277,-0.9408081954
SRX2568278,1.8953212644000001
SRX2568279,1.4693807588
SRX3421856,0.08361186720000001
SRX3421857,-0.08361186720000001
SRX3421858,1.3003601798
SRX3421859,1.2651261303
SRX3421860,-1.9664076958
SRX3421861,-0.541337009
SRX3421868,0.38436671450000004
SRX3421869,0.8196256356
SRX2606337,-0.062002608300000005
SRX2606338,-0.4830371177
SRX2606339,-0.4907102325
SRX2606340,0.3550619521
SRX2606341,0.2029920601
SRX2606342,0.0116248552
SRX2606343,0.6583789902
SRX2606344,0.3859178539
SRX2606345,1.1824242793
SRX2606346,0.0497874325
SRX2606347,-0.1305324964
SRX2606348,0.0224054487
SRX2606349,-0.2392547244
SRX2606350,0.4660497987
SRX2606351,0.0331887931
SRX2606352,0.7278270209000001
SRX2606353,0.2088443436
SRX2606354,1.1469980567
SRX2606355,1.2167146671
SRX2606356,0.37684483900000004
SRX2606357,0.19253510470000001
SRX2606358,0.442155573
SRX2606359,0.7722639447
SRX2606360,-0.4655309152
SRX2606361,1.0892655983
SRX2606362,1.3990287222
SRX2606363,0.7648213727000001
SRX2606364,0.1410242523
SRX2606365,1.4527504367000001
SRX2606366,0.0558004743
SRX3648427,-0.3811838806
SRX3648428,-0.0068784407
SRX3648429,-0.16086599940000001
SRX3648430,0.17690325510000002
SRX3648431,-0.1775062445
SRX3648432,-0.12177493040000001
SRX3648433,0.3227014868
SRX3648434,0.14729911580000002
SRX3648435,-0.2343537517
SRX3648436,0.41319354900000005
SRX3648437,0.327672126
SRX3648438,-0.0541429317
SRX3648439,-0.0785559141
SRX3648440,-0.0146283864
SRX3648441,-0.0517586934
SRX3648442,0.0265101174
SRX3648443,0.1939513036
SRX3648444,0.19447407
SRX3648445,0.10241793240000001
SRX3648446,0.0018990565
SRX3648447,0.048578414300000004
SRX3648448,0.1127706918
SRX3648449,-0.1988006038
SRX3648450,0.0584913716
SRX3648451,0.024854959500000003
SRX3648452,0.1964991612
SRX3648453,-0.1938155803
SRX3648454,0.2183313977
SRX3648455,0.028497454000000002
SRX3648456,0.0800962107
SRX3648457,0.1213299801
SRX3648458,0.0253632518
SRX3648459,-0.20210279720000002
SRX3648460,-0.1348211362
SRX3648461,0.0020743048
SRX3648462,0.146931516
SRX3648463,0.5728809849000001
SRX3648464,-0.3811838806
SRX3648465,0.0086972256
SRX3648466,0.0157775015
SRX3648467,-0.17844690330000001
SRX3648468,-0.1616062301
SRX3648469,0.0857759635
SRX3648470,0.2453561792
SRX3648471,0.12863629270000002
SRX3648472,-0.1218027183
SRX3648473,-0.3811838806
SRX3648475,0.1224396101
SRX3648476,0.1737047903
SRX3648477,0.13551074300000002
SRX3648478,0.3118483696
SRX3648479,-0.3811838806
SRX3648480,0.4150581821
SRX3648481,-0.004983651600000001
SRX3648482,-0.3811838806
SRX3648483,0.40318053330000003
SRX1429221,-0.6604026372
SRX1429222,-0.20657858040000002
SRX1429223,0.8669812176
SRX1429224,-0.1967679246
SRX1429225,-1.0083999144
SRX1429226,-0.1154632295
SRX1429227,-0.2750394402
SRX1429228,0.19938940870000002
SRX1429229,-0.3663820103
SRX1429230,1.0080006535
SRX1429231,1.518153849
SRX1429232,0.9924184271000001
SRX1429233,1.4614324607
SRX1429234,0.9361850547
SRX1429235,0.7252961824
SRX1429236,0.1686734907
SRX1429237,0.9261228810000001
SRX1429238,0.8533489707
SRX1429239,0.8077602986
SRX1429240,1.1038842504
SRX1429241,0.8634760582000001
SRX1429242,1.0004779697
SRX1429243,0.9640208302000001
SRX1429244,1.1280647333
ERX2339161,0.3181912838
ERX2339162,-0.3181912838
ERX2339163,-0.8382859007
ERX2339164,-1.397707327
ERX2339165,0.4925600348
ERX2339166,0.486637386
ERX2339167,0.1954689315
ERX2339168,-0.2502753358
ERX2339169,-0.4876127705
ERX2339170,-0.7813138475
ERX2339171,-2.0124550327
SRX7656012,1.5967639333
SRX7656013,-0.6689203292
SRX7656014,0.43042867500000004
SRX7656015,-0.6236085
SRX7656016,-0.6106920488
SRX7656017,-0.4731392062
SRX7656018,0.2194581553
SRX7656019,0.4346100606
SRX7656020,-1.0513481032
SRX7656021,-0.1488034777
SRX7656022,0.1775862615
SRX7656023,-1.4929956224
SRX7656024,0.2591806587
SRX7656025,-0.0570110582
SRX7656026,0.6644203214000001
SRX7656027,-0.4473052125
SRX7656028,1.8630236166
SRX7656029,0.1503426247
SRX7656030,0.21570490280000001
SRX7656031,0.21907506200000001
SRX7656032,-0.0847715465
SRX7656033,-0.530602727
SRX7656034,-0.7640500650000001
SRX7656035,0.0023548812
SRX7656036,0.4180220442
SRX7656037,0.4798755659
SRX7656038,-0.1135239893
SRX7656039,-0.43806420700000004
SRX7656040,-0.2377133457
SRX7656041,0.6757775528000001
SRX7656042,1.0792211473
SRX7656043,1.5166378273
SRX7656044,0.1272501074
SRX7656045,0.8110164124
SRX7656046,-0.3095597905
SRX7656047,0.07470065520000001
SRX7656048,0.6311726288
SRX7656049,1.4729786094000001
SRX7656050,2.2715083021
SRX7656051,-0.8552580342
SRX7656052,0.38146526540000003
SRX7656053,2.3179164097
SRX7656054,1.5853294044
SRX7656055,2.074467339
SRX7656056,1.1543064132
SRX7656057,0.1308244987
SRX7656058,1.3436151588
SRX7656059,0.6810110089
SRX7656060,1.24401302
SRX7656061,0.30345835050000003
SRX7656062,1.0448989743
SRX7656063,1.539142685
SRX7656064,1.1396137213
SRX7656065,2.2947979409
SRX7656066,1.8215500988
SRX7656067,-0.054848352600000004
SRX7656068,0.638942762
SRX7656069,1.1104802074
SRX7656070,2.2354207158
SRX7656071,3.2441667818
SRX7656072,0.45588946020000004
SRX7656073,0.9995353758000001
SRX7656074,3.0831005741
SRX7656075,1.461250879
SRX7656076,3.4775289566
SRX7656077,2.5307303983000002
SRX7656078,0.6757864465
SRX7656079,-0.31429839940000004
SRX7656080,1.6901082632
SRX7656081,-1.4929956224
SRX7656082,1.1707229122
SRX7656083,0.8581309380000001
SRX7656084,0.3633625246
SRX7656085,-0.7877521785
SRX7656086,3.4577680579
SRX7656087,-0.7581111962
SRX7656088,-0.1011328528
SRX7656089,0.1693767296
SRX7656090,0.9681015712000001
SRX7656091,0.5956593074000001
SRX7656092,0.3143288068
SRX7656093,-0.3807288236
SRX7656094,1.4181898851999999
SRX7656095,0.6797715710000001
SRX7656096,-0.0693941795
SRX7656097,-0.7113030597000001
SRX7656098,-1.0543620622
SRX7656099,0.45723965190000004
SRX7656100,-0.0654670529
SRX7656101,-0.6336023171
SRX7656102,0.3407876085
SRX7656103,0.3872134613
SRX7656104,-0.2102196759
SRX7656105,0.13310232700000002
SRX7656106,0.5945602909000001
SRX7656107,-0.0161871686
SRX7656108,1.6944561663000002
SRX7656109,0.6384356508
SRX7656110,0.8178250517000001
SRX7656111,-1.4929956224
SRX7656112,0.8460065194
SRX7656113,-1.4929956224
SRX7656114,-1.4929956224
SRX7656115,-1.4929956224
SRX7656116,1.3521860628
SRX7656117,-1.4929956224
SRX7656118,1.9315057745000002
SRX7656119,0.361374287
SRX7656120,-0.875705264
SRX7656121,-0.4254006913
SRX7656122,0.4018907036
SRX7656123,1.2030676722
SRX7656124,0.5797425890000001
SRX7656125,-0.0791001811
SRX7656126,-0.8019635118
SRX7656127,0.7243033898
SRX7656128,0.1261312306
SRX7656129,-0.2226060477
SRX7656130,1.6194600353
SRX7656131,1.0226020941
SRX7656132,2.128576185
SRX7656133,2.0520684794
SRX7656134,1.2895198252
SRX7656135,1.041814724
SRX7656136,0.9879156927
SRX7656137,0.0457848545
SRX7656138,0.1982048372
SRX7656139,-1.4929956224
SRX7656140,-0.0268686393
SRX7656141,0.1780019182
SRX7656142,-0.896222862
SRX7656143,0.4190310116
SRX7656144,2.1192854091
SRX7656145,2.1913355284
SRX7656146,1.2773639732
SRX5388319,8.185830000000001e-05
SRX5388320,0.0107362706
SRX5388321,-0.010818129000000001
SRX5388322,0.5919935985
SRX5388323,-0.058488805500000005
SRX5388324,0.339368233
SRX5388325,0.0789217924
SRX5388326,0.2272142708
SRX5388327,-0.0167404299
SRX8708326,-0.2510004238
SRX8708328,0.022237787800000002
SRX8708335,-0.0079512035
SRX8708336,0.0386964037
SRX8708337,-0.0529829881
SRX8708338,0.0884281843
SRX8708339,0.0385135495
SRX8708340,0.1504350247
SRX8708365,0.0370488125
SRX8708366,0.1831003572
SRX8708368,0.31308771420000003
SRX8708369,0.17192888580000001
SRX8708370,-0.0156779167
SRX8708371,0.491924672
SRX4166001,-0.25248473120000003
SRX4166002,-0.2439470461
SRX4166003,0.49643177730000004
SRX4166004,-0.0044456975
SRX4166005,-0.6055841328
SRX4166006,-0.23205486790000002
SRX4166007,-0.7175667153
SRX4166008,-0.39802193890000004
SRX4166009,-0.22368918710000002
SRX4166010,-0.1569520116
SRX4166011,0.0064455777
SRX4166012,-0.5324812964
SRX5000481,-0.2296929467
SRX5000482,0.1729109838
SRX5000483,0.2276441274
SRX5000484,-0.1240603161
SRX5000485,0.4459460582
SRX5000486,0.2463284553
SRX5000487,-0.3714733584
SRX5000488,0.2664614038
SRX5000489,-0.5091851873000001
SRX5000490,-0.1389913348
SRX5000491,0.025539690400000002
SRX5000492,0.6090148
SRX5000493,-0.0678039865
SRX5000494,0.6577861598
SRX5000495,0.6277307921
SRX5000496,0.1724010023
SRX5000497,-0.3934882716
SRX5000498,0.3632512741
SRX5000499,0.28438421480000003
SRX5000500,0.0302369975
SRX5000501,-0.542434843
SRX5000502,0.3285033706
SRX5000503,-0.005198620100000001
SRX5000504,-0.4950312925
SRX5000505,0.1890936949
SRX5000506,-0.4102986658
SRX5000507,0.27631889800000003
SRX5000508,0.178261719
SRX5000509,-0.0740071436
SRX5000510,-0.5322488433
SRX5000511,-0.5755001255000001
SRX5000512,-0.1696002489
SRX5000513,-0.1707641225
SRX5000514,-0.10709035500000001
SRX5000515,0.1897212329
SRX5000516,-0.351641655
SRX4124772,-0.27027844500000003
SRX4124773,-0.27027844500000003
SRX4124774,-0.27027844500000003
SRX4124775,0.27027844500000003
SRX5323946,0.2838551287
SRX5323947,-0.2838551287
SRX5323948,0.1531732063
SRX5323949,0.0327545871
SRX5323950,0.0881153019
SRX5323951,0.5307671004
SRX5323952,0.5052080564
SRX5323953,0.26630506400000004
SRX5323954,0.2260752788
SRX5323955,0.6062825237
DRX093856,-0.19429116770000002
DRX093857,0.13245239990000002
DRX093858,0.30365552500000004
DRX093859,-0.19033793910000002
DRX093860,0.3822640572
DRX093861,0.1009738698
DRX093862,1.0301703941
DRX093863,0.1046896597
DRX093864,-0.5550444639000001
DRX093865,0.5791216530000001
DRX093866,0.0933172979
DRX093867,0.5257026895
DRX093868,0.3616554225
DRX093869,-0.1639923929
DRX093870,-0.5550444639000001
SRX6366242,-0.627204251
SRX6366243,-0.627204251
SRX6366244,-0.627204251
SRX6366245,0.7975092262
SRX6366246,-0.627204251
SRX6366247,0.8742037776
SRX6366248,-0.627204251
SRX6366249,-0.627204251
SRX6366250,-0.627204251
SRX6366251,-0.627204251
SRX6366252,-0.627204251
SRX6366253,0.627204251
SRX254739,-3.568740198
SRX254740,-3.690549846
SRX254741,-3.4470654601
SRX254742,-3.4556725104
SRX254743,-3.6515333248
SRX254744,-3.8380303189
SRX254745,-3.5191123619
SRX254746,-3.5283595751
SRX254747,-4.8619517073
SRX254748,-3.6428751602
SRX254749,-3.7535036679
SRX254750,-3.6318315679
SRX254751,-3.2097959293000002
SRX254752,-3.8883995997
SRX254753,-3.8366466559
SRX254754,-3.6415649948
SRX254755,-2.1750536861
SRX254756,-2.084838273
SRX254757,-4.3969213789
SRX254758,-3.6080252543
SRX254759,-2.8767831387
SRX254760,-3.9784295285
SRX254761,-3.0306731843
SRX254762,-3.797498442
SRX254763,-3.1638407622
SRX254764,-1.9848887695
SRX254765,-2.5919831071
SRX254766,-4.5678346565
SRX254767,-3.9008097682000002
SRX254768,-4.8619517073
SRX254772,-1.8542026979
SRX254773,-0.5185701355
SRX254774,-2.7215591847000002
SRX254775,0.36408672750000004
SRX254776,-1.4303128918999999
SRX254777,2.5231267886
SRX254778,0.8854109203
SRX254779,-0.4524517695
SRX254780,-1.5132307581000002
SRX254781,2.159109039
SRX254782,1.0715303201
SRX254783,2.3490937441
SRX254784,2.6991067837
SRX254785,2.0784952813
SRX254786,1.5163603396
SRX7136401,0.015862917100000002
SRX7136403,0.3580669687
SRX7136405,1.062592048
SRX7136407,-0.8121722932000001
SRX7136409,-0.0574356034
SRX7136411,-0.37392988580000003
SRX3754949,-0.1991295267
SRX3754950,0.0365505992
SRX3754951,0.1625789276
SRX3754952,-0.0347626401
SRX3754953,-0.0639945978
SRX3754954,0.43667576820000004
SRX3754955,-1.0638984783
SRX3754956,-1.1497680704
SRX3754957,-0.9561727807
SRX3754966,-0.4714879631
SRX3754967,-0.23691937940000002
SRX3754969,-0.33721866170000003
SRX1424798,-0.0805196717
SRX1424799,0.0805196717
SRX1424800,0.3719187977
SRX1424801,-0.22052828870000002
SRX1424802,0.1936239947
SRX1424803,0.0247963969
SRX1424804,0.5001127109
SRX1424805,0.7835603581
SRX1424806,0.7653028416000001
SRX1424807,0.38094001990000004
SRX1424808,0.4007471555
SRX1424809,0.9598461436000001
SRX1424816,2.1188641943
SRX1424817,2.7422674254
SRX1424818,0.8562611812
SRX1424819,-0.1895854398
SRX1424824,1.9294679167000002
SRX1424825,1.0444106288
SRX1424826,0.8303650334
SRX1424827,0.48881200620000004
SRX1424828,0.0136127404
SRX1424829,0.154423473
SRX1424830,1.0382536765000001
SRX1424831,1.1944390175
SRX1424834,1.5403729030000002
SRX1424835,2.4784789201
SRX1424840,1.6695045122
SRX1424841,2.8937306681
SRX1424842,2.0671539312
SRX1424843,1.1382766773
SRX1424844,3.1762433186
SRX1424845,2.5195181574000003
SRX1424846,2.6318407167
SRX1424847,2.7930939243
SRX5060277,0.044081173800000005
SRX5060279,-0.060555325300000004
SRX5060281,-0.044081173800000005
SRX5060283,-0.34766225640000004
SRX5936089,0.4811434473
SRX5936090,-0.0633007342
SRX5936091,-0.2893831253
SRX5936092,-0.1284595879
SRX5936093,-0.9544586929000001
SRX5936094,-0.2613986104
SRX5936095,-0.5826293459
SRX5936096,-0.6566574761
SRX5936097,-0.0313838679
SRX5936098,-0.044349211900000005
SRX5936099,-0.9544586929000001
SRX5936100,-0.3848237903
SRX5936101,-0.9544586929000001
SRX5936102,-0.033711704
SRX5936103,-0.17595945940000002
SRX5936104,-0.2096083316
SRX5936105,-0.0790629278
SRX5936106,-0.6894469077000001
SRX5936107,-0.0685739934
SRX5936108,-0.0363309947
SRX5936109,-0.4247935651
SRX5936110,-0.3785638945
SRX5936111,0.1577847588
SRX5936112,0.10832831400000001
SRX5936113,-0.669769436
SRX5936114,-0.3956707779
SRX5936115,-0.377817289
SRX5936116,-0.6786001645
SRX5936118,0.1536344302
SRX5936119,-0.21179191690000002
SRX5936121,-0.35723975150000004
SRX5936122,-0.3140385596
SRX5936123,-0.31514623350000004
SRX5936124,-0.0321456221
SRX5936125,0.4054957443
SRX5936126,-0.5732780706
SRX5936128,0.67865867
SRX5936129,0.8897036914
SRX5936130,0.49957198020000004
SRX5936131,0.3149899071
SRX5936132,0.5993131184
SRX5936133,0.2670922623
SRX5936134,1.0331496447
SRX5936135,0.4050531907
SRX5936137,0.09642314510000001
SRX5936138,0.3722400122
SRX5936139,-0.2448048086
SRX5936140,-0.6755437427000001
SRX5936141,-0.44796397800000004
SRX5936142,-0.25400897640000003
SRX5936143,0.0071341197
SRX5936144,-0.6794423577
SRX8557650,0.6010157793
SRX8557651,-0.4090211145
SRX8557652,-0.19199466480000002
SRX8557653,-0.37724418190000003
SRX8557654,-0.161329216
SRX8557655,0.44907866700000004
SRX8557656,1.8784242184000002
SRX8557657,1.4857733905
SRX8557658,0.9403389613
SRX8557659,2.4050333570999998
SRX8557660,0.8499304218
SRX8557661,0.590015387
SRX8557662,0.2558364755
SRX8557663,0.1572790372
SRX8557664,-0.069918055
SRX8557665,0.1280936604
SRX8557666,0.6054855211
SRX8557667,0.6760820312
SRX3405147,-0.7057786265
SRX3405148,-0.6582739237
SRX3405149,1.3640525502
SRX3405150,-0.033582509
SRX3405151,0.23642997170000002
SRX3405152,-1.0629679857
SRX3405153,-0.9726923580000001
SRX3405154,-1.0431534111
SRX3405155,-1.1316618666
SRX3405156,-1.4111646062
SRX3405157,-1.150335434
SRX312063,0.31535428320000003
SRX312064,0.49583321220000004
SRX312065,0.5669898278000001
SRX312066,0.1646643019
SRX312067,0.1829022464
SRX312068,1.3436326859
SRX312069,1.3411814131
SRX312070,0.23890390290000002
SRX312071,-0.23890390290000002
SRX312072,0.3465941095
SRX312073,0.5440241442
SRX312074,0.661232178
SRX312075,0.0275119038
SRX312076,-0.29291266800000004
ecoli_00001,-0.0713940955
ecoli_00002,0.0713940955
ecoli_00003,0.9285807125000001
ecoli_00004,0.0082501465
ecoli_00005,0.6240889915
ecoli_00006,-0.1722316965
ecoli_00007,1.3017861725
ecoli_00008,0.8102783115000001
ecoli_00009,1.6148143055
ecoli_00010,0.9276356975000001
ecoli_00011,0.7376323755
ecoli_00012,0.5145763375
ecoli_00014,0.5698009225
ecoli_00015,0.5194280705000001
ecoli_00016,0.39854339050000004
ecoli_00017,0.1230213815
ecoli_00018,0.5868637975000001
ecoli_00019,0.0723052305
ecoli_00020,0.7189146385
ecoli_00021,0.8802162175
ecoli_00022,0.5258234665
ecoli_00023,0.43762768550000003
ecoli_00024,0.13622871350000001
ecoli_00025,-0.41094453950000004
ecoli_00026,0.49405308750000004
ecoli_00027,0.3634412835
ecoli_00028,0.3963947425
ecoli_00029,0.4098619895
ecoli_00030,0.2357489365
ecoli_00031,0.3781512285
ecoli_00032,0.1536108505
ecoli_00033,1.7965346325
ecoli_00034,1.4350817765000001
ecoli_00035,0.4592596345
ecoli_00036,1.0068991515
ecoli_00037,1.4120271595
ecoli_00038,0.1299776625
ecoli_00039,1.1892811855
ecoli_00040,0.9022881375
ecoli_00041,0.4175602365
ecoli_00042,1.1767783345
ecoli_00043,-0.1368680155
ecoli_00044,0.0102743055
ecoli_00045,-0.1012606385
ecoli_00046,-0.0989254105
ecoli_00047,-0.41094453950000004
ecoli_00048,0.4334082415
ecoli_00049,0.9883170505000001
ecoli_00050,0.2732078395
ecoli_00051,0.36920224150000003
ecoli_00052,0.0384317065
ecoli_00053,0.8733472805
ecoli_00054,1.5399417995
ecoli_00055,1.4883408635
ecoli_00056,0.9871056835
ecoli_00057,0.9064199295
ecoli_00058,0.6230008275000001
ecoli_00059,1.1278324705
ecoli_00060,1.3262903955
ecoli_00061,0.39648845450000003
ecoli_00062,-0.41094453950000004
ecoli_00063,0.7774032625
ecoli_00064,0.2871742265
ecoli_00065,0.9546085035
ecoli_00066,0.1553804785
ecoli_00067,-0.11898616050000001
ecoli_00068,0.7185410965
ecoli_00070,0.3520806675
ecoli_00071,0.4188476775
ecoli_00072,0.2406557035
ecoli_00073,1.1378156265000001
ecoli_00074,1.5227359995
ecoli_00075,0.1312965925
ecoli_00077,1.2293730605
ecoli_00078,1.4095733015
ecoli_00079,1.0353961745
ecoli_00080,-0.41094453950000004
ecoli_00081,1.8020925375
ecoli_00082,0.0310427565
ecoli_00083,0.7124371305
ecoli_00084,0.5014308825
ecoli_00085,0.17260384850000002
ecoli_00086,0.5525388875
ecoli_00087,0.9287787855
ecoli_00088,0.9645360935
ecoli_00089,0.8725841235
ecoli_00090,0.7918065615000001
ecoli_00091,0.8229996015000001
ecoli_00092,1.3072153695
ecoli_00093,0.3040648105
ecoli_00094,0.2800070515
ecoli_00095,0.9433366695000001
ecoli_00096,0.9488838565000001
ecoli_00097,0.7015132055000001
ecoli_00098,-0.41094453950000004
ecoli_00099,0.058662384500000005
ecoli_00100,1.9421326615
ecoli_00101,0.3688874405
ecoli_00102,0.0681664835
ecoli_00103,0.9731407675
ecoli_00104,0.3597418395
ecoli_00105,0.060823878500000005
ecoli_00106,0.7020648835000001
ecoli_00107,0.2527749385
ecoli_00108,-0.41094453950000004
ecoli_00109,-0.41094453950000004
ecoli_00110,-0.41094453950000004
ecoli_00111,-0.41094453950000004
ecoli_00112,-0.41094453950000004
ecoli_00113,-0.41094453950000004
ecoli_00114,-0.41094453950000004
ecoli_00115,-0.41094453950000004
ecoli_00116,-0.41094453950000004
ecoli_00117,-0.41094453950000004
ecoli_00118,-0.41094453950000004
ecoli_00119,-0.41094453950000004
ecoli_00120,-0.41094453950000004
ecoli_00121,-0.41094453950000004
ecoli_00122,-0.41094453950000004
ecoli_00123,-0.41094453950000004
ecoli_00124,-0.41094453950000004
ecoli_00125,0.8859071165
ecoli_00126,-0.0349761985
ecoli_00127,-0.41094453950000004
ecoli_00128,0.0408370515
ecoli_00129,0.5149825575
ecoli_00130,0.4835554345
ecoli_00131,0.2771278645
ecoli_00132,-0.41094453950000004
ecoli_00133,0.2876392655
ecoli_00134,0.8127403575000001
ecoli_00135,0.7007207105000001
ecoli_00136,0.6733149815
ecoli_00137,0.5881216635000001
ecoli_00138,-0.1936788935
ecoli_00139,0.7013222535
ecoli_00140,0.44183149650000003
ecoli_00141,0.1796164895
ecoli_00142,1.0312236815
ecoli_00143,1.2006257775
ecoli_00144,1.4479695925
ecoli_00145,0.1491643065
ecoli_00146,0.6516602315000001
ecoli_00147,0.7416321415
ecoli_00148,0.7402157595000001
ecoli_00149,0.9404657835
ecoli_00150,0.6493542875
ecoli_00151,1.4884529965
ecoli_00152,1.3926582655
ecoli_00153,1.3337315164999999
ecoli_00154,0.34809076250000004
ecoli_00155,0.3664738845
ecoli_00157,0.9322473325
ecoli_00158,1.5074621655
ecoli_00159,0.3748837235
ecoli_00160,0.4872587705
ecoli_00169,0.19069173550000001
ecoli_00170,-0.0053879235
ecoli_00171,0.0679155545
ecoli_00172,0.0371369295
ecoli_00173,0.7049832815
ecoli_00174,0.0058090125
ecoli_00175,0.1272965235
ecoli_00176,0.7532813635000001
ecoli_00177,1.0240655985
ecoli_00178,1.6678318435000001
ecoli_00179,0.3717001525
ecoli_00180,0.7402911265000001
ecoli_00181,0.2071103485
ecoli_00182,0.1256049635
ecoli_00183,1.0491656255
ecoli_00184,0.1963714735
ecoli_00185,-0.2748794465
ecoli_00186,0.5541732075
ecoli_00187,0.29809385450000003
ecoli_00188,0.6990812965000001
ecoli_00189,0.0884437815
ecoli_00190,0.5000502245
ecoli_00191,-0.41094453950000004
ecoli_00192,0.8616630535
ecoli_00193,0.8687901595
ecoli_00194,1.1730386895
ecoli_00195,0.6805304155
ecoli_00196,0.6763069775
ecoli_00197,0.7233326755
ecoli_00198,1.2884580335
ecoli_00199,0.8116399645
ecoli_00200,0.7539892425
ecoli_00201,0.7014428915
ecoli_00202,1.6312952925
ecoli_00203,0.4073663785
ecoli_00204,-0.0124425235
ecoli_00205,0.5065063395
ecoli_00206,0.3517222015
ecoli_00207,0.3170450475
ecoli_00208,1.0372419675
ecoli_00209,0.3583355505
ecoli_00210,0.9506624625000001
ecoli_00211,-0.41094453950000004
ecoli_00212,-0.41094453950000004
ecoli_00213,0.4155744655
ecoli_00214,0.1384388235
ecoli_00215,0.0542739905
ecoli_00216,-0.06401158850000001
ecoli_00217,0.2829913475
ecoli_00218,0.3410064615
ecoli_00219,0.4316498295
ecoli_00220,0.3658831435
ecoli_00221,0.8389084255
ecoli_00222,0.1024477295
ecoli_00223,0.7845803435
ecoli_00224,0.6772508865
ecoli_00225,0.7864409615
ecoli_00226,0.5190477965
ecoli_00227,0.0738620785
ecoli_00228,0.6097325065
ecoli_00229,0.8972413735
ecoli_00230,1.2530451295
ecoli_00231,0.7053269485
ecoli_00232,0.7814814215
ecoli_00233,1.0310880135
ecoli_00234,0.7259699265
ecoli_00235,0.5670031525
ecoli_00236,1.0310849955
ecoli_00237,0.6315040235
ecoli_00238,1.4097430025
ecoli_00239,1.2688999145
ecoli_00240,0.6041435825
ecoli_00241,1.7580745475000001
ecoli_00242,1.1115303775
ecoli_00243,0.9643595185
ecoli_00244,0.4217164735
ecoli_00245,0.0770615675
ecoli_00246,1.8103721705
ecoli_00247,0.10743978350000001
ecoli_00248,0.7845855035
ecoli_00249,1.5754755685
ecoli_00250,0.7512500735000001
ecoli_00251,0.6364235645
ecoli_00252,0.6988551865
ecoli_00253,1.9392219385
ecoli_00254,1.7583293495
ecoli_00255,1.1056700055
ecoli_00256,1.0508693125
ecoli_00257,1.1753154655
ecoli_00258,0.7205490075000001
ecoli_00259,0.9755561665
ecoli_00260,0.5012299595
ecoli_00261,1.1436533995
ecoli_00262,0.3904349485
ecoli_00263,0.3483698235
ecoli_00264,-0.2066989505
ecoli_00265,0.3507217885
ecoli_00266,0.5852118285
ecoli_00267,0.8616079865
ecoli_00268,0.9072831415
ecoli_00269,-0.41094453950000004
ecoli_00270,0.6044544485000001
ecoli_00271,-0.41094453950000004
ecoli_00272,-0.41094453950000004
ecoli_00273,0.5933330045
ecoli_00274,0.27135578050000003
ecoli_00275,0.2041306225
ecoli_00276,0.8528676885
ecoli_00277,0.6858352205
ecoli_00278,1.5661748575
ecoli_00279,1.3965446325
ecoli_00280,0.3203885845
ecoli_00281,-0.3049469205
ecoli_00282,-0.2828038465
ecoli_00283,1.3902080955
ecoli_00284,1.3605307085
ecoli_00285,0.5135473645
ecoli_00286,0.7818007785000001
ecoli_00287,0.4053370315
ecoli_00288,0.35329226150000004
ecoli_00289,0.2600699515
ecoli_00290,0.38880561950000003
ecoli_00291,0.1943322875
ecoli_00292,0.5018118045000001
ecoli_00293,0.2892293915
ecoli_00294,1.3509120255
ecoli_00295,-0.41094453950000004
ecoli_00296,-0.41094453950000004
ecoli_00297,0.2690367555
ecoli_00298,0.5404548425
ecoli_00299,0.9213526365
ecoli_00300,-0.0851380045
ecoli_00301,0.6126681485000001
ecoli_00302,0.5064895115
ecoli_00303,0.7289231255
ecoli_00304,0.3505726015
ecoli_00305,0.5863413755
ecoli_00306,0.32785666750000003
ecoli_00307,1.1850779655
ecoli_00308,0.2978632265
ecoli_00309,0.9543056055
ecoli_00310,0.7861001805000001
ecoli_00311,0.7961303565000001
ecoli_00312,0.5589473975
ecoli_00313,0.3991844815
ecoli_00314,0.4905176255
ecoli_00315,0.6615376925
ecoli_00316,-0.41094453950000004
ecoli_00317,-0.41094453950000004
ecoli_00318,0.0039653895
ecoli_00319,-0.41094453950000004
ecoli_00320,0.5664327945000001
ecoli_00321,0.5918480335
ecoli_00322,1.0674956525
ecoli_00323,0.0366476195
ecoli_00324,0.4603377375
ecoli_00325,1.3600962994999999
ecoli_00326,1.5953018565
ecoli_00327,0.2738571385
ecoli_00328,0.0671599125
ecoli_00329,1.1473067305
ecoli_00330,1.6308603365
ecoli_00331,0.3008830095
ecoli_00332,0.42709892050000003
ecoli_00333,0.5739020855
ecoli_00334,0.36118677650000003
ecoli_00335,0.1662420405
ecoli_00336,-0.2202532855
ecoli_00337,0.40914702750000004
ecoli_00338,-0.0223539965
ecoli_00339,-0.41094453950000004
ecoli_00340,-0.2244534525
ecoli_00341,0.20317555850000002
ecoli_00342,0.1880296175
ecoli_00343,0.3441690005
ecoli_00344,-0.18846492550000002
ecoli_00345,0.6352110245
ecoli_00346,0.6007525815
ecoli_00347,-0.1347299965
ecoli_00348,0.4579405045
ecoli_00349,-0.0782625175
ecoli_00350,0.4077563055
ecoli_00351,1.2670056674999999
ecoli_00352,0.32707487350000003
ecoli_00353,0.3239038365
ecoli_00354,0.7209822285
ecoli_00355,0.7912250705
ecoli_00356,1.4961143725000001
ecoli_00357,0.7102834325
ecoli_00358,1.3532669855
ecoli_00359,0.0111196005
ecoli_00360,0.8036184435
ecoli_00361,0.9112520555
ecoli_00362,0.9489273825000001
ecoli_00363,0.5158651365
ecoli_00364,-0.2662828715
ecoli_00365,0.0570725355
ecoli_00366,0.0210451665
ecoli_00367,-0.41094453950000004
ecoli_00368,0.0553957185
ecoli_00369,-0.0683272835
ecoli_00370,0.1810277035
ecoli_00371,-0.2125249015
ecoli_00372,-0.19948424650000002
ecoli_00373,-0.11920383250000001
ecoli_00374,-0.0038746675
ecoli_00375,-0.1712561775
ecoli_00376,-0.20455549650000002
ecoli_00377,-0.2270998885
ecoli_00378,-0.044599031500000004
ecoli_00379,0.3601048095
ecoli_00380,-0.41094453950000004
ecoli_00381,-0.0586477605
ecoli_00382,-0.0095844575
ecoli_00383,-0.2604360415
ecoli_00384,-0.41094453950000004
ecoli_00385,-0.0649918205
ecoli_00386,-0.2342685565
ecoli_00387,-0.41094453950000004
ecoli_00388,0.3711161485
ecoli_00389,0.1321900635
ecoli_00390,-0.2092667905
ecoli_00391,-0.41094453950000004
ecoli_00392,-0.0318276025
ecoli_00393,0.4843000115
ecoli_00394,0.5143694225000001
ecoli_00395,-0.08942154050000001
ecoli_00396,0.26273431950000004
ecoli_00397,1.8100831375
ecoli_00398,1.7886448975
ecoli_00399,0.5503243805
ecoli_00400,0.3780282455
ecoli_00401,-0.0671307495
ecoli_00402,-0.08397621450000001
ecoli_00403,1.5703981715
ecoli_00404,1.1613317135
ecoli_00405,0.2891932105
ecoli_00406,0.4836529745
ecoli_00407,0.39936712550000003
ecoli_00408,0.3221414695
ecoli_00409,0.0110698485
ecoli_00410,0.8767150285
ecoli_00411,0.1971124065
ecoli_00412,0.43625153050000004
ecoli_00413,0.6186543005
ecoli_00414,1.0315822715
ecoli_00415,1.0336566215
ecoli_00416,0.9587685525
ecoli_00417,0.4511058905
ecoli_00418,0.1407705785
ecoli_00419,0.6778537545000001
ecoli_00420,0.9006651565
ecoli_00421,1.7147422055
ecoli_00422,1.1352456315000001
ecoli_00423,1.0044668065
ecoli_00424,0.16523228950000002
ecoli_00425,0.5350132885000001
ecoli_00426,-0.0933690405
ecoli_00427,0.6103629525000001
ecoli_00428,0.4829334585
ecoli_00429,0.08083567750000001
ecoli_00430,0.3534401895
ecoli_00431,1.3376939294999999
ecoli_00432,0.7655488245000001
ecoli_00433,1.0860128705
ecoli_00434,1.7503038874999999
ecoli_00435,0.13112160050000002
ecoli_00436,-0.0083746995
ecoli_00437,0.5524277975
ecoli_00438,0.6136682285
ecoli_00439,0.1955834665
ecoli_00440,0.6602273455000001
ecoli_00441,0.6228722155
ecoli_00442,0.4673348565
ecoli_00443,0.0536696625
ecoli_00444,0.8245013115000001
ecoli_00445,1.9002367455
ecoli_00446,1.5859184365
ecoli_00447,0.9220435095
ecoli_00448,0.8347415665
ecoli_00449,-0.41094453950000004
ecoli_00450,-0.41094453950000004
ecoli_00451,0.7405055185
ecoli_00452,0.9275568015000001
ecoli_00453,0.7361695805
ecoli_00454,0.5589454575
ecoli_00455,0.0276569665
ecoli_00456,0.5886915785
ecoli_00457,-0.1126352895
ecoli_00458,0.17815758950000002
ecoli_00459,-0.0141809585
ecoli_00460,-0.2527787485
ecoli_00461,-0.41094453950000004
ecoli_00462,-0.0324113085
ecoli_00463,-0.1149592755
ecoli_00464,0.1451763005
ecoli_00465,-0.0047885285
ecoli_00466,-0.0589246745
ecoli_00467,-0.1824698455
ecoli_00468,0.0478190895
ecoli_00469,0.0689481385
ecoli_00470,-0.09823862450000001
ecoli_00471,-0.41094453950000004
ecoli_00472,-0.0313953745
ecoli_00473,-0.41094453950000004
ecoli_00474,-0.0980698255
ecoli_00475,-0.1709860195
ecoli_00476,-0.41094453950000004
ecoli_00477,-0.24145431550000002
ecoli_00478,-0.21062173450000002
ecoli_00479,1.0411421625
ecoli_00480,-0.20036333550000002
ecoli_00481,0.3560037205
ecoli_00482,0.27370777350000003
ecoli_00483,0.3746240525
ecoli_00484,-0.1452185815
ecoli_00485,0.12304659050000001
ecoli_00486,0.22160793750000002
ecoli_00487,-0.1041917515
ecoli_00488,0.22597206050000002
ecoli_00489,-0.0944476545
ecoli_00490,0.14981969050000002
ecoli_00491,-0.41094453950000004
ecoli_00492,-0.41094453950000004
ecoli_00493,0.3871823565
ecoli_00494,0.0787944145
ecoli_00495,0.8296724785
ecoli_00496,0.2710011485
ecoli_00497,-0.2066789705
ecoli_00498,0.4791248105
ecoli_00499,0.1734646695
ecoli_00500,-0.0156822635
ecoli_00501,-0.41094453950000004
ecoli_00502,-0.41094453950000004
ecoli_00503,-0.41094453950000004
ecoli_00504,0.4219938935
ecoli_00505,-0.12166038750000001
ecoli_00506,-0.057489174500000004
ecoli_00507,-0.41094453950000004
ecoli_00508,-0.41094453950000004
ecoli_00509,-0.10001879250000001
ecoli_00510,0.1652330045
ecoli_00511,-0.07306001250000001
ecoli_00512,0.0022954215
ecoli_00513,0.0017982125000000002
ecoli_00514,0.0359627285
ecoli_00515,0.2119337915
ecoli_00516,0.1264252935
ecoli_00517,0.9680363815
ecoli_00518,0.7476642315
ecoli_00519,0.3507991845
ecoli_00520,0.5850209695
ecoli_00521,1.0915677335
ecoli_00522,0.7582653265
ecoli_00523,1.2411459735
ecoli_00524,-0.1209383445
ecoli_00525,-0.41094453950000004
ecoli_00526,-0.41094453950000004
ecoli_00527,-0.41094453950000004
ecoli_00528,-0.41094453950000004
ecoli_00529,-0.41094453950000004
ecoli_00530,-0.41094453950000004
ecoli_00531,-0.41094453950000004
ecoli_00532,-0.41094453950000004
ecoli_00533,-0.41094453950000004
ecoli_00534,-0.41094453950000004
ecoli_00535,-0.41094453950000004
ecoli_00536,-0.41094453950000004
ecoli_00537,-0.41094453950000004
ecoli_00538,-0.41094453950000004
ecoli_00539,-0.41094453950000004
ecoli_00540,-0.41094453950000004
ecoli_00541,-0.41094453950000004
ecoli_00542,-0.41094453950000004
ecoli_00543,-0.41094453950000004
ecoli_00544,-0.41094453950000004
ecoli_00545,-0.41094453950000004
ecoli_00546,-0.21370758750000002
ecoli_00547,0.0401775915
ecoli_00548,0.0463914765
ecoli_00549,-0.2578755595
ecoli_00550,0.38069127950000003
ecoli_00551,0.2009756725
ecoli_00552,-0.41094453950000004
ecoli_00553,-0.41094453950000004
ecoli_00554,-0.41094453950000004
ecoli_00555,-0.41094453950000004
ecoli_00556,-0.41094453950000004
ecoli_00557,-0.41094453950000004
ecoli_00558,-0.41094453950000004
ecoli_00559,-0.41094453950000004
ecoli_00560,-0.41094453950000004
ecoli_00561,-0.41094453950000004
ecoli_00562,-0.41094453950000004
ecoli_00563,-0.41094453950000004
ecoli_00564,0.7966639935000001
ecoli_00565,1.0538687875
ecoli_00566,0.2060920835
ecoli_00567,-0.2430566475
ecoli_00568,0.1905086835
ecoli_00569,0.36845759650000004
ecoli_00570,0.13614212250000002
ecoli_00571,0.053722740500000005
ecoli_00572,-0.41094453950000004
ecoli_00573,-0.41094453950000004
ecoli_00574,-0.19074250850000002
ecoli_00575,0.1278576155
ecoli_00576,0.0358497115
ecoli_00577,-0.2386206405
ecoli_00578,0.1981211645
ecoli_00579,1.0332379815
ecoli_00580,0.1526540805
ecoli_00581,0.6859387835
ecoli_00582,1.1955688955000001
ecoli_00583,1.3196663535
ecoli_00584,-0.0668477185
ecoli_00585,0.4366977745
ecoli_00586,0.2145266355
ecoli_00587,0.5541924515000001
ecoli_00588,0.14863418650000002
ecoli_00589,-0.41094453950000004
ecoli_00590,0.3233224925
ecoli_00591,0.6346593325000001
ecoli_00592,-0.41094453950000004
ecoli_00593,0.4633976745
ecoli_00594,-0.41094453950000004
ecoli_00595,0.7645820275
ecoli_00596,0.30936143850000003
ecoli_00597,0.1387394775
ecoli_00598,0.7833644855
ecoli_00599,1.1985696055
ecoli_00600,-0.41094453950000004
ecoli_00601,-0.41094453950000004
ecoli_00602,-0.41094453950000004
ecoli_00603,-0.41094453950000004
ecoli_00604,-0.41094453950000004
ecoli_00605,-0.41094453950000004
ecoli_00606,-0.0450692955
ecoli_00607,0.2565956635
ecoli_00608,0.6565116085
ecoli_00609,0.8564231845
ecoli_00610,0.4087426485
ecoli_00611,0.2832577815
ecoli_00612,-0.41094453950000004
ecoli_00613,-0.41094453950000004
ecoli_00614,-0.41094453950000004
ecoli_00615,-0.41094453950000004
ecoli_00616,-0.41094453950000004
ecoli_00617,-0.41094453950000004
ecoli_00618,-0.2315145505
ecoli_00619,0.8448320745000001
ecoli_00620,1.1295180775
ecoli_00621,0.4414033395
ecoli_00622,0.7133163925
ecoli_00623,0.8181202755
ecoli_00624,1.0073311425
ecoli_00625,0.8547751805
ecoli_00626,1.0437561945
ecoli_00627,0.7044223785
ecoli_00628,0.45488039150000004
ecoli_00629,0.3606343845
ecoli_00630,0.8769339545
ecoli_00631,0.9523112535
ecoli_00632,0.6853322485000001
ecoli_00633,0.4157267155
ecoli_00634,0.7591839105
ecoli_00635,0.8448070095
ecoli_00636,0.9066346585
ecoli_00637,0.7723415145
ecoli_00638,0.8400384365
ecoli_00639,0.3044078025
ecoli_00640,0.9779307455
ecoli_00641,0.8588521185
ecoli_00642,0.8379114215
ecoli_00643,0.7306880115000001
ecoli_00644,0.4886226495
ecoli_00645,0.5458632525
ecoli_00646,0.8772078535000001
ecoli_00647,0.7580154085
ecoli_00648,0.37484097650000003
ecoli_00649,0.9307399065
ecoli_00650,0.8635416915
ecoli_00651,1.4137736845
ecoli_00652,1.0319369155
ecoli_00653,0.8374143995000001
ecoli_00654,0.7124908255
ecoli_00655,0.1153651415
ecoli_00656,0.1919423905
ecoli_00657,0.3463626705
ecoli_00658,0.1383753995
ecoli_00659,0.8089167155
ecoli_00660,0.8272870205
ecoli_00661,0.8716472345
ecoli_00662,0.9235343825000001
ecoli_00663,0.6781488525
ecoli_00664,1.1990256905
ecoli_00665,1.2495775525
ecoli_00666,0.9452959875
ecoli_00667,0.9516900295
ecoli_00668,1.1477414225
ecoli_00669,1.1449281965
ecoli_00670,1.1778897785
ecoli_00671,0.8896059615
ecoli_00672,1.3902144265
ecoli_00673,0.3668931315
ecoli_00674,0.7232815045000001
ecoli_00675,0.8443462095000001
ecoli_00676,0.5376772885000001
ecoli_00677,0.9124168175
ecoli_00678,0.6691575365
ecoli_00679,1.4138471805
ecoli_00680,0.33189864150000004
ecoli_00681,0.4745130735
ecoli_00682,0.8251149365
ecoli_00683,0.9433889905
ecoli_00684,0.39246702050000004
ecoli_00685,0.6364634715
ecoli_00686,0.1513323765
ecoli_00687,0.48394249450000004
ecoli_00688,0.2681664885
ecoli_00689,0.9649393015000001
ecoli_00690,1.0136813395
ecoli_00691,0.9714031925000001
ecoli_00692,1.0216584935
ecoli_00693,0.8805998205000001
ecoli_00694,0.9084952145
ecoli_00695,0.7256129745000001
ecoli_00696,0.6112832365
ecoli_00697,1.0369835085
ecoli_00698,0.38810612850000004
ecoli_00699,0.6430336645
ecoli_00700,0.6872957815
ecoli_00701,0.33633573250000004
ecoli_00702,0.5148896025
ecoli_00703,0.5819853465
ecoli_00704,0.6768341805
ecoli_00705,1.1824772365
ecoli_00706,0.9759035015
ecoli_00707,0.6982442725
ecoli_00708,1.3630770175
ecoli_00709,0.5657133205
ecoli_00710,0.5854437785000001
ecoli_00711,1.2606584185
ecoli_00712,0.8921734275000001
ecoli_00713,0.7915798325000001
ecoli_00714,1.4627955345
ecoli_00715,1.3115839975
ecoli_00716,1.0708786965
ecoli_00717,0.8741710725
ecoli_00718,0.07502468450000001
ecoli_00719,0.6236125365
ecoli_00720,0.9139801785
ecoli_00721,0.2886411725
ecoli_00722,1.1683024545
ecoli_00723,1.6286256905
ecoli_00724,0.6311196225
ecoli_00725,0.0182813595
ecoli_00727,0.07933883650000001
ecoli_00728,0.5903085375
ecoli_00729,-0.41094453950000004
ecoli_00730,0.5439509715
ecoli_00731,0.035302953500000005
ecoli_00732,0.006769405500000001
ecoli_00733,0.5693605255
ecoli_00734,0.6059101665000001
ecoli_00735,0.3785481215
ecoli_00736,0.35609917950000003
ecoli_00737,0.8864411335
ecoli_00738,0.4690838525
ecoli_00739,0.4104149025
ecoli_00740,0.6790351295
ecoli_00741,0.3591815185
ecoli_00742,0.7770176285
ecoli_00743,1.1315005635
ecoli_00744,0.5969656835
ecoli_00745,1.1532916025
ecoli_00746,0.4776347575
ecoli_00747,0.3242413495
ecoli_00748,0.6350877515000001
ecoli_00749,1.7588714575000002
ecoli_00750,0.6252016965
ecoli_00751,0.9345625745
ecoli_00752,0.9673120795000001
ecoli_00753,0.2194909565
ecoli_00754,0.5328172725
ecoli_00755,1.1842069915
ecoli_00756,0.5064373665
ecoli_00757,0.8632618255000001
ecoli_00758,1.1455985115
ecoli_00759,1.1431177025
ecoli_00760,0.7292550465000001
ecoli_00761,0.6029826695
ecoli_00762,0.2533070465
ecoli_00763,-0.16291041350000002
ecoli_00764,0.42579913150000004
ecoli_00765,0.7445904875
ecoli_00766,0.1993042015
ecoli_00767,0.6587401785
ecoli_00768,3.7284024605
ecoli_00769,0.3690137345
ecoli_00770,0.5566747535000001
ecoli_00771,1.0941252855
ecoli_00772,1.3010625535
ecoli_00773,0.8548004595
ecoli_00774,1.8118440055
ecoli_00775,1.0677875095
ecoli_00776,0.7157754665
ecoli_00777,0.5309410345
ecoli_00778,0.7692357105000001
ecoli_00779,0.2101133765
ecoli_00780,0.8902494455000001
ecoli_00781,0.7274792075000001
ecoli_00782,0.5517615235000001
ecoli_00783,0.06585231550000001
ecoli_00784,-0.1736956755
ecoli_00785,1.2103247985
ecoli_00786,0.4199250205
ecoli_00787,0.2748859115
ecoli_00788,0.40974859950000003
ecoli_00789,-0.0885291815
ecoli_00790,0.6869448405
ecoli_00791,0.43363794650000004
ecoli_00792,0.5896319045
ecoli_00793,0.1910706785
ecoli_00794,0.1232018245
ecoli_00795,0.5488083535
ecoli_00796,0.7614856585
ecoli_00797,1.6194695415
ecoli_00798,2.2792783985
ecoli_00799,0.5994395315000001
ecoli_00800,1.6813969655
ecoli_00818,0.5322740695
ecoli_00819,0.056560569500000005
ecoli_00820,-0.0513423255
ecoli_00821,0.1094338675
ecoli_00822,0.1265010625
ecoli_00823,0.4403373685
ecoli_00824,0.4315894805
ecoli_00825,0.1063309025
ecoli_00826,1.0830536935
ecoli_00827,1.2432546945
ecoli_00828,0.8719479755
ecoli_00829,0.7626207655
ecoli_00830,0.7086273295000001
ecoli_00831,-0.41094453950000004
ecoli_00832,0.43521009250000003
ecoli_00833,-0.24233461650000002
ecoli_00834,0.1282515995
ecoli_00835,0.9590064835000001
ecoli_00836,0.6389817665
ecoli_00837,0.11477092750000001
ecoli_00838,0.5911909085
ecoli_00839,0.48413535150000003
ecoli_00840,0.9013533915
ecoli_00841,0.8070339465
ecoli_00842,0.1869191145
ecoli_00843,-0.0903046755
ecoli_00844,0.27982800150000003
ecoli_00845,0.4644165725
