,308
aat__00m_00s__1,-0.2037099718
aat__00m_30s__1,-1.2966471285
aat__01m_00s__1,-2.2460094023
aat__02m_00s__1,-1.9501823918
aat__05m_00s__1,-2.5396189546
aat__10m_00s__1,-3.4898621301
aat__00m_00s__2,-1.1102009682
aat__00m_30s__2,-3.524251106
aat__01m_00s__2,-2.5150051876
aat__02m_00s__2,-2.6315130064
aat__05m_00s__2,-2.6575275949
aat__10m_00s__2,-2.6697069283
aat__00m_00s__3,1.3139109401
aat__00m_30s__3,-1.2853742093
aat__01m_00s__3,-1.2628677362
aat__02m_00s__3,-1.645558126
aat__05m_00s__3,-2.2256912452
aat__10m_00s__3,-2.3917744582
abx_mega__dmso-2__1,-1.980900889
abx_mega__ery_dmso__1,3.5534110986
abx_mega__nal_naoh__1,-1.2604241026
abx_mega__dmso-5__1,-0.9539414226
abx_mega__rif_dmso__1,1.7049761435000002
abx_mega__novo_h2o__1,3.1551281166
abx_mega__rach_dmso__1,-1.0636206844
abx_mega__metro_dmso__1,-0.302357887
abx_mega__dmso-6__1,0.3213521422
abx_mega__chl_h2o__1,3.7952686350000002
abx_mega__cst_h2o__1,0.6140117592000001
abx_mega__tec_h2o__1,-3.0776993355
abx_mega__str_h2o__1,-2.8736918054
abx_mega__ctx_h2o__1,2.3321840866
abx_mega__nal_naoh__2,0.019200443600000002
abx_mega__phos_h2o__1,1.353673778
abx_mega__dmso-5__2,-0.025595605
abx_mega__polmyx_h2o__1,0.9717807340000001
abx_mega__h2o-8b__1,0.9754263658000001
abx_mega__h2o-6__1,0.2638726945
abx_mega__thio_dmso__1,1.6799369291000001
abx_mega__phos_h2o__2,1.1257253091
abx_mega__ctx_h2o__2,0.5245739553000001
abx_mega__lzd_dmso__1,2.4823814093
abx_mega__naoh-9__1,0.5268680803
abx_mega__dox_dmso__1,2.6762005287
abx_mega__phos_ethanol__1,2.4924489726
abx_mega__teix_dmso__1,-0.16254306270000002
abx_mega__dmso-10__1,1.8054599797000002
abx_mega__van_dmso__1,1.3124257402000001
abx_mega__ramo_h2o__1,-0.18701746500000002
abx_mega__tec_h2o__2,-0.5281145003000001
abx_mega__h2o-7__1,0.6115892673000001
abx_mega__cro_h2o__1,-0.5784058185000001
abx_mega__tric_ethanol__1,1.1244408308
abx_mega__nor_naoh__1,0.4740226857
abx_mega__teix_dmso__2,0.4363437778
abx_mega__nal_naoh__3,0.6053447723000001
abx_mega__novo_h2o__2,2.464756073
abx_mega__dmso-10__2,0.182054596
abx_mega__phos_h2o__3,-0.1999919158
abx_mega__dmso-6__2,0.2564403973
abx_mega__rfp_ethanol__1,1.3305443684
abx_mega__dmso-5__3,0.8242883625
abx_mega__amyc-d_dmso__1,2.7090339749
abx_mega__sxt_dmso__1,2.0006473177
abx_mega__dmso-1__1,0.7402552604
abx_mega__pen_h2o__1,2.6701389898
abx_mega__dmso-10__3,0.811886898
abx_mega__nal_naoh__4,0.8050810657
abx_mega__cip_naoh__1,0.3760229865
abx_mega__pen_h2o__2,1.5328202182
abx_mega__ery_dmso__2,1.5657633488
abx_mega__dmso-2__2,2.1568666343
abx_mega__van_dmso__2,0.8033325008000001
abx_mega__h2o-1b__1,2.1559694341
abx_mega__ery_h2o__1,2.9872675625
abx_mega__bacit_h2o__1,0.0195051736
abx_mega__chl_h2o__2,3.9774699134000002
abx_mega__str_h2o__2,-1.6116385262000001
abx_mega__rfp_ethanol__2,-0.0883492169
abx_mega__polmyx_h2o__2,0.2318063205
abx_mega__tric_h2o__1,2.2084384788
abx_mega__cip_naoh__2,0.7864420630000001
abx_mega__novo_h2o__3,2.2340337418
abx_mega__bacit_dmso__1,0.4616883158
abx_mega__gen_h2o__1,2.1232498123
abx_mega__bacit_dmso__2,3.3539461415
abx_mega__chl_dmso__1,1.4177231394
abx_mega__bacit_h2o__2,-0.2631071452
abx_mega__lvx_dmso__1,-0.9114422882000001
abx_mega__bacit_h2o__3,-0.2979531797
abx_mega__nor_naoh__2,1.1554236808
abx_mega__amyc-d_dmso__2,2.7944489336
abx_mega__polmyx_h2o__3,1.2392563975
abx_mega__naoh-6__1,0.9323657314
abx_mega__cst_h2o__2,2.7196705374
abx_mega__h2o-1b__2,1.6947157788
abx_mega__rfp_h2o__1,2.5337024692
abx_mega__tet_h2o__1,2.7417291544999998
abx_mega__flavo_dmso__1,1.1675641187
abx_mega__zeocin_h2o__1,0.2445389422
abx_mega__nor_naoh__3,0.1545898789
abx_mega__rach_dmso__2,0.18602130860000002
abx_mega__thio_dmso__2,1.7387075818
abx_mega__amyc-d_dmso__3,3.0235482743
abx_mega__rif_dmso__2,3.2363215661
abx_mega__amyc-d_dmso__4,0.7862067501000001
abx_mega__teix_dmso__3,0.4556321198
abx_mega__valin_dmso__1,3.1418686328
abx_mega__teix_dmso__4,0.45351675080000003
abx_mega__ethanol-10__1,0.7071414097000001
abx_mega__inh_h2o__1,0.3475251078
abx_mega__rif_dmso__3,1.9809463332
abx_mega__van_dmso__3,3.8136004733
abx_mega__doxo_dmso__1,3.9695484864
abx_mega__tmp_dmso__1,0.0162710649
abx_mega__ethanol-10__2,-1.2856445991
abx_mega__tmp_dmso__2,0.3402171483
abx_mega__amyc-d_dmso__5,3.6353308677
abx_mega__novo_h2o__4,1.076084595
abx_mega__cro_h2o__2,1.3508952911
abx_mega__cro_h2o__3,0.24998634890000002
abx_mega__gen_h2o__2,-3.3782847306
abx_mega__phos_h2o__4,-2.1326804575000002
abx_mega__metro_dmso__2,1.1163352497
abx_mega__ery_h2o__2,5.4032189069
abx_mega__sacet_h2o__1,2.7481365281
abx_mega__nal_naoh__5,0.9320995169
abx_mega__bacit_h2o__4,0.3680190971
abx_mega__cip_naoh__3,0.7030375312
abx_mega__ethanol-8__1,-1.2744513902999999
abx_mega__h2o-8a__1,0.7371184944
abx_mega__ery_h2o__3,2.8620189667
abx_mega__flavo_dmso__2,0.674717554
abx_mega__rif_dmso__4,2.1881743187
abx_mega__novo_h2o__5,1.9161995756999999
abx_mega__teix_dmso__5,0.7241980100000001
abx_mega__naoh-2__1,-3.0111412682
abx_mega__novo_h2o__6,0.6220090589
abx_mega__ctx_h2o__3,-0.3095024201
abx_mega__rach_dmso__3,-0.3085247627
abx_mega__valin_dmso__2,3.1578801981
abx_mega__amyc-d_dmso__6,2.6987323736
abx_mega__dox_dmso__2,0.9399452744000001
abx_mega__teix_dmso__6,0.2575658804
abx_mega__naoh-6__2,0.8058259119000001
abx_mega__inh_h2o__2,-0.6964818484
abx_mega__chl_h2o__3,4.7480455322
abx_mega__nal_naoh__6,0.33177040700000004
abx_mega__chl_dmso__2,2.0288824379
abx_mega__rach_dmso__4,-0.7572402111000001
abx_mega__teix_dmso__7,-0.0787399215
abx_mega__ceru_ethanol__1,1.4698142083
abx_mega__dmso-7__1,0.32517444100000004
abx_mega__naoh-6__3,0.4577727881
abx_mega__phos_ethanol__2,0.6796220701
abx_mega__metro_dmso__3,2.6051522361
abx_mega__van_dmso__4,2.8223283692
abx_mega__h2o-10__1,1.7456234104
abx_mega__h2o-10__2,0.6964879736
abx_mega__dmso-6__3,0.8513218612000001
abx_mega__mem_dmso__1,1.3957938245000001
abx_mega__ethanol-8__2,-0.7901405231
abx_mega__chl_h2o__4,3.4752508507
abx_mega__van_h2o__1,1.1301647885000001
abx_mega__dcs_h2o__1,2.4324722557
abx_mega__rif_dmso__5,0.7522705472
abx_mega__dox_dmso__3,0.4831749883
abx_mega__mem_dmso__2,-0.28429690690000003
abx_mega__lvx_dmso__2,0.9402723756
abx_mega__tet_h2o__2,4.7704589042
abx_mega__phos_h2o__5,-0.7104376657
abx_mega__monac_dmso__1,0.8246225598
abx_mega__str_h2o__3,0.9416792943000001
abx_mega__zeocin_h2o__2,3.1499364248
abx_mega__amyc-d_dmso__7,1.5383719479
abx_mega__fidax_dmso__1,0.8658376185000001
abx_mega__h2o-1a__1,-0.0794342854
abx_mega__dox_dmso__4,0.0761423697
abx_mega__lzd_dmso__2,1.0934169687
abx_mega__tet_h2o__3,1.3358054688
abx_mega__dmso-1__2,0.7154400266000001
abx_mega__sxt_dmso__2,0.4199452607
abx_mega__tric_ethanol__2,-0.37743144310000004
abx_mega__teix_dmso__8,1.0273765447
abx_mega__ramo_h2o__2,0.6467068315000001
abx_mega__inh_h2o__3,0.47226226930000004
abx_mega__cst_h2o__3,1.3334405765000001
abx_mega__dmso-9__1,0.1025046827
abx_mega__ethanol-8__3,-1.0929581659
abx_mega__monac_dmso__2,0.46831044720000004
abx_mega__dmso-9__2,0.31864899420000004
abx_mega__metro_dmso__4,1.8944375809
abx_mega__ctx_h2o__4,-0.1405814015
abx_mega__zeocin_h2o__3,5.8942315061
abx_mega__bacit_h2o__5,3.3243703487
abx_mega__reta_dmso__1,2.7000551375
abx_mega__ery_h2o__4,5.5566408292
abx_mega__ceru_ethanol__2,2.6040659327
abx_mega__fidax_dmso__2,0.6385570662000001
abx_mega__novo_dmso__1,0.9980431109000001
abx_mega__naoh-6__4,1.770762253
abx_mega__amyc-d_dmso__8,2.2389236029
abx_mega__chl_dmso__3,1.9459847801
abx_mega__nal_naoh__7,0.7329018253
abx_mega__teix_dmso__9,2.1347321617
abx_mega__ery_dmso__3,0.058234567300000005
abx_mega__tmp_dmso__3,0.9153546487
abx_mega__sxt_dmso__3,2.1217146862
abx_mega__polmyx_h2o__4,-3.605313856
abx_mega__mem_dmso__3,0.4101214174
abx_mega__nal_naoh__8,0.1153165047
abx_mega__pen_h2o__3,0.3511678643
abx_mega__van_dmso__5,2.4313014597000002
abx_mega__zeocin_h2o__4,6.3430908994
abx_mega__h2o-6__2,1.6076080087
abx_mega__tet_h2o__4,2.0918665853
abx_mega__nor_naoh__4,0.17711999750000001
abx_mega__cip_naoh__4,0.4012618309
abx_mega__tmp_dmso__4,0.41120909780000003
abx_mega__reta_dmso__2,3.5886149627
abx_mega__mem_dmso__4,-1.5442298388
abx_mega__dox_dmso__5,2.6130450122
abx_mega__tmp_dmso__5,-0.6172326521
abx_mega__flavo_dmso__3,-0.11956071060000001
abx_mega__tmp_dmso__6,0.361476968
abx_mega__ceru_ethanol__3,-1.1749852221000001
abx_mega__teix_dmso__10,1.0027770915
abx_mega__novo_h2o__7,1.4760588416
abx_mega__fidax_dmso__3,1.7576170652
abx_mega__h2o-1a__2,-1.0334009914
abx_mega__dcs_h2o__2,0.6618707361
abx_mega__cst_h2o__4,0.29331711790000004
abx_mega__van_h2o__2,-0.7799270503
abx_mega__pen_h2o__4,-0.1055162865
abx_mega__h2o-8b__2,3.6834864008
abx_mega__reta_dmso__3,3.001836993
abx_mega__dmso-7__2,-1.405600484
abx_mega__rfp_h2o__2,2.563731026
abx_mega__rif_dmso__6,3.202055198
abx_mega__sxt_dmso__4,0.7005619933
abx_mega__cip_naoh__5,-0.2179152685
abx_mega__dmso-9__3,-0.11919603150000001
abx_mega__mem_dmso__5,0.8133030556
abx_mega__tric_h2o__2,-0.18799110730000002
abx_mega__phos_h2o__6,0.397050432
abx_mega__h2o-7__2,1.1723241467
abx_mega__h2o-10__3,0.7713184249
abx_mega__h2o-8a__2,1.0143383108
abx_mega__thio_dmso__3,0.3242855538
abx_mega__lzd_dmso__3,2.6188492146
abx_mega__monac_dmso__3,1.6987954961
abx_mega__polmyx_h2o__5,0.6289284329
abx_mega__naoh-6__5,-0.0005894342
abx_mega__teix_dmso__11,-0.10910285260000001
abx_mega__van_h2o__3,-0.6679679594
abx_mega__teix_dmso__12,-0.2538559744
abx_mega__dox_dmso__6,-2.8345727491
abx_mega__teix_dmso__13,-0.1121678448
abx_mega__h2o-7__3,1.3104001823
abx_mega__str_h2o__4,-5.1795112139
abx_mega__tec_h2o__3,-2.6182947624
abx_mega__phos_h2o__7,0.9338809765
abx_mega__chl_h2o__5,3.4682036124
abx_mega__polmyx_h2o__6,3.2218667002
abx_mega__teix_dmso__14,1.1929738896
abx_mega__rif_dmso__7,2.3048609469
abx_mega__ramo_h2o__3,0.23545394900000002
abx_mega__fidax_dmso__4,2.0522656805
abx_mega__teix_dmso__15,1.3237185614
abx_mega__thio_dmso__4,1.5694265735
abx_mega__rif_dmso__8,2.6413057168
abx_mega__reta_dmso__4,2.8610395145
abx_mega__inh_h2o__4,0.8592746596
abx_mega__novo_dmso__2,1.2800748826000001
abx_mega__dcs_h2o__3,0.9432225321000001
abx_mega__h2o-8b__3,1.1885507665
abx_mega__valin_dmso__3,0.1803598217
abx_mega__h2o-2__1,-1.4345847872
abx_mega__cro_h2o__4,0.5483979422
abx_mega__dcs_h2o__4,1.2002849513
abx_mega__str_h2o__5,0.9483203853000001
abx_mega__h2o-8a__3,0.32383054640000003
abx_mega__dox_dmso__7,0.33588575530000003
abx_mega__doxo_dmso__2,0.4368110472
abx_mega__teix_dmso__16,0.7735046741
abx_mega__rfp_h2o__3,3.0733876406
abx_mega__ethanol-10__3,0.5165204475
abx_mega__naoh-2__2,-3.5211979117
abx_mega__van_h2o__4,-0.1301839557
abx_mega__sacet_h2o__2,2.6192120655
abx_mega__monac_dmso__4,0.7860959616000001
abx_mega__h2o-2__2,-1.3497177142
abx_mega__zeocin_h2o__5,-1.3404346671
abx_mega__nor_naoh__5,0.2421777589
abx_mega__naoh-9__2,1.3858043962
abx_mega__dmso-7__3,-1.4231563338
abx_mega__van_h2o__5,0.9842978387
abx_mega__flavo_dmso__4,-0.40842407350000004
abx_mega__novo_dmso__3,1.5944033263000001
abx_mega__polmyx_h2o__7,1.5215068943999999
abx_mega__teix_dmso__17,-0.060091532100000004
abx_mega__doxo_dmso__3,1.0980743593
abx_mega__mem_dmso__6,0.5628949702
abx_mega__h2o-1a__3,1.1128352767
abx_mega__bacit_dmso__3,2.4583151277
abx_mega__dox_dmso__8,-2.657365098
abx_mega__teix_dmso__18,0.1275093493
abx_mega__h2o-6__3,-1.7446664892000001
abx_mega__pen_h2o__5,1.0468049752
abx_mega__lzd_dmso__4,1.9856494386999999
abx_mega__daro__1,0.6649276448
abx_mega__solv__1,1.6069983788000002
abx_mega__daro__2,0.7788667357
abx_mega__daro__3,-0.4478667771
abx_mega__solv__2,1.3581400531
abx_mega__solv__3,0.3621750056
abx_mega__dmso-4__1,2.5186480637
abx_mega__kirr_dmso__1,3.8795716187
abx_mega__kirr_dmso__2,3.6561943597
abx_mega__kirr_dmso__3,2.9848293327
abx_mega__dmso-4__2,2.8150427248
abx_mega__dmso-4__3,2.1266584561
ackA_pta__dnaA46_del_ackA__1,2.1510506606
ackA_pta__dnaA46_del_ackA__2,1.6191156771
ackA_pta__dnaA46_del_ackA__3,0.8772000748000001
ackA_pta__dnaA46_del_pta__1,2.4622812712
ackA_pta__dnaA46_del_pta__2,0.5843087799000001
ackA_pta__dnaA46_del_pta__3,1.3877982671
ackA_pta__dnaA46__1,0.1626165803
ackA_pta__dnaA46__2,-0.0486639013
ackA_pta__dnaA46__3,0.11913949400000001
ackA_pta__del_ackA__1,1.4332731663
ackA_pta__del_ackA__2,3.3401088679
ackA_pta__del_ackA__3,2.3386470592
ackA_pta__del_pta__1,1.0247708471
ackA_pta__del_pta__2,2.0183103225
ackA_pta__del_pta__3,1.1107136817
ackA_pta__wt__1,-1.3705564877
ackA_pta__wt__2,0.7498645673000001
ackA_pta__wt__3,0.6206919204
anticancer__5fu__1,-1.9415803062
anticancer__5fu__2,-2.244985161
anticancer__cap__1,-0.7221770832000001
anticancer__cap__2,-1.4312638875
anticancer__cap__3,-1.4835367176
anticancer__wt__1,0.165777946
anticancer__wt__2,0.6116214816000001
anticancer__wt__3,-0.7773994276
anticancer__5fu__3,-1.9199420492
bio_pln__aero_pln__1,0.06915692970000001
bio_pln__aero_pln__2,-0.06915692970000001
bio_pln__anaero_pln__1,0.8251959055
bio_pln__anaero_pln__2,-0.0103072297
biocide__bzcl_12h__1,-0.6404402781
biocide__bzcl_12h__2,-1.1000927253
biocide__bzcl_12h__3,-0.765049331
biocide__etoh_12h__1,-0.19496158500000002
biocide__etoh_12h__2,0.1092398049
biocide__etoh_12h__3,0.8965170394
biocide__gluald_12h__1,-0.9157280075
biocide__gluald_12h__2,-2.0000807153
biocide__gluald_12h__3,-0.3984178094
biocide__h2o2_12h__1,-0.11971181460000001
biocide__h2o2_12h__2,-0.2634054903
biocide__h2o2_12h__3,-0.1946418181
biocide__2ppoh_12h__1,1.7272103499
biocide__2ppoh_12h__2,1.0347103909
biocide__2ppoh_12h__3,0.3398184392
biocide__paa_12h__1,-0.8916479719
biocide__paa_12h__2,-0.56607104
biocide__paa_12h__3,-0.1986690473
biocide__phe_12h__1,-0.9520087298000001
biocide__phe_12h__2,-0.1031550792
biocide__phe_12h__3,-0.084129907
biocide__pvp-i_12h__1,0.9131402971
biocide__pvp-i_12h__2,-1.0760327539
biocide__pvp-i_12h__3,-0.5719654350000001
biocide__bleach_12h__1,0.7430395298
biocide__bleach_12h__2,-0.4955349217
biocide__bleach_12h__3,-0.48238937470000004
biocide__chx_12h__1,0.7099082712
biocide__chx_12h__2,0.1874918161
biocide__chx_12h__3,-1.8219204823
biocide__bzcl_30m__1,-1.9006800029000002
biocide__bzcl_30m__2,-0.4494054571
biocide__bzcl_30m__3,-2.3489890868
biocide__phe_30m__1,0.39739910570000003
biocide__phe_30m__2,0.8858711209000001
biocide__phe_30m__3,0.7602977654
biocide__pvp-i_30m__1,1.0629158291
biocide__pvp-i_30m__2,0.9204686298
biocide__pvp-i_30m__3,0.08120359590000001
biocide__ctrl_12h__1,0.46729417980000004
biocide__ctrl_12h__2,0.7751183403
biocide__ctrl_12h__3,-1.6581161453000002
biocide__ctrl_30m__1,-0.9426646394
biocide__ctrl_30m__2,-0.10215069630000001
biocide__ctrl_30m__3,1.0448153357
clpP__wt__1,-0.1587529734
clpP__wt_DPTA__1,4.3144690472
clpP__wt__2,0.1760230469
clpP__wt_DPTA__2,1.3515840683
clpP__wt__3,-0.0172700735
clpP__wt_DPTA__3,3.7703225943
clpP__delclpP__1,-1.4140149061
clpP__delclpP_DPTA__1,0.2405466196
clpP__delclpP__2,-0.4661497075
clpP__delclpP_DPTA__2,0.6457695381
clpP__delclpP__3,-0.7159413837
clpP__delclpP_DPTA__3,3.5416165852
colombos2__delydcR__1,-0.8342424428
colombos2__delydcR__2,-1.150123554
colombos2__delydcR__3,-2.5009591594
colombos2__delyjiR__1,-0.47958160580000003
colombos2__delyjiR__2,-0.49531311720000004
colombos2__delyjiR__3,-0.1211886368
colombos2__wt__1,-0.0874529534
colombos2__wt__2,1.3222961450000001
colombos2__wt__3,-1.2348431916
crp_k100__ar1_ar2__1,1.3715365923
crp_k100__ar1_ar2__2,2.0166902693
crp_k100__ar1_ar2__3,0.6023952291
crp_k100__wt__1,0.0414676781
crp_k100__wt__2,-1.0893915053
crp_k100__wt__3,1.0479238272
crp_k100__K100Q__1,-0.3794578743
crp_k100__K100Q__2,-0.5430077004
crp_k100__K100R__1,2.5866339575
crp_k100__K100R__2,-1.7138887633
crp_k100__K100R__3,3.2813755295
csrA__wt_t00__1,-0.13522911
csrA__wt_t02_30__1,2.4016852557
csrA__wt_t05__1,3.0897335391
csrA__wt_t10__1,2.1280968974
csrA__wt_t15__1,1.4400213806
csrA__delcsrA_t00__1,0.9902960663
csrA__delcsrA_t02_30__1,3.9854066086
csrA__delcsrA_t05__1,4.9814093645
csrA__delcsrA_t10__1,4.259247234
csrA__delcsrA_t15__1,1.9517465074
csrA__wt_t00__2,0.13522911
csrA__wt_t02_30__2,3.2139497449
csrA__wt_t05__2,3.9673251938
csrA__wt_t10__2,2.3642200384
csrA__wt_t15__2,4.1030544997
csrA__delcsrA_t00__2,1.1670636556
csrA__delcsrA_t02_30__2,3.1289324744
csrA__delcsrA_t05__2,4.608501328
csrA__delcsrA_t10__2,3.5963014255
csrA__delcsrA_t15__2,1.1917037612
cstr_pfr__str_0005m__1,0.11806144260000001
cstr_pfr__str_0010m__1,0.0243454947
cstr_pfr__str_0025m__1,-0.4638009876
cstr_pfr__str_0045m__1,-0.1684243828
cstr_pfr__str_0075m__1,-0.33318206780000004
cstr_pfr__str_0120m__1,-0.1483996652
cstr_pfr__str_0210m__1,-0.032121975000000004
cstr_pfr__str_0330m__1,0.1854036008
cstr_pfr__str_1500m__1,0.3203645223
cstr_pfr__str_1560m__1,-0.7407612048000001
cstr_pfr__str_1680m__1,-0.8774822331000001
cstr_pfr__str_ref1__1,0.0251272261
cstr_pfr__str_ref2__1,-0.0693132818
cstr_pfr__str_ref3__1,-0.07958062590000001
cstr_pfr__pfr_P5_0005m__1,0.1837811935
cstr_pfr__pfr_P5_0010m__1,0.2606443596
cstr_pfr__pfr_P5_0025m__1,-0.1562817712
cstr_pfr__pfr_P3_0025m__1,-0.20231666140000001
cstr_pfr__pfr_P1_0025m__1,-0.2838683898
cstr_pfr__pfr_P5_0045m__1,0.1340135633
cstr_pfr__pfr_P5_0120m__1,0.1471666138
cstr_pfr__pfr_P3_0120m__1,-0.44875614540000003
cstr_pfr__pfr_P1_0120m__1,-0.3994881993
cstr_pfr__pfr_P5_0210m__1,0.43639718520000004
cstr_pfr__pfr_P5_1500m__1,-0.600597312
cstr_pfr__pfr_P3_1680m__1,-0.6974918728
cstr_pfr__pfr_P5_1680m__1,-0.3040788537
cstr_pfr__pfr_P1_1680m__1,-0.2161529631
cstr_pfr__str_0005m__2,-0.5034417179
cstr_pfr__str_0010m__2,-0.1001283744
cstr_pfr__str_0025m__2,-0.1665723683
cstr_pfr__str_0045m__2,-0.0492421023
cstr_pfr__str_0075m__2,-0.1243649903
cstr_pfr__str_0120m__2,-0.2339502904
cstr_pfr__str_0210m__2,-0.3503909
cstr_pfr__str_0330m__2,-0.40286621640000003
cstr_pfr__str_1500m__2,-0.5443791541
cstr_pfr__str_1560m__2,-0.6510726403
cstr_pfr__str_1680m__2,-0.3105983458
cstr_pfr__str_ref1__2,-0.0251272261
cstr_pfr__str_ref2__2,-0.2030773878
cstr_pfr__str_ref3__2,-0.0857783781
cstr_pfr__pfr_P5_0005m__2,0.2344388134
cstr_pfr__pfr_P5_0010m__2,-0.2409149724
cstr_pfr__pfr_P5_0025m__2,-0.1459191609
cstr_pfr__pfr_P3_0025m__2,0.2862225288
cstr_pfr__pfr_P1_0025m__2,-0.310577738
cstr_pfr__pfr_P5_0045m__2,0.2869338665
cstr_pfr__pfr_P5_0120m__2,-0.2422925065
cstr_pfr__pfr_P3_0120m__2,-0.6402264069
cstr_pfr__pfr_P1_0120m__2,-0.4960900642
cstr_pfr__pfr_P5_0210m__2,-1.1454399552
cstr_pfr__pfr_P5_1500m__2,-0.5164898005
cstr_pfr__pfr_P3_1680m__2,-0.48662980240000003
cstr_pfr__pfr_P5_1680m__2,-0.8764812437
cstr_pfr__pfr_P1_1680m__2,-0.71444046
darobactin__daro_30m__1,1.0734517806
darobactin__daro_30m__2,-0.5849078547000001
darobactin__solv_1h__1,-0.0207164056
darobactin__solv_1h__2,2.8476012003
darobactin__daro_1h__1,2.4055679116
darobactin__solv_1h__3,1.6683025697
darobactin__daro_1h__2,2.9925688631
darobactin__daro_1h__3,1.4952154663
darobactin__daro_30m__3,-0.6075439867
darobactin__solv_30m__1,-0.5404649042
darobactin__solv_15m__1,-0.6212291116
darobactin__solv_15m__2,0.5779494873000001
darobactin__daro_15m__1,-1.3898763793
darobactin__solv_15m__3,0.0432796243
darobactin__daro_15m__2,-0.0107999463
darobactin__daro_15m__3,-0.1749594924
darobactin__solv_30m__2,1.2882811815
darobactin__solv_30m__3,-0.5000817040000001
ddp__pNT3_aroP__1,3.0319229364
ddp__pNT3_aroP__2,2.5544307048
ddp__pNT3_bamC__1,2.6064390619
ddp__pNT3_bamC__2,2.0382569309
ddp__pNT3_cusA__1,1.3033746622
ddp__pNT3_cusA__2,0.8979164908
ddp__pNT3_hemX__1,0.8009610132
ddp__pNT3_hemX__2,0.5247560053
ddp__pNT3_empty__1,0.2676627236
ddp__pNT3_empty__2,-0.2676627236
ddp__pNT3_topA__1,2.5656403891
ddp__pNT3_topA__2,1.7920853358
ddp__pNT3_yicR__1,1.799220439
ddp__pNT3_yicR__2,1.9352683565
ddp__pNT3_yqjD__1,0.729650495
ddp__pNT3_yqjD__2,0.9570509623000001
ecomics__del_gabT__1,0.4570376284
ecomics__del_gabT__2,-0.4570376284
ecomics__del_putP__1,4.9769552907
ecomics__del_putP__2,3.471709593
ecomics__del_entF__1,0.3516338518
ecomics__del_entF__2,-1.163819643
ecomics__del_entF__3,-0.5122186495000001
ecomics__del_cysA__1,2.5477808882
ecomics__del_cysA__2,2.5031022727
elyC__wt_21C__1,-0.3968356326
elyC__wt_21C__2,-0.5787835242
elyC__wt_21C__3,-0.5934976471
elyC__wt_37C__1,-0.258404844
elyC__wt_37C__2,0.0695701403
elyC__wt_37C__3,0.1888347037
elyC__delelyC_21C__1,-0.42013871740000003
elyC__delelyC_21C__2,-0.7560025155000001
elyC__delelyC_21C__3,-0.35710097290000004
elyC__delelyC_37C__1,0.025964132100000002
elyC__delelyC_37C__2,0.4640572659
elyC__delelyC_37C__3,-0.1927717813
evo_acid_w__F9_2__1,7.5936741023
evo_acid_w__F11_1__1,4.7794485817
evo_acid_w__F11_1__2,4.36353425
evo_acid_w__F11_1__3,1.9606494745
evo_acid_w__wt__1,0.040076907
evo_acid_w__F11_2__1,1.3792615622
evo_acid_w__B11_2__1,-0.8072518604000001
evo_acid_w__F11_2__2,0.6932421184
evo_acid_w__wt__2,-0.7367443097
evo_acid_w__B11_1__1,-0.0628184344
evo_acid_w__H9_1__1,3.1798003449
evo_acid_w__H9_2__1,-0.09524893770000001
evo_acid_w__B11_2__2,-0.6884997706
evo_acid_w__wt__3,-1.2887483113
evo_acid_w__H9_2__2,0.1461523971
evo_acid_w__B11_2__3,-0.6894771779000001
evo_acid_w__F11_2__3,0.9652723039000001
evo_acid_w__F9_2__2,7.6451313126
evo_acid_w__wt__4,1.2856981586
evo_acid_w__wt__5,1.1189914102
evo_acid_w__wt__6,-0.49186115690000004
evo_acid_w__H9_1__2,3.4574730674
evo_acid_w__F9_1__1,6.0862499857
evo_acid_w__F9_1__2,6.1698514502
evo_acid_w__B11_1__2,0.3021528665
evo_acid_w__H9_2__3,-0.1766507618
evo_acid_w__wt__7,0.8565820211
evo_acid_w__F9_1__3,6.0960515055
evo_acid_w__F9_2__3,7.5294174546
evo_acid_w__wt__8,-0.317206743
evo_acid_w__B11_1__3,0.0513342901
evo_acid_w__wt__9,-0.4667879762
evo_bz__c3_1_bz__1,3.0888555166
evo_bz__c3_1_bz__2,3.7353566285
evo_bz__c3_1_bz__3,0.7308124628
evo_bz__c3_1_bz__4,0.9076764632000001
evo_bz__g5_1_bz__1,2.2515574184
evo_bz__g5_1_bz__2,0.9151791512
evo_bz__g5_1_bz__3,2.1403171948
evo_bz__g5_1_bz__4,2.8519389108
evo_bz__g5_1_bz__5,1.0517990294
evo_bz__g5_1_bz__6,1.1106165743
evo_bz__w3110d13__1,-0.5651799548
evo_bz__w3110d13__2,0.33501271460000004
evo_bz__w3110d13__3,0.2611046516
evo_bz__w3110d13__4,-0.5257178458
evo_bz__w3110d13__5,0.22854181750000002
evo_bz__w3110d13__6,0.2662386169
evo_bz__w3110d13_bz__1,-0.3671629614
evo_bz__w3110d13_bz__2,0.144719234
evo_bz__w3110d13_bz__3,1.7162608692
evo_bz__w3110d13_bz__4,-0.1846606223
evo_bz__c3_1_bz__5,3.2025520895
evo_bz__c3_1_bz__6,2.4940491001
evo_bz__g5_2_bz__1,0.4773501627
evo_bz__g5_2_bz__2,0.27158993730000003
evo_bz__g5_2_bz__3,0.2975948979
evo_bz__g5_2_bz__4,0.462018256
evo_bz__g5_2_bz__5,0.5835264011
evo_bz__g5_2_bz__6,1.2822815862999999
evo_bz__w3110d13_bz__5,1.5350402636
evo_bz__w3110d13_bz__6,1.8961449751
evo_bz__a1_1_bz__1,0.6673318180000001
evo_bz__a1_1_bz__2,0.8719794527
evo_bz__a1_1_bz__3,1.3415628472
evo_bz__a1_1_bz__4,-0.4357754124
evo_bz__a1_1_bz__5,1.0623424147
evo_bz__a1_1_bz__6,1.4166411969000001
evo_metab__wt__1,0.8155421059
evo_metab__del_zwf__1,-0.6545896602
evo_metab__zwf_ale1__1,0.4144452166
evo_metab__zwf_ale2__1,0.3225346766
evo_metab__del_ppk__1,-0.7762552566
evo_metab__ppk_ale1__1,-1.0758084261
evo_metab__ppk_ale2__1,0.3263828071
evo_metab__ppk_ale3__1,-0.1828644029
evo_metab__del_dapF__1,0.8003626135
evo_metab__dapF_ale1__1,0.5455138987
evo_metab__dapF_ale3__1,-0.3801253332
evo_metab__del_entC__1,-0.0734864237
evo_metab__entC_ale1__1,-0.9929099618
evo_metab__entC_ale2__1,-0.745483836
evo_metab__del_dgk__1,-0.0213054658
evo_metab__dgk_ale1__1,-1.3330209636
evo_metab__dgk_ale2__1,-0.1198262496
evo_metab__dgk_ale3__1,0.1772066403
evo_metab__wt__2,0.17289637330000002
evo_metab__del_zwf__2,0.6332313471000001
evo_metab__zwf_ale1__2,-1.0464217428
evo_metab__zwf_ale2__2,-0.8086699659000001
evo_metab__del_ppk__2,-0.5434687147
evo_metab__ppk_ale1__2,-0.8924837827000001
evo_metab__ppk_ale2__2,-0.4966863412
evo_metab__ppk_ale3__2,-0.39042212070000004
evo_metab__del_dapF__2,1.0839230443
evo_metab__dapF_ale1__2,1.5395154739999999
evo_metab__dapF_ale3__2,0.33790387250000004
evo_metab__del_entC__2,-0.8241238304
evo_metab__entC_ale1__2,-1.3752737493
evo_metab__entC_ale2__2,-1.045194919
evo_metab__entC_ale3__1,-1.3388414805
evo_metab__del_dgk__2,0.0481408782
evo_metab__dgk_ale1__2,-0.679376818
evo_metab__dgk_ale2__2,-0.0322303729
evo_metab__dgk_ale3__2,-0.5487144316
evo_metab__wt__3,-0.9884384792
evo_metab__del_zwf__3,-0.7364774176000001
evo_metab__zwf_ale1__3,-1.2500322698
evo_metab__zwf_ale2__3,-0.42328488810000003
evo_metab__del_ppk__3,-1.4094703296
evo_metab__ppk_ale1__3,-1.1328561685
evo_metab__ppk_ale2__3,-0.46019897740000004
evo_metab__ppk_ale3__3,-1.1917428001
evo_metab__del_dapF__3,0.6003734110000001
evo_metab__dapF_ale1__3,1.1631774887
evo_metab__dapF_ale3__3,0.6105781564
evo_metab__del_entC__3,-0.8823459373
evo_metab__entC_ale1__3,-0.9653667752
evo_metab__entC_ale2__3,-1.2711534777
evo_metab__entC_ale3__2,-0.8651687269
evo_metab__del_dgk__3,-1.2653654371
evo_metab__dgk_ale1__3,-1.3024100997999999
evo_metab__dgk_ale2__3,-0.9981863084
evo_metab__dgk_ale3__3,-0.5819109009
flag_reg__wt__1,-0.10317239310000001
flag_reg__del_fliA__1,-0.5478058904
flag_reg__del_flhC__1,-0.3332020962
flag_reg__del_flhD__1,0.2602753033
flag_reg__wt__2,0.10317239310000001
flag_reg__del_fliA__2,0.2023672012
flag_reg__del_flhC__2,-0.5571316784
flag_reg__del_flhD__2,-0.37099297940000003
flgM__27C__1,-1.0398933441
flgM__27C__2,-0.27119243120000003
flgM__27C__3,-0.49392084020000004
flgM__32C__1,0.8424070097
flgM__32C__2,-0.5641613069
flgM__32C__3,-0.3804300524
flgM__37C__1,0.0155869792
flgM__37C__2,-0.1111002026
flgM__37C__3,0.0955132234
flgM__42C__1,0.7418264535
flgM__42C__2,0.6535388242
flgM__42C__3,1.4248333062
histone__untreated__1,0.057313861300000005
histone__untreated__2,-0.1216474502
histone__untreated__3,0.06433358900000001
histone__10ug_H2A__1,0.6809845411000001
histone__10ug_H2A__2,0.3523474831
histone__10ug_H2A__3,0.38902834900000005
histone__50ug_H2A__1,0.2647940726
histone__50ug_H2A__2,-0.1146381899
histone__50ug_H2A__3,-0.1642957256
histone__100ug_H2A__1,0.0411436316
histone__100ug_H2A__2,-0.0667660389
histone__100ug_H2A__3,0.0290628224
hns__del_hns_spike__1,1.6577401094000002
hns__del_hns_spike__2,2.6318231524
hns__del_hns__1,1.808857727
hns__del_hns__2,2.7146167352
hns__wt_spike__1,0.6620129789
hns__wt_spike__2,-1.175453067
hns__wt__1,0.5297356067
hns__wt__2,-0.5297356067
hns_stpA__evo100G4_delhns_delstpA__1,1.0746586282
hns_stpA__evo100G4_delhns_delstpA__2,1.2495542213
hns_stpA__evo100G12_delhns_delstpA__1,1.1183123974
hns_stpA__evo100G12_delhns_delstpA__2,1.7804740890000001
hns_stpA__delhns_delstpA_delrpoS__1,0.8356416471
hns_stpA__delhns_delstpA_delrpoS__2,1.0236885884
hns_stpA__wt__1,-0.19691798230000002
hns_stpA__wt__2,0.19691798230000002
hns_stpA__delhns_delstpA__1,4.5784179787
hns_stpA__delhns_delstpA__2,4.5216237321
hu__wt_log_pH7__1,-1.2348539475
hu__wt_log_pH7__2,-1.6884607278
hu__wt_log_pH7__3,-1.1229311961
hu__wt_lag_pH7__1,-0.6996293887
hu__wt_lag_pH7__2,-0.1925011771
hu__wt_lag_pH7__3,0.8921305659000001
hu__delhupA_lag_pH7__1,-1.7666841188
hu__delhupA_lag_pH7__2,-1.2188875095
hu__delhupA_lag_pH7__3,0.08801045980000001
hu__delhupB_lag_pH7__1,-0.46277999750000004
hu__delhupB_lag_pH7__2,-0.7535286844
hu__delhupB_lag_pH7__3,0.6898050188
hu__delhupAhupB_lag_pH7__1,-2.2744048941
hu__delhupAhupB_lag_pH7__2,-1.9618181388
hu__delhupAhupB_lag_pH7__3,-0.6422659995000001
hu__hupAE34K_hupB_lag_pH7__1,-0.7322738762000001
hu__hupAE34K_hupB_lag_pH7__2,-0.4295271409
hu__hupAE34K_hupB_lag_pH7__3,0.7626499720000001
hu__hupAE34K_delhupB_lag_pH7__1,-0.5371476919
hu__hupAE34K_delhupB_lag_pH7__2,-0.4963931729
hu__hupAE34K_delhupB_lag_pH7__3,0.917179819
hu__wt_lag_pH5__1,3.0748298657
hu__wt_lag_pH5__2,2.9038607553
hu__wt_lag_pH5__3,3.4077491223
hu__delhupA_lag_pH5__1,2.8184804277
hu__delhupA_lag_pH5__2,2.4764772784
hu__delhupA_lag_pH5__3,2.9295982742
hu__delhupAhupB_lag_pH5__1,2.9355194735000003
hu__delhupAhupB_lag_pH5__2,2.0771071074
hu__delhupAhupB_lag_pH5__3,2.8098516636
hu__hupAE34K_hupB_lag_pH5__1,2.3228501065
hu__hupAE34K_hupB_lag_pH5__2,2.1422761914
hu__hupAE34K_hupB_lag_pH5__3,2.9052393856
hu__hupAE34K_delhupB_lag_pH5__1,2.2953408892000002
hu__hupAE34K_delhupB_lag_pH5__2,2.2700525042
hu__hupAE34K_delhupB_lag_pH5__3,2.6807915697
hyperpersistence__low_GFP__1,1.8901377985
hyperpersistence__wt__1,-0.127937456
hyperpersistence__high_GFP__1,2.3064510899
hyperpersistence__pth_mut__1,2.0362615318
hyperpersistence__pth_mut__2,3.2215326568
hyperpersistence__metG_mut__1,3.1748034617
hyperpersistence__metG_mut__2,1.9950197723
hyperpersistence__high_GFP__2,3.5525171616
hyperpersistence__wt__2,0.127937456
hyperpersistence__low_GFP__2,2.915160399
kan_efg__cpxAF218Y__1,1.5496222094
kan_efg__cpxAF218Y__2,1.0142435435
kan_efg__cyaAN600Y__1,2.1696201918
kan_efg__cyaAN600Y__2,2.7284141782
kan_efg__fusAA608E__1,1.7555817588
kan_efg__fusAA608E__2,0.7053811343
kan_efg__fusAA608E_cpxAF218Y__1,1.1383315478
kan_efg__fusAA608E_cpxAF218Y__2,0.3344309881
kan_efg__fusAA608E_cyaAN600Y__1,1.5397448347
kan_efg__fusAA608E_cyaAN600Y__2,1.308145673
kan_efg__fusAA608E_rpoDL261Q__1,0.014044901600000001
kan_efg__fusAA608E_rpoDL261Q__2,0.8073654778
kan_efg__fusAA608E_topAS180L__1,0.8140669704
kan_efg__fusAA608E_topAS180L__2,-0.1675746334
kan_efg__rpoDL261Q__1,0.1252633628
kan_efg__rpoDL261Q__2,0.2685807716
kan_efg__wt__1,0.029891203300000002
kan_efg__wt__2,-0.029891203300000002
lrp__wt_min_log__1,0.1752522428
lrp__wt_min_log__2,-0.1752522428
lrp__wt_min_trans__1,-0.5773428682
lrp__wt_min_trans__2,1.1060002474
lrp__wt_min_stat__1,0.23933862660000002
lrp__wt_min_stat__2,2.0700085103
lrp__wt_liv_log__1,1.902991895
lrp__wt_liv_log__2,1.7399819809000001
lrp__wt_liv_trans__1,0.8865919951000001
lrp__wt_liv_trans__2,1.1669058799
lrp__wt_liv_stat__1,0.0431028566
lrp__wt_liv_stat__2,1.3058078638000001
lrp__wt_rich_log__1,-0.41931324210000004
lrp__wt_rich_log__2,-0.1077121348
lrp__wt_rich_trans__1,1.2949291847
lrp__wt_rich_trans__2,2.1537887827
lrp__wt_rich_stat__1,0.8804758669
lrp__wt_rich_stat__2,-2.2044315522
lrp__dellrp_min_log__1,0.7807656341
lrp__dellrp_min_log__2,0.8613777223
lrp__dellrp_min_trans__1,2.6183182756
lrp__dellrp_min_trans__2,1.9871869371000002
lrp__dellrp_min_stat__1,0.49707635920000004
lrp__dellrp_min_stat__2,1.4586208147
lrp__dellrp_liv_log__1,2.2358485326
lrp__dellrp_liv_log__2,1.9486853478000001
lrp__dellrp_liv_trans__1,0.7198173197000001
lrp__dellrp_liv_trans__2,1.564748899
lrp__dellrp_liv_stat__1,0.16763560230000002
lrp__dellrp_liv_stat__2,0.5530578806
lrp__dellrp_rich_log__1,0.1283436257
lrp__dellrp_rich_log__2,-0.2922258042
lrp__dellrp_rich_trans__1,-0.8013380076000001
lrp__dellrp_rich_trans__2,1.1204127298
lrp__dellrp_rich_stat__1,1.7262224513
lrp__dellrp_rich_stat__2,0.8489247465
mazF_circuit__t0__1,-0.42243321380000004
mazF_circuit__t2__1,-0.9246159593000001
mazF_circuit__t4__1,3.3593531179
mazF_circuit__t6__1,-0.4365038556
mazF_circuit__t8__1,-0.5105193877
mazF_circuit__t0__2,0.42243321380000004
mazF_circuit__t2__2,-1.0530127645
mazF_circuit__t4__2,0.5139962479
mazF_circuit__t6__2,2.0550744541
mazF_circuit__t8__2,0.358116158
mazF_ribo__emptyvec_mrna_5m__1,0.0311246597
mazF_ribo__emptyvec_mrna_5m__2,-0.0311246597
mazF_ribo__mazF_mrna_5m__1,-0.6750466885
mazF_ribo__mazF_mrna_5m__2,-0.4833834115
mazF_ribo__emptyvec_total_5m__1,-2.5382385099
mazF_ribo__emptyvec_total_5m__2,2.5329747154
mazF_ribo__mazF_total_60m__1,2.7507543155
mazF_ribo__mazF_total_60m__2,-0.8579635007
mercury__ctrl_t00__1,0.4974250059
mercury__ctrl_t10__1,-0.6369925355
mercury__ctrl_t30__1,-0.28917438500000003
mercury__ctrl_t60__1,0.5832993759
mercury__hg_t10__1,-0.622029001
mercury__hg_t30__1,1.5329429483
mercury__hg_t60__1,2.5346256728
mercury__pma_t10__1,1.9448671068
mercury__pma_t30__1,2.8143789064
mercury__pma_t60__1,0.6232825339
mercury__ctrl_t00__2,0.0432098119
mercury__ctrl_t10__2,0.1955456488
mercury__ctrl_t30__2,-0.0627580178
mercury__ctrl_t60__2,0.3454284536
mercury__hg_t10__2,0.2892438554
mercury__hg_t30__2,1.2083107554999999
mercury__hg_t60__2,1.043449606
mercury__pma_t10__2,1.192945019
mercury__pma_t30__2,2.7588410827
mercury__pma_t60__2,0.9713998416
mercury__ctrl_t00__3,-0.5406348178
mercury__ctrl_t10__3,0.2660687685
mercury__ctrl_t30__3,0.3022250081
mercury__ctrl_t60__3,-0.016833011000000002
mercury__hg_t10__3,-0.0591502734
mercury__hg_t30__3,2.0764919128
mercury__hg_t60__3,2.8034864107
mercury__pma_t10__3,1.5807987891000002
mercury__pma_t30__3,3.0191243576
mercury__pma_t60__3,0.9494089512
ml_abx__az_lolcde__1,0.48172387580000003
ml_abx__az_lolcde__2,-0.1690912669
ml_abx__az_lolcde__3,-0.5967626686
ml_abx__b01__1,0.5230852601
ml_abx__b01__2,0.19114351540000002
ml_abx__b01__3,-0.5631588463
ml_abx__cro__1,0.7057122858
ml_abx__cro__2,-0.16768583110000002
ml_abx__cro__3,-0.47782058460000004
ml_abx__chl__1,-0.0802770364
ml_abx__chl__2,0.2733165891
ml_abx__chl__3,0.7946648887000001
ml_abx__cip__1,-0.8124694002
ml_abx__cip__2,-1.6132221932
ml_abx__cip__3,-2.0332716207
ml_abx__clr__1,-0.12212481100000001
ml_abx__clr__2,-0.5827758977
ml_abx__clr__3,-1.0187334084
ml_abx__cst__1,0.7434344242
ml_abx__cst__2,-0.6711156831
ml_abx__cst__3,-0.6611129713
ml_abx__ctrl__1,0.7430617196
ml_abx__ctrl__2,0.46333135740000003
ml_abx__ctrl__3,0.45982681810000003
ml_abx__ctrl__4,-0.4918190868
ml_abx__ctrl__5,-0.46378571420000003
ml_abx__ctrl__6,-0.7106150941
ml_abx__dox__1,-0.4497336759
ml_abx__dox__2,-0.486230767
ml_abx__dox__3,-0.4387707053
ml_abx__glob__1,0.5632601738
ml_abx__glob__2,-0.4187817352
ml_abx__glob__3,-0.6657714443
ml_abx__lvx__1,-1.1779233999
ml_abx__lvx__2,-1.2923742671
ml_abx__lvx__3,-1.8723565906
ml_abx__mec__1,0.8784678232
ml_abx__mec__2,-0.7271894542
ml_abx__mec__3,-1.2077584145
ml_abx__mem__1,-0.1370202788
ml_abx__mem__2,-0.13977347
ml_abx__mem__3,-0.3055040489
ml_abx__nit__1,-0.1767435996
ml_abx__nit__2,-0.7295238059
ml_abx__nit__3,-0.9914828068
ml_abx__ntx__1,3.7426668663
ml_abx__ntx__2,3.5918944527
ml_abx__nor__1,-0.8479274932
ml_abx__nor__2,-1.9259839922
ml_abx__nor__3,-2.027300529
ml_abx__pb__1,-0.5704084372
ml_abx__pb__2,0.0624773328
ml_abx__pb__3,0.2746983422
ml_abx__tmp__1,-0.16283673510000002
ml_abx__tmp__2,-3.2231228674
ml_abx__tmp__3,-3.4402398304
mut_abx__del_mutS_000nor__1,-1.2075438037
mut_abx__del_mutS_000nor__2,0.2229822451
mut_abx__del_mutS_000nor__3,0.9845615585
mut_abx__del_mutS_125nor__1,-0.2264665338
mut_abx__del_mutS_125nor__2,-1.6990796559999999
mut_abx__del_mutS_125nor__3,-0.9414390378
mut_abx__del_mutS_250nor__1,-1.2682619884
mut_abx__del_mutS_250nor__2,0.1039867607
mut_abx__del_mutS_250nor__3,-1.8067370660000002
mut_abx__del_mutS_375nor__1,-0.8633593874000001
mut_abx__del_mutS_375nor__2,0.21180138280000002
mut_abx__del_mutS_375nor__3,-1.4776037265
mut_abx__del_mutS_500nor__1,-0.9116043222
mut_abx__del_mutS_500nor__2,-0.8858613657000001
mut_abx__del_mutS_500nor__3,-1.5245933979
mut_abx__del_mutS_625nor__1,-0.074464182
mut_abx__del_mutS_625nor__2,-1.2416258753
mut_abx__del_mutS_625nor__3,-0.5458328541
mut_abx__del_mutS_750nor__1,-1.4805394805
mut_abx__del_mutS_750nor__2,-1.5196792182
mut_abx__del_mutS_750nor__3,-0.9956373333
mut_abx__del_mutS_875nor__1,-1.0491779449
mut_abx__del_mutS_875nor__2,-1.8045803753
mut_abx__del_mutS_875nor__3,-1.737077389
nit_yeaG__wt_Nminus__1,0.2777892527
nit_yeaG__wt_Nminus__2,-0.2777892527
nit_yeaG__wt_Nplus__1,-2.7144822566
nit_yeaG__wt_Nplus__2,-1.9449644009
nit_yeaG__del_yeaG_Nminus_24h__1,1.7784371783
nit_yeaG__del_yeaG_Nminus_24h__2,1.2779985557
nit_yeaG__del_yeaG_Nminus_24h__3,1.6095182131999999
nit_yeaG__del_yeaG_Nminus__1,0.2002558297
nit_yeaG__del_yeaG_Nminus__2,-0.705025042
nit_yeaG__del_yeaG_Nplus__1,-2.8924433445
nit_yeaG__del_yeaG_Nplus__2,-2.083553398
opex__amp__1,1.3244549677
opex__amp__2,0.46781344010000003
opex__amp__3,1.2646340829
opex__bak_amp__1,0.8891470691000001
opex__bak_amp__2,-0.6954912791
opex__bak_amp__3,-0.4248396084
opex__bak_kan__1,-0.7870590771
opex__bak_kan__2,1.341284183
opex__bak_kan__3,-0.3971559302
opex__bak_nor__1,-0.5640660465
opex__bak_nor__2,-0.2564192897
opex__bak_nor__3,-2.4274572312
opex__bak_rif__1,1.1088072968
opex__bak_rif__2,0.3735999602
opex__bak_rif__3,1.6716335924
opex__chx_amp__1,-0.2739689475
opex__chx_amp__2,1.4391438342
opex__chx_amp__3,0.7488935602
opex__chx_kan__1,1.4797742999999999
opex__chx_kan__2,-0.023825701
opex__chx_kan__3,0.4872366369
opex__chx_nor__1,0.0558324046
opex__chx_nor__2,0.27180972070000003
opex__chx_nor__3,1.0176744952
opex__chx_rif__1,-0.710518827
opex__chx_rif__2,-0.3482331427
opex__chx_rif__3,-0.2293514418
opex__ctrl__1,-1.4378961836
opex__ctrl__2,1.0486964782000001
opex__ctrl__3,0.38919970540000004
opex__etoh_amp__1,1.3912633879
opex__etoh_amp__2,0.7749322544
opex__etoh_amp__3,1.6900621692
opex__etoh_kan__1,0.1984111416
opex__etoh_kan__2,1.3529708174000001
opex__etoh_kan__3,0.20011477360000002
opex__etoh_nor__1,0.789226627
opex__etoh_nor__2,1.3805573343
opex__etoh_nor__3,2.6461907111
opex__etoh_rif__1,0.3138378761
opex__etoh_rif__2,-0.034548689800000004
opex__etoh_rif__3,1.8551187470000001
opex__glual_amp__1,0.7611809285000001
opex__glual_amp__2,3.0460624195
opex__glual_amp__3,1.0551017793
opex__glual_kan__1,1.714279345
opex__glual_kan__2,0.9655765966000001
opex__glual_kan__3,1.0939743461
opex__glual_nor__1,1.5349176071000001
opex__glual_nor__2,0.4864163486
opex__glual_nor__3,1.7231943652
opex__glual_rif__1,1.4965590806
opex__glual_rif__2,1.4606067498
opex__glual_rif__3,0.5521219234
opex__h2o2_amp__1,1.9678296825000001
opex__h2o2_amp__2,0.40246095940000004
opex__h2o2_amp__3,1.2512001598
opex__h2o2_kan__1,1.8014039839
opex__h2o2_kan__2,2.6003285012
opex__h2o2_kan__3,2.8857599045
opex__h2o2_nor__1,1.0686006677
opex__h2o2_nor__2,0.8531645840000001
opex__h2o2_nor__3,2.9349852525999998
opex__h2o2_rif__1,1.8543676848000001
opex__h2o2_rif__2,2.0572134066
opex__h2o2_rif__3,1.751545482
opex__ippoh_amp__1,-0.2161587121
opex__ippoh_amp__2,-1.769927917
opex__ippoh_amp__3,-1.6696936511
opex__ippoh_kan__1,-1.5355791238
opex__ippoh_kan__2,1.4747313825
opex__ippoh_kan__3,-0.9300804281
opex__ippoh_nor__1,-1.1490138867
opex__ippoh_nor__2,-1.1085001484
opex__ippoh_nor__3,2.9063596777000003
opex__ippoh_rif__1,-2.9082042782
opex__ippoh_rif__2,-1.3277062794
opex__ippoh_rif__3,-2.0069450227
opex__kan__1,0.63965162
opex__kan__2,0.6746439157
opex__kan__3,0.8104386477000001
opex__nor__1,-0.374843574
opex__nor__2,0.9800275556
opex__nor__3,0.2845934032
opex__paa_amp__1,0.2305144858
opex__paa_amp__2,0.6331927231000001
opex__paa_amp__3,-0.567747094
opex__paa_kan__1,1.1840232654
opex__paa_kan__2,1.2609554523
opex__paa_kan__3,0.3362996756
opex__paa_nor__1,-0.0711296669
opex__paa_nor__2,-0.7028428968
opex__paa_nor__3,0.7320251049000001
opex__paa_rif__1,0.8287160131
opex__paa_rif__2,1.476743889
opex__paa_rif__3,0.8011919881
opex__phenol_amp__1,1.7290713625
opex__phenol_amp__2,-1.1090915642
opex__phenol_amp__3,2.8721916137
opex__phenol_kan__1,1.8222738289
opex__phenol_kan__2,-0.1054033189
opex__phenol_kan__3,-1.4981425537000002
opex__phenol_nor__1,2.7715407444
opex__phenol_nor__2,-1.7898537348999999
opex__phenol_nor__3,-2.0243963304
opex__phenol_rif__1,2.4780763118999998
opex__phenol_rif__2,0.6426344982000001
opex__phenol_rif__3,0.9510699284
opex__pvpi_amp__1,1.1174060146
opex__pvpi_amp__2,1.7583925402
opex__pvpi_amp__3,0.100881731
opex__pvpi_kan__1,0.796499543
opex__pvpi_kan__2,1.6235211521
opex__pvpi_kan__3,0.4260483209
opex__pvpi_nor__1,-1.4174037064
opex__pvpi_nor__2,0.02399983
opex__pvpi_nor__3,-1.3663204557
opex__pvpi_rif__1,0.730406043
opex__pvpi_rif__2,1.8058125025
opex__pvpi_rif__3,1.2473537525
opex__rif__1,2.5403066909
opex__rif__2,1.6798573901
opex__rif__3,1.7224170303
opex__naocl_amp__1,-0.39184245630000003
opex__naocl_amp__2,1.8537393080000002
opex__naocl_amp__3,1.0372766285
opex__naocl_kan__1,0.2817344559
opex__naocl_kan__2,-0.2312343271
opex__naocl_kan__3,1.5108905425999999
opex__naocl_nor__1,-0.8455245237000001
opex__naocl_nor__2,-2.36853696
opex__naocl_nor__3,-1.3210050009
opex__naocl_rif__1,-0.0174929007
opex__naocl_rif__2,-1.1210581274
opex__naocl_rif__3,0.6294267904
phage_lysogen__wt_ctrl__1,-0.33230049170000003
phage_lysogen__wt_ctrl__2,0.07606996590000001
phage_lysogen__wt_ctrl__3,0.2562305258
phage_lysogen__O104_H4__1,-0.4346499781
phage_lysogen__O104_H4__2,-0.11177606720000001
phage_lysogen__O104_H4__3,0.6357105717
phage_lysogen__O157_H7_PA8__1,-0.18816686330000001
phage_lysogen__O157_H7_PA8__2,0.49763033970000004
phage_lysogen__O157_H7_PA8__3,1.0692510521
phage_resist__ygbE_oe__1,0.688542006
phage_resist__wt__1,-1.2440064316
phage_resist__wt__2,0.26355011300000003
phage_resist__wt__3,0.3332080042
phage_resist__wt__4,0.6472483144
phage_resist__ygbE_oe__2,0.44069910910000004
phage_resist__ygbE_oe__3,0.3698210789
phage_resist__ygbE_oe__4,1.0611903822
phage_resist__yahA_oe__1,0.884268036
phage_resist__yahA_oe__2,0.6895992782
phage_resist__yahA_oe__3,0.529226111
phage_resist__yrfF_ko__1,0.7252307693000001
phage_resist__yrfF_ko__2,0.8313248179
phage_resist__yrfF_ko__3,0.3063514497
pollution__wt_ctrl__1,0.16198533950000002
pollution__wt_ctrl__2,-0.1201923498
pollution__wt_ctrl__3,-0.041792989600000004
pollution__wt_urban__1,-0.3819846598
pollution__wt_urban__2,-0.1192854529
pollution__wt_urban__3,-0.1260086303
pollution__wt_diesel__1,-1.5162740504999999
pollution__wt_diesel__2,-0.44003343450000004
pollution__wt_diesel__3,-0.8502146193000001
pollution__evo_diesel__1,-0.6732950541
pollution__evo_diesel__2,1.117944213
pollution__evo_diesel__3,-0.0807063071
ppGpp__wt_relAtrunc_00m__1,-0.1249637261
ppGpp__wt_relAtrunc_00m__2,-0.5582310344
ppGpp__mut_delrelA_10m__1,0.40638076830000003
ppGpp__mut_delrelA_05m__1,1.1570155494
ppGpp__mut_delrelA_10m__2,0.7743755323
ppGpp__mut_delrelA_10m__3,0.37524060060000003
ppGpp__mut_delrelA_00m__1,0.5843814216000001
ppGpp__mut_delrelA_00m__2,0.0783059176
ppGpp__mut_delrelA_05m__2,0.3402352932
ppGpp__mut_delrelA_05m__3,0.5030213921
ppGpp__mut_delrelA_00m__3,0.1270950016
ppGpp__wt_delrelA_10m__1,1.0753856206
ppGpp__wt_delrelA_05m__1,0.3599860258
ppGpp__wt_delrelA_05m__2,0.4967860021
ppGpp__wt_delrelA_10m__2,0.7364294447
ppGpp__wt_delrelA_10m__3,1.1324339853
ppGpp__wt_delrelA_00m__1,-0.3731391425
ppGpp__wt_delrelA_00m__2,-0.16594848480000002
ppGpp__wt_delrelA_05m__3,0.403536021
ppGpp__wt_delrelA_00m__3,0.5390876273
ppGpp__mut_relAtrunc_10m__1,0.7909900222
ppGpp__mut_relAtrunc_05m__1,1.1225853388
ppGpp__mut_relAtrunc_05m__2,1.1107883668
ppGpp__wt_relAtrunc_10m__1,-0.6331115215
ppGpp__wt_relAtrunc_10m__2,-0.014649425700000001
ppGpp__wt_relAtrunc_10m__3,-0.48999379610000005
ppGpp__mut_relAtrunc_00m__1,0.9054542688
ppGpp__wt_relAtrunc_00m__3,0.0063859092000000004
ppGpp__wt_relAtrunc_05m__1,-0.39150152520000003
ppGpp__wt_relAtrunc_05m__2,-0.2420104236
ppGpp__wt_relAtrunc_05m__3,-0.30023539590000003
ppGpp__mut_relAtrunc_00m__2,0.6460368373
ppGpp__mut_relAtrunc_00m__3,0.9738763299000001
ppGpp__mut_relAtrunc_10m__2,0.5373821343
ppGpp__mut_relAtrunc_05m__3,0.9088727743
ppGpp__mut_relAtrunc_10m__3,0.7455296974000001
pressure__high_pressure__1,-0.3890537405
pressure__high_pressure__2,-0.5692011035
pressure__low_pressure__1,-0.4688211962
pressure__low_pressure__2,0.4688211962
quantum_dots__ctrl__1,-0.194998114
quantum_dots__ctrl__2,0.194998114
quantum_dots__cdte_light__1,-0.16825348950000002
quantum_dots__cdte_light__2,-0.8316017863
quantum_dots__cdte_dark__1,-0.3082234884
quantum_dots__cdte_dark__2,-0.43165260990000004
quantum_dots__cdse_light__1,-0.5357601764000001
quantum_dots__cdse_light__2,-1.0112350621
quantum_dots__cdse_dark__1,-1.0097594426
quantum_dots__cdse_dark__2,-0.28888767320000003
raman__wt__1,0.5835712572
raman__del_cyaA__1,3.3629363499
raman__del_cyaA_01mM__1,2.8026978808000003
raman__del_cyaA_05mM__1,-1.3234354238
raman__del_cyaA_1mM__1,-0.47923493250000004
raman__wt__2,-0.0353011179
raman__del_cyaA__2,2.9976983421
raman__del_cyaA_01mM__2,3.1973775647
raman__del_cyaA_05mM__2,-0.0956850076
raman__del_cyaA_1mM__2,-0.5250553755
raman__wt__3,-0.5482701394
raman__del_cyaA__3,2.9774141912000003
raman__del_cyaA_01mM__3,2.4562206176
raman__del_cyaA_05mM__3,-1.0542665195
raman__del_cyaA_1mM__3,-0.5946730684
rand_barrel__mut_nanE__1,-0.16671306930000002
rand_barrel__mut_nanE__2,0.062944969
rand_barrel__mut_nanE__3,-0.4502548703
rand_barrel__mut_pdxJ_1__1,0.7789846636000001
rand_barrel__mut_pdxJ_1__2,-0.6940000512000001
rand_barrel__mut_pdxJ_1__3,-0.7883765809000001
rand_barrel__mut_pdxJ_2__1,0.0170649878
rand_barrel__mut_pdxJ_2__2,-1.4109781549
rand_barrel__mut_pdxJ_3__1,0.2371983241
rand_barrel__mut_pdxJ_3__2,0.0886966294
rand_barrel__del_serB__1,-0.9137644532
rand_barrel__del_serB__2,0.9137644532
rockhopper__CV104_pHDB3__1,-4.1546144649
rockhopper__CV104_pHDB3__2,-3.4094690284
rockhopper__CV104_pHDB3__3,-3.2324307859
rockhopper__CV104_pLCV1__1,-3.4174351805
rockhopper__CV104_pLCV1__2,-3.8169861105000003
rockhopper__CV104_pLCV1__3,-3.2966539677
rockhopper__wt_lb__1,-2.0577036215
rockhopper__wt_lb__2,-3.3072987555
rockhopper__wt_lb__3,-1.7847108271
rockhopper__wt_lb_aMG__1,-0.6497568546
rockhopper__wt_lb_aMG__2,-1.8481192094
rockhopper__wt_lb_aMG__3,-2.2772368724
rockhopper__del_sgrR_lb_aMG__1,-0.8251529235
rockhopper__del_sgrR_lb_aMG__2,-1.8758728010999999
rockhopper__del_sgrR_lb_aMG__3,-1.1042946089
rockhopper__del_sgrS_glyc_aMG__1,-2.2832972539
rockhopper__del_sgrS_glyc_aMG__2,-3.0849848433
rockhopper__del_sgrS_glyc_aMG__3,-6.5297358793
rockhopper__del_sgrS_glyc__1,-3.5734688968
rockhopper__del_sgrS_glyc__2,-4.4985840625
rockhopper__del_sgrS_glyc__3,-4.1969973551
rockhopper__wt_lb_aMG__4,-1.3428551948
rockhopper__wt_lb_aMG__5,-1.9112945568000002
rockhopper__wt_lb_aMG__6,-0.6841570117
rockhopper__wt_glyc_aMG__1,-2.1962421439
rockhopper__wt_glyc_aMG__2,-1.3094075583
rockhopper__wt_glyc_aMG__3,-4.1333506387
rockhopper__wt_glyc__1,-2.6412448317
rockhopper__wt_glyc__2,-3.1629730462
rockhopper__wt_glyc__3,-0.8361535872
rockhopper__CV108_glyc_aMG__1,1.4737030219
rockhopper__CV108_glyc_aMG__2,2.7345667682
rockhopper__CV108_glyc_aMG__3,2.6744408394
rockhopper__wt_glyc__4,0.8763587209
rockhopper__wt_glyc__5,-1.5032616898
rockhopper__wt_glyc__6,1.5265988999
rockhopper__wt_glyc_aMG__4,1.5390765694000001
rockhopper__wt_glyc_aMG__5,1.3622672420000002
rockhopper__wt_glyc_aMG__6,1.7622646809
rockhopper__wt_glyc__7,1.3209886796
rockhopper__wt_glyc__8,1.0648766299
rockhopper__wt_glyc__9,1.2216184676
rockhopper__wt_glyc__10,1.1142087766
rockhopper__wt_glyc__11,0.5185652044
rockhopper__wt_glyc__12,0.5004177762
rpoD__wt__1,0.2589128603
rpoD__wt__2,0.2247374435
rpoD__rpoD_mut__1,-0.3004812615
rpoD__rpoD_mut__2,-0.025100413000000002
rpoD__rpoD_mut__3,0.060824583300000006
rpoD__wt__3,-0.4836503037
rpoN_peptide__ctrl__1,-0.2595765498
rpoN_peptide__ctrl__2,-0.0163392962
rpoN_peptide__ctrl__3,0.275915846
rpoN_peptide__nminus__1,-0.074781794
rpoN_peptide__nminus__2,-0.2761102691
rpoN_peptide__nminus__3,0.3560085075
rpoN_peptide__nplus__1,-4.0058635602
rpoN_peptide__nplus__2,-4.0025547104
rpoN_peptide__nplus__3,-3.595971164
rpoN_peptide__s54_wt__1,0.3784020038
rpoN_peptide__s54_wt__2,0.6841066697
rpoN_peptide__s54_wt__3,0.575410285
rsd__wt_ee__1,-0.2370579506
rsd__wt_ee__2,0.2370579506
rsd__del_rsd_ee__1,-0.2087908786
rsd__del_rsd_ee__2,-0.0126234773
rsd__del_ssrS_ee__1,-0.34409560310000004
rsd__del_ssrS_ee__2,-0.6604895024
rsd__del_rsd_ssrS_ee__1,-0.35640286400000004
rsd__del_rsd_ssrS_ee__2,-0.6124145371
rsd__del_rpoS_ee__1,-0.35737106220000003
rsd__del_rpoS_ee__2,0.0167308307
rsd__wt_me__1,0.20097183270000002
rsd__wt_me__2,0.39893004470000004
rsd__del_rpoS_me__1,0.8180393522
rsd__del_rpoS_me__2,1.3229301395
rsd__wt_ts__1,-1.1164026648
rsd__wt_ts__2,-1.6116180856
rsd__del_rsd_ssrS_ts__1,-0.5558306906
rsd__del_rsd_ssrS_ts__2,-0.9150844005000001
rsd__del_rpoS_ts__1,0.2830897971
rsd__del_rpoS_ts__2,-0.21735815400000003
rsd__wt_s__1,-1.9950845400000001
rsd__wt_s__2,-1.4928072618
rsd__del_rsd_s__1,-1.5833061926
rsd__del_rsd_s__2,-1.2221017835
rsd__del_rsd_ssrS_s__1,1.8728462663
rsd__del_rsd_ssrS_s__2,1.8866535886
rsd__del_rsd_ls__1,-0.4300505301
rsd__del_rsd_ls__2,0.15597630980000002
rsd__del_ssrS_ls__1,0.6044317887
rsd__del_ssrS_ls__2,-0.2817979747
rsd__del_rsd_ssrS_ls__1,3.5322885023
rsd__del_rsd_ssrS_ls__2,2.7248406183
rsd__del_rpoS_ls__1,1.6186284836
rsd__del_rpoS_ls__2,2.3190832281000002
sdsR_ryeA__wt_3h__1,-0.3881448809
sdsR_ryeA__wt_8h__1,-2.1720158839
sdsR_ryeA__wt_3h__2,0.3881448809
sdsR_ryeA__wt_8h__2,-1.6733165637
starve_series__t00_growth1__1,0.1511439047
starve_series__t00_growth1__2,0.0122781593
starve_series__t00_growth1__3,-0.06247286
starve_series__t00_growth1__4,-0.100949204
starve_series__t01_starve__1,-1.2388455039
starve_series__t01_starve__2,-1.2604599158
starve_series__t02_starve__1,-2.4317436961
starve_series__t02_starve__2,-2.3959029407
starve_series__t03_starve__1,-1.7481702269000001
starve_series__t03_starve__2,-1.4892541824
starve_series__t04_starve__1,-2.8450902609
starve_series__t04_starve__2,-2.5492189103
starve_series__t05_starve__1,-4.0305057389
starve_series__t05_starve__2,-3.1928537667
starve_series__t06_starve__1,-2.8136859628
starve_series__t06_starve__2,-3.5077869231000003
starve_series__t07_starve__1,-3.1311426832
starve_series__t07_starve__2,-3.0551882663
starve_series__t08_starve__1,-4.3749763378
starve_series__t08_starve__2,-4.6834286373000005
starve_series__t09_starve__1,-3.557591641
starve_series__t09_starve__2,-3.8096023976
starve_series__t10_starve__1,-3.7747911979
starve_series__t10_starve__2,-4.3470290719
starve_series__t11_starve__1,-4.7041130857999995
starve_series__t11_starve__2,-4.5326297838
starve_series__t12_starve__1,-4.1266458123
starve_series__t12_starve__2,-4.0796995763
starve_series__t14_starve__1,-3.4376074340000002
starve_series__t14_starve__2,-5.0754098379
starve_series__t16_starve__1,-2.582767314
starve_series__t16_starve__2,-2.3529512046
starve_series__t17_starve__1,-0.5574812191
starve_series__t17_starve__2,-1.398232054
starve_series__t18_starve__1,-0.4379910643
starve_series__t18_starve__2,-0.6657232191
starve_series__t20_starve__1,-0.7602797311
starve_series__t20_starve__2,-1.1049448893
starve_series__t21_growth2__1,-0.2945623147
starve_series__t21_growth2__2,-0.5975076981
starve_series__t22_growth2__1,2.1338723885
starve_series__t22_growth2__2,1.5809677808
starve_series__t23_growth2__1,0.23912968040000002
starve_series__t23_growth2__2,0.7391744973000001
starve_series__t25_growth2__1,-0.1708663265
starve_series__t25_growth2__2,-1.6726933589000001
starve_series__t26_growth2__1,-1.712563481
starve_series__t26_growth2__2,-1.9717203831
starve_series__t27_growth2__1,-1.293397375
starve_series__t27_growth2__2,-0.7278729607000001
starve_series__t28_growth2__1,-0.367210352
starve_series__t28_growth2__2,-0.1688614715
time_course__lb_4hr__1,0.16217159920000002
time_course__lb_4hr__2,0.24948214300000002
time_course__lb_4hr__3,-0.4116537422
time_course__lb_8hr__1,-0.625069666
time_course__lb_8hr__2,-1.3523279175
time_course__lb_8hr__3,-0.1936161248
time_course__lb_24hr__1,0.6362214051
time_course__lb_24hr__2,-1.2383209982
time_course__lb_24hr__3,-0.9663118495
time_course__lb_72hr__1,-0.83604671
time_course__lb_72hr__2,-0.6234678905000001
time_course__lb_72hr__3,-0.5816628324
time_course__lb_144hr__1,-0.13272603300000002
time_course__lb_144hr__2,0.052211534000000004
time_course__lb_144hr__3,-0.2042461361
time_course__lb_192hr__1,-0.6437574643
time_course__lb_192hr__2,0.0035118472000000003
time_course__lb_192hr__3,-1.5472128508
triclosan__wt__1,-0.5452843365
triclosan__wt__2,-0.364913038
triclosan__wt__3,0.9101973745
triclosan__evo_amx_tcs__1,-1.6682201982
triclosan__evo_amx_tcs__2,-0.028498524600000002
triclosan__evo_amx_tcs__3,-0.8330655206
triclosan__evo_chl_tcs__1,-0.1741728358
triclosan__evo_chl_tcs__2,-0.5565748887
triclosan__evo_chl_tcs__3,-0.6148637011
triclosan__evo_tet_tcs__1,-1.0503211902
triclosan__evo_tet_tcs__2,-1.6298475991
truHMM__48C_15m__1,-0.3917030725
truHMM__48C_15m__2,0.7688809279000001
truHMM__48C_15m__3,-0.9098127897
truHMM__48C_30m__1,-0.4611009595
truHMM__48C_30m__2,-0.1446647893
truHMM__48C_60m__1,-0.0324062168
truHMM__48C_60m__2,-0.0459368868
truHMM__phos_0h__1,0.0041590984
truHMM__phos_0h__2,-0.0041590984
truHMM__phos_2h__1,-0.7409854779
truHMM__phos_2h__2,-0.8655234123000001
truHMM__phos_4h__1,-0.7171254744000001
truHMM__phos_4h__2,-1.4393132574
truHMM__phos_4h__3,-1.3264391366
control__wt_glc__1,0.1250631786
control__wt_glc__2,-0.1250631786
fur__wt_dpd__1,2.9366473653
fur__wt_dpd__2,3.3134508753
fur__wt_fe__1,1.7107560838
fur__wt_fe__2,1.7380850415
fur__delfur_dpd__1,3.1900928397
fur__delfur_dpd__2,3.3506790513
fur__delfur_fe2__1,2.2567243611
fur__delfur_fe2__2,2.0639343328
acid__wt_ph5__1,1.9130285992
acid__wt_ph5__2,2.1163295536
acid__delgadx_ph5__1,2.8680655171
acid__delgadw_ph5__1,1.9300259365999999
acid__delgadw_ph5__2,2.0503431372
acid__delgade_ph5__1,2.3539050473
acid__delgade_ph5__2,2.0276844597
oxidative__wt_pq__1,3.3965203588
oxidative__wt_pq__2,3.6191798369
oxidative__deloxyr_pq__1,3.6333254184
oxidative__deloxyr_pq__2,3.4724592697
oxidative__delsoxr_pq__1,4.2721650197
oxidative__delsoxr_pq__2,3.9684203797
oxidative__delsoxs_pq__1,4.2096722135
oxidative__delsoxs_pq__2,4.0737929309
nac_ntrc__wt_csn__1,0.8825752502
nac_ntrc__wt_csn__2,0.6282642771
nac_ntrc__wt_cytd__1,0.6714552993
nac_ntrc__wt_cytd__2,0.8833003298000001
nac_ntrc__wt_gln__1,1.0657991592
nac_ntrc__wt_gln__2,1.0013617401
nac_ntrc__bw_delnac_csn__1,0.1416148417
nac_ntrc__bw_delnac_csn__2,-0.7538224018
nac_ntrc__bw_delnac_cytd__1,-0.3781089818
nac_ntrc__bw_delnac_cytd__2,-0.6816879129
nac_ntrc__bw_delnac_gln__1,-0.1767175537
nac_ntrc__bw_delnac_gln__2,-0.1445918183
nac_ntrc__bw_delnac_nh4__1,-0.7778423622
nac_ntrc__bw_delnac_nh4__2,0.2865122093
misc__wt_no_te__1,1.443364941
misc__wt_no_te__2,1.0908560277000001
misc__bw_delcbl__1,0.48103745600000003
misc__bw_delcbl__2,0.0319843037
misc__bw_delfabr__1,-1.4063613315
misc__bw_delfabr__2,-0.44575744770000003
misc__bw_delfadr__1,-0.1704063909
misc__bw_delfadr__2,-0.8895774763000001
misc__nitr_031__1,-1.5955493046
omics__wt_glu__1,2.1722475547
omics__wt_glu__2,2.1834135769
omics__wt_gly__1,0.7692388258
omics__wt_gly__2,0.7222709623
omics__wt_thr__1,3.7520885842
omics__wt_thr__2,3.8379384961
omics__bw_ac__1,-0.45254329120000003
omics__bw_ac__2,-0.6794709352
omics__bw_fum__1,-2.158574354
omics__bw_fum__2,-1.9750556746
omics__bw_glc__1,-1.4182234152
omics__bw_glc__2,-2.0354172749
omics__bw_pyr__1,-3.2905256142
omics__bw_pyr__2,-0.5349761392
ompr__wt_nacl__1,1.1054859117
ompr__wt_nacl__2,1.1465913885
ompr__bw_delompr_nacl__1,0.515501096
ompr__bw_delompr_nacl__2,1.0861413793
minspan__wt_ade__1,2.2198785601
minspan__wt_glc__1,0.5322317958
minspan__wt_glc__2,0.7412698776000001
minspan__wt_glc__3,-0.5054279234
minspan__wt_glc_anaero__1,1.9423862897
minspan__wt_glc_anaero__2,-5.6692004712
minspan__wt_trp__1,0.1237972234
minspan__bw_delcra_glc__1,0.6275505496
minspan__bw_delcra_trp__1,1.0349274583999999
minspan__bw_delmntr__1,-0.3161300647
minspan__bw_delnac_ade__1,3.4362871395
minspan__bw_delnac_glc__1,0.48874156300000005
cra_crp__wt_ac__1,2.5639762339
cra_crp__wt_ac__2,3.0426408779
cra_crp__wt_fru__1,1.5560639498
cra_crp__wt_fru__2,1.4300555931
cra_crp__delcra_ac__1,0.0088138868
cra_crp__delcra_ac__2,0.9068286267000001
cra_crp__delcra_fru__1,1.6922505825
cra_crp__delcra_fru__2,1.6762210983
cra_crp__delcra_glc__1,0.6898114932
cra_crp__delcra_glc__2,0.6760740793000001
rpoB__wt_031__1,0.1459432911
rpoB__wt_044__1,-0.0222514553
rpoB__wt_lb__1,1.0835280104
rpoB__wt_lb__2,1.8160618418
rpoB__rpoBE546V_031__1,-1.1392994505
rpoB__rpoBE546V_044__1,-0.7451453853000001
rpoB__rpoBE546V_lb__1,0.8236511708
rpoB__rpoBE546V_lb__2,0.7169560024
rpoB__rpoBE546V_glc__1,-1.032753377
rpoB__rpoBE672K_glc__1,-0.5437835998
rpoB__rpoBE672K_glc__2,-0.9926749167000001
rpoB__rpoBE672K_lb__1,0.370000296
rpoB__rpoBE672K_lb__2,0.0945354591
crp__wt_fru__1,-0.42239660030000004
crp__wt_glyc__1,0.1275924259
crp__wt_glyc__2,0.1254012481
crp__delar1_glyc__1,-0.10136239250000001
crp__delar1_glyc__2,-0.4352966615
crp__delar1ar2_glyc__1,-0.6264202393
crp__delar1ar2_glyc__2,-1.1191692649
crp__delar1ar2_glyc__3,-0.9894235746000001
crp__delar2_glyc__1,0.47688966460000004
crp__delar2_glyc__2,0.7595219736000001
crp__delar2_glyc__3,0.8392013762
crp__delcrp_fru__1,0.7640911731000001
crp__delcrp_fru__2,0.15845186990000001
crp__delcrp_fru__3,0.5434753174
crp__delcrp_glc__1,-0.6413652939000001
crp__delcrp_glc__2,-1.1748765856
crp__delcrp_glc__3,-0.7758657503
crp__delcrp_glyc__1,0.4997479689
crp__delcrp_glyc__2,-0.2290916661
crp__delcrp_glyc__3,0.23213951430000002
glu__glu_ale3__1,-1.6501724928
glu__glu_ale4__1,-2.7609300414
glu__glu_ale5__1,-1.7676493262
glu__glu_ale6__1,-2.2440601651
glu__glu_ale8__1,-2.1917801193
glu__glu_ale9__1,-2.4817390829
glu__glu_ale10__1,-2.1182029854
42c__wt_42c__1,-0.8647806606
42c__42c_ale1__1,0.2982238687
42c__42c_ale2__1,-3.7887982864
42c__42c_ale3__1,-2.3719909489
42c__42c_ale4__1,-2.7727511556
42c__42c_ale5__1,-2.3950223699
42c__42c_ale6__1,-3.6008684576
42c__42c_ale8__1,-1.8280693792
42c__42c_ale9__1,-3.4270858828
42c__42c_ale10__1,-1.4244099098
ssw__wt_ac__1,-0.2593704678
ssw__wt_glc__1,-0.0457451117
ssw__wt_glyc__1,-1.7253593191
ssw__wt_xyl__1,0.9323349371
ssw__glc_ale1__1,-0.07877047
ssw__glc_ale2__1,-0.19160124950000001
ssw__glc_ale3__1,-1.3273943235
ssw__glyc_ale1__1,0.3256381696
ssw__glyc_ale2__1,-2.3493694521
ssw__xyl_ale1__1,0.11266432450000001
ssw__xyl_ale2__1,-3.1293522551
ssw__xyl_ale3__1,0.0169664697
ssw__glc_ac_ac2__1,0.6764055108
ssw__glc_ac_glc1__1,-0.6718804253
ssw__glc_glyc_glc__1,-1.4717846739
ssw__glc_glyc_glyc__1,0.9934280323
ssw__glc_xyl_glc__1,-0.8109241960000001
ssw__glc_xyl_xyl__1,-1.1766591845
ica__wt_glc__1,0.4992538037
ica__wt_glc__2,0.7277340299
ica__wt_glc__3,0.7836894434
ica__wt_glc__4,1.0895261503
ica__arg_sbt__1,1.4512816031
ica__arg_sbt__2,1.1712361785
ica__cytd_rib__1,2.0521189975
ica__cytd_rib__2,1.892000558
ica__gth__1,1.2198752165
ica__gth__2,1.1531787575
ica__leu_glcr__1,2.4329972336
ica__leu_glcr__2,2.0707492123
ica__met_glc__1,1.4735787755
ica__met_glc__2,1.1845934152
ica__no3_anaero__1,9.5770955157
ica__no3_anaero__2,9.987385744000001
ica__phe_acgam__1,0.654013723
ica__phe_acgam__2,1.0533688889
ica__thm_gal__1,1.7508384909
ica__thm_gal__2,1.6196040752
ica__tyr_glcn__1,1.4409835708
ica__tyr_glcn__2,1.7290145775
ica__ura_pyr__1,1.6585889926
ica__ura_pyr__2,1.5996580205000002
ica__wt_glc__5,0.5436905653
ica__wt_glc__6,0.7318218286
ica__bw_delpurR_cytd__1,0.4904561244
ica__bw_delpurR_cytd__2,0.22945499190000002
ica__ade_glc__1,-0.3961224665
ica__ade_glc__2,0.8038326012
ytf__wt_glc__1,1.0247678412
ytf__wt_glc__2,0.9460448437000001
ytf__delyafC__1,1.5278133412
ytf__delyafC__2,1.0050662206
ytf__delyeiE__1,1.1809459267
ytf__delyeiE__2,1.15611448
ytf__delyiaJ__1,0.5095953623
ytf__delyiaJ__2,1.0426656395
ytf__delyieP__1,1.4409290163000001
ytf__delyieP__2,1.2253277361000001
ytf__wt_ph5__1,2.8542841862
ytf__wt_ph5__2,2.7189113311
ytf__wt_ph8__1,0.2178471984
ytf__wt_ph8__2,0.2484364808
ytf__delybaO__1,1.3307146604
ytf__delybaO__2,0.9803113043
ytf__delybaQ__1,0.7472150059
ytf__delybaQ__2,0.8766512562000001
ytf__delybiH__1,1.762599732
ytf__delybiH__2,1.567800819
ytf__delydcI_ph5__1,2.0033920887
ytf__delydcI_ph5__2,2.7678101858
ytf__delydcI_ph8__1,-0.0323084983
ytf__delydcI_ph8__2,0.3885382691
ytf__delyddM__1,1.4145966742
ytf__delyddM__2,0.8455664337000001
ytf__delyheO__1,0.5244014272
ytf__delyheO__2,1.1368021165
fps__bw_glc__1,0.707476149
fps__bw_glc__2,1.2513191655
fps__fps_thrA_ale1__1,-0.1589724333
fps__fps_thrA_ale1__2,0.7354909694
fps__fps_thrA_ale2__1,0.8740518066
fps__fps_thrA_ale2__2,0.9317408771000001
fps__fps_serB_ale1__1,0.9243831465000001
fps__fps_serB_ale1__2,1.9795383604999999
fps__fps_serB_ale4__1,-0.1889402027
fps__fps_serB_ale4__2,0.4305152511
fps__fps_ptsI_ale1__1,0.6070393504
fps__fps_ptsI_ale1__2,0.4176677909
fps__fps_ptsI_ale3__1,0.9275523037000001
fps__fps_ptsI_ale3__2,0.93357564
pal__lyx_ale2_f6__1,0.07943859410000001
pal__lyx_ale2__1,-0.609036382
pal__lyx_ale2__2,-0.277260033
pal__lyx_ale4__1,-0.5560776388
pal__lyx_ale4__2,-0.5766368432
pal__5drib_ale10_f18__1,2.2981203764
pal__5drib_ale10_f18__2,3.1060235499
pal__5drib_ale10__1,2.2619555197
pal__arab_ale14_f9__1,0.7208276069
pal__arab_ale14_f9__2,0.4772933097
pal__arab_ale14__1,0.8955150009
pal__arab_ale14__2,0.7308538099
pal__arab_ale16__1,-0.0991070428
pal__arab_ale16__2,0.8319145164
pal__tartr_ale26_f10__1,-0.2821805096
pal__tartr_ale26_f10__2,-1.0543554901
pal__tartr_ale26__1,-0.5665729492
pal__tartr_ale26__2,-1.2345336246
pal__tartr_ale28_f10__1,1.1041595429
pal__tartr_ale28_f10__2,0.4366332531
pal__tartr_ale28__1,0.2005888709
pal__tartr_ale28__2,0.49029318780000003
efeU__delmenFentC_citr__1,1.8883558513
efeU__delmenFentC_citr__2,1.1806816925
efeU__delmenFentC__1,2.7935323234
efeU__delmenFentC__2,3.07045436
efeU__menFentC_ale39__1,2.1592988131
efeU__menFentC_ale39__2,1.8552028098000002
efeU__menFentC_ale29__1,1.9646587636000001
efeU__menFentC_ale29__2,1.8260530404000002
efeU__menFentC_ale30__1,0.1989151808
efeU__menFentC_ale30__2,1.0294082066
efeU__menFentCubiC_ale36__1,0.8191372373
efeU__menFentCubiC_ale36__2,0.6979232201000001
efeU__menFentCubiC_ale37__1,1.3583417407
efeU__menFentCubiC_ale37__2,1.0385365269
efeU__menFentCubiC_ale38__1,2.7853701430999998
efeU__menFentCubiC_ale38__2,2.3072637172
misc2__salc_glc__1,2.5689560756
misc2__salc_glc__2,0.9703049171
misc2__dbcn_glc__1,-0.0152316138
misc2__dbcn_glc__2,-0.1056032836
misc2__tyr_glc__1,-0.0322387107
misc2__tyr_glc__2,0.5284727966
misc2__arg_cytd__1,0.0307356129
misc2__arg_cytd__2,-0.30552591160000003
misc2__delyheO_pyr__1,2.4067975521
misc2__delyheO_pyr__2,2.4058590397
nquinone__delubiC__1,0.9761988901
nquinone__delubiC__2,1.9448392568
nquinone__ubiC_ale1__1,1.1597685921
nquinone__ubiC_ale1__2,1.4565514624
nquinone__ubiC_ale2__1,1.2386471206
nquinone__ubiC_ale2__2,1.0274709254
nquinone__ubiC_ale3__1,1.1768645639
nquinone__ubiC_ale3__2,1.20734299
nquinone__ubiC_ale4__1,1.8650367293
nquinone__ubiC_ale4__2,2.3472172693
nquinone__delpdhR__1,-0.7056325028
nquinone__delpdhR__2,0.2629836404
quinone__glu_ale4__1,-0.9457663111000001
quinone__glu_ale4__2,-1.1268171125
quinone__delmenF__1,1.4795634802
quinone__delmenF__2,1.8361063852
quinone__menF_ale5__1,0.9413750039000001
quinone__menF_ale5__2,1.0475923396
quinone__menF_ale6__1,1.2135375584
quinone__menF_ale6__2,1.4289307381
quinone__menF_ale7__1,1.1306331973
quinone__menF_ale7__2,1.4751539311
quinone__menF_ale8__1,2.0078761515
quinone__menF_ale8__2,1.7025752987
quinone__delmenFubiC__1,1.9601795753000002
quinone__delmenFubiC__2,2.6052158512
quinone__menFubiC_ale1__1,1.5935308011
quinone__menFubiC_ale1__2,1.6389591991999999
quinone__menFubiC_ale2__1,-1.1491514145
quinone__menFubiC_ale2__2,-0.6728237087000001
quinone__menFubiC_ale3__1,1.7015068977
quinone__menFubiC_ale3__2,0.9420719525000001
quinone__menFubiC_ale4__1,1.2253619928
quinone__menFubiC_ale4__2,1.0080685475
oxyR__wt_glc__1,-0.6500481324
oxyR__wt_glc__2,-0.1875259913
oxyR__wt_h2o2__1,-0.053288245000000005
oxyR__wt_h2o2__2,0.4437163375
oxyR__glu_ale4__1,-1.4773983844
oxyR__glu_ale4__2,-1.3860135571
oxyR__glu_ale4_h2o2__1,-0.8208658932
oxyR__glu_ale4_h2o2__2,-1.0617183049
oxyR__oxyR_ale17__1,-0.1992664802
oxyR__oxyR_ale17__2,-0.024614021200000002
oxyR__oxyR_ale17_h2o2__1,0.0688864582
oxyR__oxyR_ale17_h2o2__2,-0.5504441244
oxyR__oxyR_ale18__1,-1.2611382264
oxyR__oxyR_ale18__2,-1.0603699657
oxyR__oxyR_ale18_h2o2__1,-0.2056455402
oxyR__oxyR_ale18_h2o2__2,-0.3751551392
oxyR__oxyR_ale19__1,-1.9378949822
oxyR__oxyR_ale19__2,-0.1966748529
oxyR__oxyR_ale19_h2o2__1,-1.1207093693
oxyR__oxyR_ale19_h2o2__2,-1.8803377742
oxyR__oxyR_ale20__1,0.9323943552
oxyR__oxyR_ale20__2,1.029168428
oxyR__oxyR_ale20_h2o2__1,-0.2096133949
oxyR__oxyR_ale20_h2o2__2,-0.152416684
svns_pgi__BmePgi24_15__1,0.7112249828
svns_pgi__BmePgi24_15__2,1.3251629391
svns_pgi__BmePgi24_26__1,0.1565632247
svns_pgi__BmePgi24_26__2,-0.1627195229
svns_pgi__BmePgi24_41__1,0.4931789972
svns_pgi__BmePgi24_41__2,-0.5874110235000001
svns_pgi__BmePgi24_52__1,0.4118482257
svns_pgi__BmePgi24_52__2,-0.4718683139
svns_pgi__PaePgi2_34__1,0.10877147820000001
svns_pgi__PaePgi2_34__2,-0.1167114956
svns_pgi__PaePgi2_63__1,0.5187940434
svns_pgi__PaePgi2_63__2,0.19408851970000002
svns_pgi__PaePgi24_54__1,1.0824283074
svns_pgi__PaePgi24_54__2,0.5164107727
svns_pgi__PaePgi24_90__1,0.3799134202
svns_pgi__PaePgi24_90__2,0.3252242795
abx_media__m9_ctrl__1,1.469063086
abx_media__m9_ctrl__2,2.0478086287
abx_media__rpmi_ctrl__1,1.5076995750000002
abx_media__rpmi_ctrl__2,0.8873850676
abx_media__camhb_ctrl__1,1.0951445569
abx_media__camhb_ctrl__2,1.1115097451
abx_media__m9_mero__1,2.1629649144
abx_media__m9_mero__2,1.9519553271
abx_media__rpmi_mero__1,0.9577030037
abx_media__rpmi_mero__2,0.9916477275000001
abx_media__camhb_mero__1,1.2058229425
abx_media__camhb_mero__2,1.7695382666000001
abx_media__m9_trisulf__1,1.1461446496
abx_media__m9_trisulf__2,0.6313189998000001
abx_media__rpmi_trisulf__1,-0.7179392875
abx_media__rpmi_trisulf__2,-0.0998085487
abx_media__camhb_trisulf__1,0.5874103645000001
abx_media__camhb_trisulf__2,0.7751298947
abx_media__m9_cef__1,1.3050994597
abx_media__m9_cef__2,0.7358161858000001
abx_media__rpmi_cef__1,0.41723638620000003
abx_media__rpmi_cef__2,0.1257345629
abx_media__camhb_cef__1,0.6832708223
abx_media__camhb_cef__2,0.8799797425
abx_media__m9_cipro__1,-0.12215728320000001
abx_media__m9_cipro__2,-0.8281663879000001
abx_media__rpmi_cipro__1,0.2279924188
abx_media__rpmi_cipro__2,-0.08923371620000001
abx_media__camhb_cipro__1,-0.3070825562
abx_media__camhb_cipro__2,-1.1581328932
hot_tale__42c_ale3_30c__1,0.7932393
hot_tale__42c_ale3_30c__2,1.02432083
hot_tale__42c_ale3_37c__1,1.2067858731
hot_tale__42c_ale3_37c__2,1.2999883922
hot_tale__42c_ale3_44c__1,1.4641009778
hot_tale__42c_ale3_44c__2,2.0005224252
hot_tale__hot_ale3_mid_30c__1,2.0745749775
hot_tale__hot_ale3_mid_30c__2,1.3230263693
hot_tale__hot_ale3_mid_37c__1,1.2415129696
hot_tale__hot_ale3_mid_37c__2,1.0973677116
hot_tale__hot_ale3_mid_44c__1,2.5275502037
hot_tale__hot_ale3_mid_44c__2,0.8116933554
hot_tale__hot_ale3_30c__1,0.6503963220000001
hot_tale__hot_ale3_30c__2,0.1506655439
hot_tale__hot_ale3_37c__1,0.4652095591
hot_tale__hot_ale3_37c__2,-0.5233178037
hot_tale__hot_ale3_44c__1,0.0100370166
hot_tale__hot_ale3_44c__2,0.0279842054
hot_tale__hot_ale4_30c__1,0.46194981620000003
hot_tale__hot_ale4_30c__2,0.2139658157
hot_tale__hot_ale4_37c__1,0.3222314428
hot_tale__hot_ale4_37c__2,0.4364782821
hot_tale__hot_ale4_44c__1,0.8617258242
hot_tale__hot_ale4_44c__2,0.9964078639
hot_tale__hot_ale8_30c__1,-0.2329416949
hot_tale__hot_ale8_30c__2,-0.8625877266
hot_tale__hot_ale8_37c__1,-0.6680576493
hot_tale__hot_ale8_37c__2,-0.9595069745
hot_tale__hot_ale8_44c__1,0.21795001490000002
hot_tale__hot_ale8_44c__2,-0.7208867959
hot_tale__hot_ale9_mid_30c__1,0.8984570134000001
hot_tale__hot_ale9_mid_30c__2,0.9753579892
hot_tale__hot_ale9_30c__1,0.2867877137
hot_tale__hot_ale9_30c__2,-0.041330120500000005
hot_tale__hot_ale9_mid_37c__1,0.2649326024
hot_tale__hot_ale9_mid_37c__2,0.6314817837000001
hot_tale__hot_ale9_37c__1,0.0811015727
hot_tale__hot_ale9_37c__2,-0.0464704738
hot_tale__hot_ale9_mid_44c__1,0.0935977637
hot_tale__hot_ale9_mid_44c__2,0.3008473723
hot_tale__hot_ale9_44c__1,0.24160559080000002
hot_tale__hot_ale9_44c__2,0.11232394080000001
hot_tale__hot_ale10_30c__1,0.7853687319
hot_tale__hot_ale10_30c__2,1.0760416676
hot_tale__hot_ale10_37c__1,0.4665013542
hot_tale__hot_ale10_37c__2,0.3563238915
hot_tale__hot_ale10_44c__1,-0.5420070029
hot_tale__hot_ale10_44c__2,0.7160284562
hot_tale__hot_ale16_30c__1,1.4220360237
hot_tale__hot_ale16_30c__2,0.8231845157000001
hot_tale__hot_ale16_37c__1,0.2613840397
hot_tale__hot_ale16_37c__2,-0.3991104186
hot_tale__hot_ale16_44c__1,-0.2895522192
hot_tale__hot_ale16_44c__2,-0.47654543580000003
pdhr_ale__pdhR-13_51__1,1.3254843501
pdhr_ale__pdhR-13_51__2,1.3335319650000002
pdhr_ale__pdhR-14_46__1,2.0477134385
pdhr_ale__pdhR-14_46__2,1.6264935154
pdhr_ale__pdhR-15_51__1,0.20385640900000002
pdhr_ale__pdhR-15_51__2,0.19347382640000002
pdhr_ale__pdhR-16_49__1,0.5103462257
pdhr_ale__pdhR-16_49__2,0.6104311283
tcs__del_atoC_LiAcet__1,0.14346551030000002
tcs__del_atoC_LiAcet__2,0.44280795170000004
tcs__del_atoC_LiCl__1,0.7111709829
tcs__del_atoC_LiCl__2,0.5732396529
tcs__del_atoC_m9__1,0.9260842770000001
tcs__del_atoC_m9__2,0.8030425579
tcs__del_baeR_etoh__1,0.46193884690000003
tcs__del_baeR_etoh__2,-0.7296827361
tcs__del_baeR_lb__1,1.0137543573
tcs__del_baeR_lb__2,1.4905148172
tcs__del_btsR_01xlb__1,-0.2416976208
tcs__del_btsR_01xlb__2,0.0472389274
tcs__del_btsR_lb__1,1.8031805116
tcs__del_btsR_lb__2,1.4869006722
tcs__del_btsR_pyruvate__1,0.375408693
tcs__del_btsR_pyruvate__2,0.2200073273
tcs__del_cpxR_etoh__1,-0.7036693836
tcs__del_cpxR_etoh__2,-0.43182392080000004
tcs__del_cpxR_lb__1,1.1280381993
tcs__del_cpxR_lb__2,0.8799137613
tcs__del_cusR_CuSO4__1,-0.1807841922
tcs__del_cusR_CuSO4__2,0.4029174104
tcs__del_cusR_lb__1,0.9304774655
tcs__del_cusR_lb__2,0.8607365209000001
tcs__del_kdpE_01-kcl__1,1.6008422993
tcs__del_kdpE_01-kcl__2,1.2405423834
tcs__del_kdpE_115-kcl__1,0.8894514096
tcs__del_kdpE_115-kcl__2,0.8825161520000001
tcs__del_phoB_m9__1,1.1756840085
tcs__del_phoB_m9__2,1.2990865544
tcs__del_phoB_m9p__1,2.8256596138
tcs__del_phoB_m9p__2,2.7271598026
tcs__del_rcsB_etoh__1,0.6290312771000001
tcs__del_rcsB_etoh__2,0.7731901760000001
tcs__del_rcsB_lb__1,0.3924711276
tcs__del_rcsB_lb__2,1.0688285419
tcs__del_zraR_lb__1,2.500698752
tcs__del_zraR_lb__2,2.1405860135
tcs__del_zraR_zncl2__1,2.3413422076
tcs__del_zraR_zncl2__2,2.5318806645
tcs__wt_01-kcl__1,1.8048355791000001
tcs__wt_01-kcl__2,1.5365280736
tcs__wt_01xlb__1,0.0848647959
tcs__wt_01xlb__2,0.4327109442
tcs__wt_115-kcl__1,1.6382229105000001
tcs__wt_115-kcl__2,1.8344299795999999
tcs__wt_CuSO4__1,0.6490362334
tcs__wt_CuSO4__2,1.2092591707
tcs__wt_etoh__1,3.1365277763
tcs__wt_etoh__2,2.7217123827
tcs__wt_lb__1,1.5247210996
tcs__wt_lb__2,1.8028110002000002
tcs__wt_LiAcet__1,0.7679549282
tcs__wt_LiAcet__2,0.64370698
tcs__wt_LiCl__1,0.7545081756
tcs__wt_LiCl__2,0.6807941395
tcs__wt_m9p__1,1.6924127736
tcs__wt_m9p__2,1.8274247164
tcs__wt_pyr__1,0.5021240605
tcs__wt_pyr__2,0.169241297
tcs__wt_zncl2__1,2.2086627162
tcs__wt_zncl2__2,2.5483077481
ros_tale__1_112_0pq__1,-0.0844675027
ros_tale__1_112_0pq__2,0.788237394
ros_tale__1_112_250pq__1,0.43213930440000003
ros_tale__1_112_250pq__2,-0.040344986400000005
ros_tale__1_112_750pq__1,0.7184454687
ros_tale__1_112_750pq__2,0.2738560976
ros_tale__1_112_750pq__3,0.4521618439
ros_tale__3_76_0pq__1,-2.1547443232
ros_tale__3_76_0pq__2,-2.4412082911
ros_tale__3_76_0pq__3,-2.2497698725
ros_tale__3_76_0pq__4,-2.864746313
ros_tale__3_76_250pq__1,0.7230761376
ros_tale__3_76_250pq__2,0.0366442544
ros_tale__3_76_750pq__1,1.5482362983
ros_tale__3_76_750pq__2,0.1639272246
ros_tale__7_103_0pq__1,0.12501035200000002
ros_tale__7_103_0pq__2,0.185341639
ros_tale__7_103_0pq__3,0.6261845486000001
ros_tale__7_103_0pq__4,0.34468436610000003
ros_tale__7_103_250pq__1,0.021542851300000002
ros_tale__7_103_250pq__2,1.1841422722
ros_tale__7_103_750pq__1,0.7078076462
ros_tale__7_103_750pq__2,-0.2065120611
ros_tale__9_77_0pq__1,-0.1855100535
ros_tale__9_77_0pq__2,-0.5956557728
ros_tale__9_77_250pq__1,0.40087789500000004
ros_tale__9_77_250pq__2,0.8577272480000001
ros_tale__9_77_750pq__1,-0.17360162610000002
ros_tale__9_77_750pq__2,-0.3834233938
ros_tale__11_83_0pq__1,-0.10367728500000001
ros_tale__11_83_0pq__2,-0.8535588488
ros_tale__11_83_250pq__1,-0.3526117345
ros_tale__11_83_250pq__2,-0.2630342819
ros_tale__11_83_750pq__1,-0.0839440828
ros_tale__11_83_750pq__2,-0.2925450119
ros_tale__13_87_0pq__1,0.0212024068
ros_tale__13_87_0pq__2,0.2980309673
ros_tale__13_87_250pq__1,0.9987473167
ros_tale__13_87_250pq__2,-0.1197512466
ros_tale__13_87_750pq__1,0.7398294738000001
ros_tale__13_87_750pq__2,1.4877981025
ros_tale__14_27_0pq__1,0.0198822651
ros_tale__14_27_0pq__2,-0.651097118
ros_tale__14_27_250pq__1,-0.49952623230000004
ros_tale__14_27_250pq__2,-1.8635457729
ros_tale__14_27_750pq__1,2.0312044622
ros_tale__14_27_750pq__2,3.3770262694
ros_tale__16_28_250pq__1,-0.35585424120000003
ros_tale__16_28_250pq__2,-0.3380602471
ros_tale__16_32_0pq__1,0.8572340579000001
ros_tale__16_32_0pq__2,0.8777321595
ros_tale__16_32_0pq__3,-1.0335611185
ros_tale__16_32_0pq__4,-1.5765125309
ros_tale__16_32_250pq__1,-1.4947770957
ros_tale__16_32_250pq__2,-1.4563294568
ros_tale__16_32_750pq__1,-0.4792303895
ros_tale__16_32_750pq__2,0.036599764800000004
ros_tale__17_104_0pq__1,0.7068378082
ros_tale__17_104_0pq__2,0.5119039047
ros_tale__17_104_250pq__1,-1.0356167746
ros_tale__17_104_250pq__2,-1.5356073924
ros_tale__17_104_250pq__3,-1.8064407945
ros_tale__17_104_250pq__4,0.0059689221
ros_tale__17_104_750pq__1,-0.9189280423
ros_tale__17_104_750pq__2,-0.7272448257
ros_tale__18_24_250pq__1,4.74936e-05
ros_tale__18_24_250pq__2,-0.2187090573
ros_tale__18_36_0pq__1,-0.0540479455
ros_tale__18_36_0pq__2,-0.1891187799
ros_tale__18_36_0pq__3,-1.3479444707
ros_tale__18_36_0pq__4,-1.5581340478999999
ros_tale__18_36_250pq__1,-1.1874081665
ros_tale__18_36_250pq__2,-1.3687928571
ros_tale__18_36_750pq__1,-1.2680229052
ros_tale__18_36_750pq__2,0.1780054489
ros_tale__19_91_0pq__1,1.1764305988000001
ros_tale__19_91_0pq__2,0.7730923843
ros_tale__19_91_250pq__1,-0.2518757354
ros_tale__19_91_250pq__2,-0.4517269117
ros_tale__19_91_750pq__1,-0.7964093017
ros_tale__19_91_750pq__2,-0.0105937476
ros_tale__19_91_750pq__3,-1.5671886413
ros_tale__19_91_750pq__4,-1.1127615018
ros_tale__21_97_0pq__1,0.1613187472
ros_tale__21_97_0pq__2,0.9415645892000001
ros_tale__21_97_250pq__1,-0.0656224423
ros_tale__21_97_250pq__2,0.7093119756
ros_tale__21_97_750pq__1,0.27372019210000004
ros_tale__21_97_750pq__2,0.3582945791
ros_tale__25_111_0pq__1,1.7494825096
ros_tale__25_111_0pq__2,0.8627579366
ros_tale__25_111_250pq__1,1.0347969256
ros_tale__25_111_250pq__2,1.4885448324000001
ros_tale__25_111_750pq__1,1.2982055554
ros_tale__25_111_750pq__2,1.3517922668
ros_tale__29_119_0pq__1,1.8142872935
ros_tale__29_119_0pq__2,0.4592990793
ros_tale__29_119_250pq__1,0.8807506902000001
ros_tale__29_119_250pq__2,1.6081712449
ros_tale__29_119_750pq__1,0.5969408208
ros_tale__29_119_750pq__2,0.5923981242
ros_tale__ALE4_0pq__1,-0.27524300420000003
ros_tale__ALE4_0pq__2,-0.41150144860000004
ros_tale__ALE4_250pq__1,1.4739820808
ros_tale__ALE4_250pq__2,1.228197988
pcoli__atASMT_325G__1,0.34761570410000003
pcoli__atASMT_325G__2,0.4132140313
pcoli__bpTDC__1,0.45794122400000004
pcoli__bpTDC__2,0.4324642603
pcoli__BRCA__1,0.2783500043
pcoli__BRCA__2,0.7914116357000001
pcoli__BRCActrl__1,0.06459525220000001
pcoli__BRCActrl__2,0.28179593070000003
pcoli__BRCAswap__1,1.2793189111
pcoli__BRCAswap__2,1.3189302661
pcoli__btAANAT__1,0.9201238020000001
pcoli__btAANAT__2,0.949983597
pcoli__btASMT__1,0.8467077077
pcoli__btASMT__2,0.7434098312
pcoli__CC1__1,0.8838324302
pcoli__CC1__2,1.6253826304999999
pcoli__ccCOMT__1,0.2769734408
pcoli__ccCOMT__2,0.9511441935
pcoli__ckDDC__1,0.4106742376
pcoli__ckDDC__2,-0.4378759982
pcoli__CNTF_belt__1,0.7007103111
pcoli__CNTF_belt__2,0.8665003698
pcoli__cobPNMT__1,0.6486272985
pcoli__cobPNMT__2,0.6770144639
pcoli__cvPhhB__1,0.3523152712
pcoli__cvPhhB__2,0.1731678802
pcoli__ggAANAT__1,1.1181520145
pcoli__ggAANAT__2,1.1659080914
pcoli__ggTPH__1,0.8328612673
pcoli__ggTPH__2,0.2796531479
pcoli__hsAANAT__1,1.2031438833
pcoli__hsAANAT__2,2.2032531831
pcoli__hsASMT__1,0.5703963511
pcoli__hsASMT__2,-0.067586516
pcoli__hsPNMT_mb__1,1.1438731263
pcoli__hsPNMT_mb__2,0.6491791116
pcoli__hsTPH__1,0.4605224808
pcoli__hsTPH__2,-0.455093595
pcoli__hsTPH_E2K__1,1.1567225992
pcoli__hsTPH_E2K__2,1.1846657668
pcoli__hsTPH_E2K_N91I_P99C__1,1.2132000376
pcoli__hsTPH_E2K_N91I_P99C__2,0.3845393033
pcoli__hsTPH_N158trunc__1,0.2856863551
pcoli__hsTPH_N158trunc__2,0.1301288749
pcoli__hsTPH_N174trunc__1,0.6300960185000001
pcoli__hsTPH_N174trunc__2,0.6266661971
pcoli__hsTPH_Ntermtrunc__1,-0.0038056195000000003
pcoli__hsTPH_Ntermtrunc__2,1.3850920120999999
pcoli__hsTPH1__1,1.1631471722
pcoli__hsTPH1__2,1.0087077672
pcoli__MBP__1,1.3931555861
pcoli__MBP__2,0.4972850292
pcoli__msCOMT__1,0.4770423636
pcoli__msCOMT__2,0.062398416000000005
pcoli__ocAANAT__1,0.7714437386
pcoli__ocAANAT__2,0.44343226480000003
pcoli__osTDC_K374H__1,1.6480498466
pcoli__osTDC_K374H__2,2.1399292176999998
pcoli__osTDC_K374L__1,-0.6688935504
pcoli__osTDC_K374L__2,-0.1274561694
pcoli__osTDC_K374Q__1,1.387407126
pcoli__osTDC_K374Q__2,0.8774667787
pcoli__osTDC_L360V__1,0.5353243245
pcoli__osTDC_L360V__2,1.0021475546
pcoli__pmTPH__1,-0.1563323499
pcoli__pmTPH__2,-0.4983256199
pcoli__RFC__1,0.8437273061
pcoli__RFC__2,0.47503784520000003
pcoli__RFCctrl__1,2.2200587735
pcoli__RFCctrl__2,2.6734777217
pcoli__RFCnopause__1,1.1630130619
pcoli__RFCnopause__2,0.9240850335
pcoli__RFCpluspause__1,0.7818611523
pcoli__RFCpluspause__2,0.41032309100000003
pcoli__rnCOMT_sol__1,1.819633529
pcoli__rnCOMT_sol__2,2.0475693005
pcoli__rnPNMT__1,-0.0971322948
pcoli__rnPNMT__2,-0.3711326398
pcoli__rnTDC__1,0.5487245154
pcoli__rnTDC__2,1.2336720876
pcoli__rnTDC_trunc__1,0.7378896957000001
pcoli__rnTDC_trunc__2,0.2221623905
pcoli__saCOMT_T2A__1,0.1332757404
pcoli__saCOMT_T2A__2,0.6386404719000001
pcoli__sfCOMT__1,0.5434820559
pcoli__sfCOMT__2,0.7290317431000001
pcoli__sgAANAT_D63G__1,0.485976987
pcoli__sgAANAT_D63G__2,0.5351532355
pcoli__ssDDC__1,0.7717169490000001
pcoli__ssDDC__2,0.49234069080000004
pcoli__TP53B__1,0.4757408845
pcoli__TP53B__2,1.5874140008
pcoli__WT__1,1.3904050684
pcoli__WT__2,1.0945393668
cck__glu_ale4__1,-1.482780188
cck__glu_ale4__2,-1.1042543391
cck__cck_ale1__1,-1.0888008683
cck__cck_ale1__2,-1.0199380705
cck__cck_ale2__1,-0.9576072362
cck__cck_ale2__2,-1.3282449674
cck_pgi__gmos_delpgi__1,-0.5007040576
cck_pgi__gmos_delpgi__2,-0.2148768822
cck_pgi__pgi_ale1__1,-0.9385221017
cck_pgi__pgi_ale1__2,-1.7810528278
cck_pgi__pgi_ale2__1,-0.6752472117
cck_pgi__pgi_ale3__1,-1.28220737
cck_pgi__pgi_ale3__2,-2.4199738726
cck_pgi__pgi_ale4__1,-1.0711060392
cck_pgi__pgi_ale4__2,-1.7613959676
cck_pgi__pgi_ale4__3,-1.5204379976
cck_pgi__pgi_ale5__1,-1.107677674
cck_pgi__pgi_ale5__2,-2.4249665188
cck_pgi__pgi_ale6__1,-1.6713983826
cck_pgi__pgi_ale6__2,-1.6340344306999999
cck_pgi__pgi_ale7__1,-1.602242632
cck_pgi__pgi_ale7__2,-1.7767284378000001
cck_pgi__pgi_ale8__1,-0.5791045627
cck_pgi__pgi_ale8__2,-0.8070103258
cck_sdh__gmos_delsdhCB__1,-1.5162251702
cck_sdh__gmos_delsdhCB__2,-0.20247565180000002
cck_sdh__sdh_ale1__1,0.4519046774
cck_sdh__sdh_ale1__2,0.1875203453
cck_sdh__sdh_ale2__1,-1.1542402349
cck_sdh__sdh_ale3__1,-0.7839487316
cck_sdh__sdh_ale3__2,-0.8518110753
cck_sdh__sdh_ale3__3,-1.4469555019
cck_pts__gmos_delptsHIcrr__1,-0.8094916133000001
cck_pts__gmos_delptsHIcrr__2,-0.8442279501000001
cck_pts__pts_ale1__1,-0.3826077941
cck_pts__pts_ale1__2,-0.6436095943
cck_pts__pts_ale2__1,-1.6412865379000001
cck_pts__pts_ale2__2,-1.7918853211
cck_pts__pts_ale3__1,-0.6621047946
cck_pts__pts_ale3__2,-0.1822216936
cck_pts__pts_ale4__1,-1.1499752247
cck_pts__pts_ale4__2,-1.1534160431
cck_gnd__gmos_delgnd__1,-0.3741797904
cck_gnd__gmos_delgnd__2,0.3378002867
cck_gnd__gnd_ale1__1,-1.3172535284
cck_gnd__gnd_ale1__2,-0.41985014460000003
cck_gnd__gnd_ale2__1,-0.9798237156
cck_gnd__gnd_ale2__2,-0.7235235971
cck_gnd__gnd_ale3__1,-0.8273863867
cck_gnd__gnd_ale3__2,-0.6137603637
cck_tpiA__gmos_deltpiA__1,-1.9558293465
cck_tpiA__gmos_deltpiA__2,-0.5506429679
cck_tpiA__tpiA_ale1__1,-1.3669159767
cck_tpiA__tpiA_ale1__2,-1.2715339648000001
cck_tpiA__tpiA_ale2__1,-1.6200604563
cck_tpiA__tpiA_ale2__2,-2.3747902163
cck_tpiA__tpiA_ale3__1,-2.5391385394
cck_tpiA__tpiA_ale3__2,-2.5314222946
cck_tpiA__tpiA_ale4__1,-1.8350239162
cck_tpiA__tpiA_ale4__2,-0.5751936590000001
acid_tale__acid_ale1_pH7__1,-0.6904393573000001
acid_tale__acid_ale1_pH7__2,-1.1065047748
acid_tale__acid_ale1_pH5__1,1.3484830812
acid_tale__acid_ale1_pH5__2,1.248141715
acid_tale__acid_ale2_pH7__1,-1.4894928883
acid_tale__acid_ale2_pH7__2,-1.9903984575
acid_tale__acid_ale2_pH5__1,0.10440282520000001
acid_tale__acid_ale2_pH5__2,0.5077921435
acid_tale__low_Mg_ale_pH7__1,-1.1028163364
acid_tale__low_Mg_ale_pH7__2,-1.0498829195
acid_tale__low_Mg_ale_pH5__1,-0.1123789807
acid_tale__low_Mg_ale_pH5__2,0.3629985891
acid_tale__MES_ale_pH7__1,-2.0039054152
acid_tale__MES_ale_pH7__2,-1.7276067091
acid_tale__MES_ale_pH5__1,0.8966788915
acid_tale__MES_ale_pH5__2,0.6808918970000001
acid_tale__gmos_pH7__1,-1.8080435804000001
acid_tale__gmos_pH7__2,-1.8340418149
acid_tale__gmos_pH5__1,0.3344147029
acid_tale__gmos_pH5__2,-0.2540170337
adnB__wt_adn__1,2.8222280527
adnB__wt_adn__2,2.6463267469
adnB__delydhB_adn__1,2.0009890624
adnB__delydhB_adn__2,1.8571355299999999
ytf2__wt_glc__1,1.8421155558
ytf2__wt_glc__2,1.6848944471
ytf2__ybcM_glc__1,-0.6374501008
ytf2__ybcM_glc__2,-1.1967069385
ytf2__ydhB_glc__1,-0.516481985
ytf2__ydhB_glc__2,0.49376438570000003
ytf2__yfeC_glc__1,-0.594152117
ytf2__yfeC_glc__2,-0.1315196955
ytf2__yciT_glc__1,1.7658583576
ytf2__yciT_glc__2,1.7374481109
ytf2__ydiZ_glc__1,0.7128243372
ytf2__ydiZ_glc__2,0.7074449033
ytf2__ynfL_glc__1,1.3450217537
ytf2__ynfL_glc__2,1.276744334
misc2__dellon_glc__1,0.6250189393000001
misc2__dellon_glc__2,-0.1480176503
ytf3__wt_glc2__1,0.8747913688000001
ytf3__wt_glc2__2,0.5798797440000001
ytf3__wt_pH7_lactate__1,1.3740485246
ytf3__wt_pH7_lactate__2,1.2851650765
ytf3__wt_pH55_lactate__1,2.3541624690000003
ytf3__wt_pH55_lactate__2,1.9247334709000001
ytf3__wt_pH55_HCl__1,1.9954338274
ytf3__wt_pH55_HCl__2,2.3207024001
ytf3__dyieP_pH7__1,0.9604985872
ytf3__dyieP_pH7__2,1.2488212477
ytf3__dyieP_pH55__1,1.3530575601
ytf3__dyieP_pH55__2,1.2464141594
