,condition,X_avg,X_std,n,rep1_idx,rep1_X,rep2_idx,rep2_X,rep3_idx,rep3_X,rep4_idx,rep4_X,rep5_idx,rep5_X,rep6_idx,rep6_X
0,control__wt_glc,-9.020562075079397e-16,0.33004952110398594,2.0,0.0,0.2333802545000001,1.0,-0.2333802545000019,,,,,,,,
1,fur__wt_dpd,-1.501787422500001,0.13118137665763427,2.0,2.0,-1.409028181500001,3.0,-1.5945466635000007,,,,,,,,
2,fur__wt_fe,0.7082617839999994,0.07468299259043312,2.0,4.0,0.6554529334999994,5.0,0.7610706344999993,,,,,,,,
3,fur__delfur_dpd,-1.144500894000001,0.08330060475613014,2.0,6.0,-1.0855984715000009,7.0,-1.2034033165000009,,,,,,,,
4,fur__delfur_fe2,0.9124621574999994,0.023773893062927536,2.0,8.0,0.8956514764999994,9.0,0.9292728384999992,,,,,,,,
5,acid__wt_ph5,-0.4757262245000007,0.044331984693171636,2.0,10.0,-0.5070736715000006,11.0,-0.4443787775000008,,,,,,,,
6,acid__delgadx_ph5,-0.2446735835000009,,1.0,12.0,-0.2446735835000009,,,,,,,,,,
7,acid__delgadw_ph5,-0.2673896005000014,0.06242354362085248,2.0,13.0,-0.3115297115000004,14.0,-0.22324948950000234,,,,,,,,
8,acid__delgade_ph5,-0.3488754770000009,0.16558379104146995,2.0,15.0,-0.2317900555000012,16.0,-0.4659608985000006,,,,,,,,
9,oxidative__wt_pq,-2.021911984000001,0.1660829660025806,2.0,17.0,-2.1393503755000003,18.0,-1.9044735925000011,,,,,,,,
10,oxidative__deloxyr_pq,-1.1001507190000006,0.33809153703608713,2.0,19.0,-1.3392175375000006,20.0,-0.8610839005000006,,,,,,,,
11,oxidative__delsoxr_pq,-1.7879745570000007,0.07858393241082606,2.0,21.0,-1.7324073255000003,22.0,-1.8435417885000012,,,,,,,,
12,oxidative__delsoxs_pq,-2.160244492500001,0.18786518321474557,2.0,23.0,-2.027403747500001,24.0,-2.2930852375000006,,,,,,,,
13,nac_ntrc__wt_csn,-0.692045272500001,0.1113711041886099,2.0,25.0,-0.6132940095000015,26.0,-0.7707965355000006,,,,,,,,
14,nac_ntrc__wt_cytd,-0.3303789640000012,0.05104157174031917,2.0,27.0,-0.36647080550000055,28.0,-0.2942871225000019,,,,,,,,
15,nac_ntrc__wt_gln,-0.042537027500001656,0.015303626394080505,2.0,29.0,-0.05335832550000141,30.0,-0.0317157295000019,,,,,,,,
16,nac_ntrc__bw_delnac_csn,-4.904595968500001,3.2833192677125576,2.0,31.0,-2.5829386495000017,32.0,-7.2262532875,,,,,,,,
17,nac_ntrc__bw_delnac_cytd,-0.9160674365000006,0.01873201665210147,2.0,33.0,-0.9028219005000002,34.0,-0.9293129725000008,,,,,,,,
18,nac_ntrc__bw_delnac_gln,-0.29471405050000055,0.24736589954135166,2.0,35.0,-0.4696281555000006,36.0,-0.1197999455000005,,,,,,,,
19,nac_ntrc__bw_delnac_nh4,-0.979400441000001,0.3613409421293514,2.0,37.0,-0.7238938105000008,38.0,-1.2349070715000012,,,,,,,,
20,misc__wt_no_te,-0.47618934500000076,0.282137262444619,2.0,39.0,-0.276688173500002,40.0,-0.6756905164999996,,,,,,,,
21,misc__bw_delcbl,-1.1112488005000012,0.041172280869867114,2.0,41.0,-1.082135601500001,42.0,-1.1403619995000014,,,,,,,,
22,misc__bw_delfabr,-1.3379596745000009,0.34414548760465163,2.0,43.0,-1.581307282500001,44.0,-1.0946120665000008,,,,,,,,
23,misc__bw_delfadr,-0.6741171125000012,0.40857113902260955,2.0,45.0,-0.9630205355,46.0,-0.38521368950000223,,,,,,,,
24,misc__nitr_031,-1.1846294575000007,,1.0,47.0,-1.1846294575000007,,,,,,,,,,
25,omics__wt_glu,-0.7019733225000011,0.11593718965957973,2.0,48.0,-0.6199933495000014,49.0,-0.7839532955000008,,,,,,,,
26,omics__wt_gly,-0.7958658285000006,0.07358658322111634,2.0,50.0,-0.8478994005000002,51.0,-0.7438322565000011,,,,,,,,
27,omics__wt_thr,-0.17513872400000086,0.03439255307266617,2.0,52.0,-0.15081951650000036,53.0,-0.19945793150000132,,,,,,,,
28,omics__bw_ac,0.9376137574999985,0.0750100018995673,2.0,54.0,0.8845736764999987,55.0,0.9906538384999984,,,,,,,,
29,omics__bw_fum,0.9863055724999992,0.06313752489416764,2.0,56.0,1.0309505444999996,57.0,0.9416606004999988,,,,,,,,
30,omics__bw_glc,1.1656119029999994,0.12585356818480614,2.0,58.0,1.2546038144999994,59.0,1.0766199914999994,,,,,,,,
31,omics__bw_pyr,1.069797946499999,0.15020240906440996,2.0,60.0,1.176007088499999,61.0,0.9635888044999988,,,,,,,,
32,ompr__wt_nacl,-2.4605358640000006,0.19254483074188117,2.0,62.0,-2.3243861085000006,63.0,-2.596685619500001,,,,,,,,
33,ompr__bw_delompr_nacl,-2.0726324385000012,0.37409004981698046,2.0,64.0,-1.8081108275000009,65.0,-2.3371540495000014,,,,,,,,
34,minspan__wt_ade,1.2797812454999988,,1.0,66.0,1.2797812454999988,,,,,,,,,,
35,minspan__wt_glc,0.697235600833333,0.049842581476604975,3.0,67.0,0.6596231064999998,68.0,0.7537679414999996,69.0,0.6783157544999998,,,,,,
36,minspan__wt_glc_anaero,-0.02426421550000102,0.9698161257190424,2.0,70.0,0.6614993434999992,71.0,-0.7100277745000012,,,,,,,,
37,minspan__wt_trp,0.1122178664999982,,1.0,72.0,0.1122178664999982,,,,,,,,,,
38,minspan__bw_delcra_glc,0.8337181984999997,,1.0,73.0,0.8337181984999997,,,,,,,,,,
39,minspan__bw_delcra_trp,0.9322829524999996,,1.0,74.0,0.9322829524999996,,,,,,,,,,
40,minspan__bw_delmntr,-0.8339495575000013,,1.0,75.0,-0.8339495575000013,,,,,,,,,,
41,minspan__bw_delnac_ade,0.3645682414999989,,1.0,76.0,0.3645682414999989,,,,,,,,,,
42,minspan__bw_delnac_glc,2.5717783974999997,,1.0,77.0,2.5717783974999997,,,,,,,,,,
43,cra_crp__wt_ac,-0.6941344565000005,0.012986696273214967,2.0,78.0,-0.7033174375000009,79.0,-0.6849514755000001,,,,,,,,
44,cra_crp__wt_fru,-0.9506365750000006,0.7086521835629286,2.0,80.0,-1.4517293395000015,81.0,-0.4495438104999998,,,,,,,,
45,cra_crp__delcra_ac,-0.7514586365000007,0.1939201753515989,2.0,82.0,-0.6143363655000007,83.0,-0.8885809075000006,,,,,,,,
46,cra_crp__delcra_fru,-0.3266661180000012,0.09124949472515184,2.0,84.0,-0.26214298150000026,85.0,-0.3911892545000022,,,,,,,,
47,cra_crp__delcra_glc,-0.5360195920000015,0.13828066722245802,2.0,86.0,-0.6337987895000019,87.0,-0.4382403945000011,,,,,,,,
48,rpoB__wt_031,0.1985455994999992,,1.0,88.0,0.1985455994999992,,,,,,,,,,
49,rpoB__wt_044,-0.0051199435000004465,,1.0,89.0,-0.0051199435000004465,,,,,,,,,,
50,rpoB__wt_lb,-1.8878620800000006,0.29689438297808385,2.0,90.0,-1.6779260485000016,91.0,-2.0977981114999995,,,,,,,,
51,rpoB__rpoBE546V_031,0.4415616484999987,,1.0,92.0,0.4415616484999987,,,,,,,,,,
52,rpoB__rpoBE546V_044,-0.025114421500001427,,1.0,93.0,-0.025114421500001427,,,,,,,,,,
53,rpoB__rpoBE546V_lb,-4.039822712500001,0.42856363856600144,2.0,94.0,-4.342862967500001,95.0,-3.736782457500001,,,,,,,,
54,rpoB__rpoBE546V_glc,0.7090303694999989,,1.0,96.0,0.7090303694999989,,,,,,,,,,
55,rpoB__rpoBE672K_glc,-2.443481686500001,0.11111936003237256,2.0,97.0,-2.364908433500001,98.0,-2.522054939500001,,,,,,,,
56,rpoB__rpoBE672K_lb,-2.417063905000001,0.5074126030836966,2.0,99.0,-2.7758587975000006,100.0,-2.0582690125000007,,,,,,,,
57,crp__wt_fru,0.6069499854999982,,1.0,101.0,0.6069499854999982,,,,,,,,,,
58,crp__wt_glyc,0.4688239429999994,0.15463435850030915,2.0,102.0,0.35948093949999915,103.0,0.5781669464999997,,,,,,,,
59,crp__delar1_glyc,-1.9040811960000013,0.3887520043842987,2.0,104.0,-1.6291920175000012,105.0,-2.1789703745000013,,,,,,,,
60,crp__delar1ar2_glyc,-1.2487576795000013,0.18533713869630689,3.0,106.0,-1.0568006425000007,107.0,-1.4266765845000018,108.0,-1.2627958115000009,,,,,,
61,crp__delar2_glyc,-1.769947607833334,0.43660836450609364,3.0,109.0,-1.806445667500001,110.0,-1.3162358555000004,111.0,-2.187161300500001,,,,,,
62,crp__delcrp_fru,-1.2613014661666675,0.5254861608278778,3.0,112.0,-1.1034356525000009,113.0,-1.8476242565000005,114.0,-0.8328444895000011,,,,,,
63,crp__delcrp_glc,-1.988103524833334,0.20989830947847526,3.0,115.0,-2.1319594865,116.0,-2.0851027385000016,117.0,-1.7472483495000013,,,,,,
64,crp__delcrp_glyc,-1.418540442833334,0.3820147847593757,3.0,118.0,-1.8581928755000003,119.0,-1.167656222500001,120.0,-1.229772230500001,,,,,,
65,glu__glu_ale3,-2.582462777500001,,1.0,121.0,-2.582462777500001,,,,,,,,,,
66,glu__glu_ale4,-1.9999965105000008,,1.0,122.0,-1.9999965105000008,,,,,,,,,,
67,glu__glu_ale5,-0.310231948500002,,1.0,123.0,-0.310231948500002,,,,,,,,,,
68,glu__glu_ale6,-1.7414666265000012,,1.0,124.0,-1.7414666265000012,,,,,,,,,,
69,glu__glu_ale8,-1.524790877500001,,1.0,125.0,-1.524790877500001,,,,,,,,,,
70,glu__glu_ale9,-1.2443955325000011,,1.0,126.0,-1.2443955325000011,,,,,,,,,,
71,glu__glu_ale10,-1.9029225405000003,,1.0,127.0,-1.9029225405000003,,,,,,,,,,
72,42c__wt_42c,-1.6706741355000003,,1.0,128.0,-1.6706741355000003,,,,,,,,,,
73,42c__42c_ale1,-1.5763583825000014,,1.0,129.0,-1.5763583825000014,,,,,,,,,,
74,42c__42c_ale2,0.2035265674999991,,1.0,130.0,0.2035265674999991,,,,,,,,,,
75,42c__42c_ale3,-1.0689758845000012,,1.0,131.0,-1.0689758845000012,,,,,,,,,,
76,42c__42c_ale4,-0.7259757165000007,,1.0,132.0,-0.7259757165000007,,,,,,,,,,
77,42c__42c_ale5,0.8676286134999991,,1.0,133.0,0.8676286134999991,,,,,,,,,,
78,42c__42c_ale6,-1.9442095765000005,,1.0,134.0,-1.9442095765000005,,,,,,,,,,
79,42c__42c_ale8,-0.7093397595000024,,1.0,135.0,-0.7093397595000024,,,,,,,,,,
80,42c__42c_ale9,-0.2092196504999997,,1.0,136.0,-0.2092196504999997,,,,,,,,,,
81,42c__42c_ale10,0.0972431424999982,,1.0,137.0,0.0972431424999982,,,,,,,,,,
82,ssw__wt_ac,-0.26057051450000124,,1.0,138.0,-0.26057051450000124,,,,,,,,,,
83,ssw__wt_glc,1.5184683074999992,,1.0,139.0,1.5184683074999992,,,,,,,,,,
84,ssw__wt_glyc,-1.448387970500001,,1.0,140.0,-1.448387970500001,,,,,,,,,,
85,ssw__wt_xyl,-0.7294773055000014,,1.0,141.0,-0.7294773055000014,,,,,,,,,,
86,ssw__glc_ale1,0.10997592749999896,,1.0,142.0,0.10997592749999896,,,,,,,,,,
87,ssw__glc_ale2,0.4837279654999982,,1.0,143.0,0.4837279654999982,,,,,,,,,,
88,ssw__glc_ale3,-0.03541577250000038,,1.0,144.0,-0.03541577250000038,,,,,,,,,,
89,ssw__glyc_ale1,-0.3545680485000009,,1.0,145.0,-0.3545680485000009,,,,,,,,,,
90,ssw__glyc_ale2,-0.030139551500001364,,1.0,146.0,-0.030139551500001364,,,,,,,,,,
91,ssw__xyl_ale1,3.0772423574999994,,1.0,147.0,3.0772423574999994,,,,,,,,,,
92,ssw__xyl_ale2,2.215035327499999,,1.0,148.0,2.215035327499999,,,,,,,,,,
93,ssw__xyl_ale3,2.4627118875,,1.0,149.0,2.4627118875,,,,,,,,,,
94,ssw__glc_ac_ac2,1.6164796874999985,,1.0,150.0,1.6164796874999985,,,,,,,,,,
95,ssw__glc_ac_glc1,2.5455241274999985,,1.0,151.0,2.5455241274999985,,,,,,,,,,
96,ssw__glc_glyc_glc,1.1834118684999986,,1.0,152.0,1.1834118684999986,,,,,,,,,,
97,ssw__glc_glyc_glyc,1.3923906434999989,,1.0,153.0,1.3923906434999989,,,,,,,,,,
98,ssw__glc_xyl_glc,1.6418755974999986,,1.0,154.0,1.6418755974999986,,,,,,,,,,
99,ssw__glc_xyl_xyl,1.7699344474999992,,1.0,155.0,1.7699344474999992,,,,,,,,,,
100,ica__wt_glc,0.5823561846666657,1.1991056322782117,6.0,156.0,-0.0023672905000005073,157.0,0.0967694314999985,158.0,-1.1343889115000012,159.0,2.357742097499999,180.0,1.1059276544999983,181.0,1.0704541264999996
101,ica__arg_sbt,0.14521100849999957,0.913300088731049,2.0,160.0,-0.5005896775000007,161.0,0.7910116944999999,,,,,,,,
102,ica__cytd_rib,0.4083111309999996,0.058951879134932696,2.0,162.0,0.36662585749999893,163.0,0.4499964045000002,,,,,,,,
103,ica__gth,-3.6047619650000007,1.5757676452066782,2.0,164.0,-2.490525977500001,165.0,-4.7189979525000005,,,,,,,,
104,ica__leu_glcr,0.9969035519999992,0.06536897216915025,2.0,166.0,0.9506807084999984,167.0,1.0431263955,,,,,,,,
105,ica__met_glc,0.8723542144999987,0.10105522235282942,2.0,168.0,0.9438110474999988,169.0,0.8008973814999987,,,,,,,,
106,ica__no3_anaero,1.957438312499999,0.24751188880739497,2.0,170.0,1.7824209774999993,171.0,2.1324556474999987,,,,,,,,
107,ica__phe_acgam,0.39015843599999833,0.14355686892107503,2.0,172.0,0.4916684714999988,173.0,0.28864840049999785,,,,,,,,
108,ica__thm_gal,0.16743970649999884,0.2898822730225279,2.0,174.0,0.3724174274999985,175.0,-0.037538014500000834,,,,,,,,
109,ica__tyr_glcn,0.6497000574999987,0.07985163415524323,2.0,176.0,0.7061636894999985,177.0,0.5932364254999989,,,,,,,,
110,ica__ura_pyr,1.9413767774999986,0.17337428131332963,2.0,178.0,2.063970907499998,179.0,1.818782647499999,,,,,,,,
111,ica__bw_delpurR_cytd,1.4701324374999993,0.2534373799941282,2.0,182.0,1.2909251474999994,183.0,1.6493397274999992,,,,,,,,
112,ica__ade_glc,1.6018648424999995,0.07207667406961886,2.0,184.0,1.6528307474999997,185.0,1.5508989374999995,,,,,,,,
113,ytf__wt_glc,1.4566611569999992,0.04745372466050141,2.0,186.0,1.490216007499999,187.0,1.4231063064999994,,,,,,,,
114,ytf__delyafC,0.9055452854999988,0.08398760778442019,2.0,188.0,0.8461570784999992,189.0,0.9649334924999984,,,,,,,,
115,ytf__delyeiE,1.382815633999999,0.21885116593044435,2.0,190.0,1.2280644904999996,191.0,1.5375667774999986,,,,,,,,
116,ytf__delyiaJ,1.4509164284999985,0.04157402358759801,2.0,192.0,1.4215191544999983,193.0,1.4803137024999984,,,,,,,,
117,ytf__delyieP,1.0951005169999997,0.03829510368230538,2.0,194.0,1.1221792444999998,195.0,1.0680217894999997,,,,,,,,
118,ytf__wt_ph5,1.6313319524999992,0.09864749830704496,2.0,196.0,1.5615776374999992,197.0,1.7010862674999991,,,,,,,,
119,ytf__wt_ph8,1.545524306999999,0.21781498155278994,2.0,198.0,1.6995427574999995,199.0,1.3915058564999985,,,,,,,,
120,ytf__delybaO,0.9772510229999991,0.09483370020504538,2.0,200.0,1.0443085754999988,201.0,0.9101934704999994,,,,,,,,
121,ytf__delybaQ,1.6608074674999989,0.006428378458445664,2.0,202.0,1.6562619174999984,203.0,1.6653530174999993,,,,,,,,
122,ytf__delybiH,0.9603737309999989,0.1674891001628719,2.0,204.0,1.0788064094999985,205.0,0.8419410524999993,,,,,,,,
123,ytf__delydcI_ph5,1.458289291999999,0.09697076498819515,2.0,206.0,1.3897206064999992,207.0,1.5268579774999989,,,,,,,,
124,ytf__delydcI_ph8,1.713880272499999,0.12070519937141319,2.0,208.0,1.7992317374999995,209.0,1.6285288074999986,,,,,,,,
125,ytf__delyddM,1.8409737324999993,0.014539522563689214,2.0,210.0,1.8512547274999989,211.0,1.8306927375,,,,,,,,
126,ytf__delyheO,0.9086848729999986,0.11089061876683362,2.0,212.0,0.9870963814999988,213.0,0.8302733644999982,,,,,,,,
127,fps__bw_glc,1.5399831214999988,0.9216843952569339,2.0,214.0,0.8882538354999987,215.0,2.191712407499999,,,,,,,,
128,fps__fps_thrA_ale1,2.341569282499999,0.1219742297694713,2.0,216.0,2.4278180874999986,217.0,2.2553204775,,,,,,,,
129,fps__fps_thrA_ale2,2.784148532499999,0.037593933062547796,2.0,218.0,2.8107314574999998,219.0,2.7575656074999984,,,,,,,,
130,fps__fps_serB_ale1,1.642595299499999,0.8680213432121959,2.0,220.0,2.2563790774999983,221.0,1.0288115214999998,,,,,,,,
131,fps__fps_serB_ale4,2.6076554824999985,0.7421936247299906,2.0,222.0,2.0828453374999985,223.0,3.1324656274999985,,,,,,,,
132,fps__fps_ptsI_ale1,3.0047952674999996,0.11747234252316713,2.0,224.0,3.0878607575,225.0,2.9217297774999995,,,,,,,,
133,fps__fps_ptsI_ale3,2.9704519975,0.03467981166698852,2.0,226.0,2.9949743275,227.0,2.9459296675,,,,,,,,
134,pal__lyx_ale2_f6,0.8795111704999989,,1.0,228.0,0.8795111704999989,,,,,,,,,,
135,pal__lyx_ale2,0.22530804349999925,0.20309216064795838,2.0,229.0,0.08170019950000018,230.0,0.3689158874999983,,,,,,,,
136,pal__lyx_ale4,0.259478431999999,0.3313641301909453,2.0,231.0,0.4937882554999984,232.0,0.025168608499999582,,,,,,,,
137,pal__5drib_ale10_f18,-0.04293994750000163,0.105296096687209,2.0,233.0,0.031515636499998216,234.0,-0.11739553150000147,,,,,,,,
138,pal__5drib_ale10,0.3592856564999991,,1.0,235.0,0.3592856564999991,,,,,,,,,,
139,pal__arab_ale14_f9,0.22233705999999875,1.3343023806344878,2.0,236.0,1.165831321499999,237.0,-0.7211572015000014,,,,,,,,
140,pal__arab_ale14,0.5234163349999985,0.5632163657541468,2.0,238.0,0.9216704464999984,239.0,0.1251622234999985,,,,,,,,
141,pal__arab_ale16,1.0025865884999998,0.14031045330029912,2.0,240.0,1.1018010614999998,241.0,0.9033721155,,,,,,,,
142,pal__tartr_ale26_f10,-1.762014959000001,0.33699277653672305,2.0,242.0,-1.5237250815000012,243.0,-2.0003048365000007,,,,,,,,
143,pal__tartr_ale26,-1.9549910380000006,0.19595139968463224,2.0,244.0,-1.8164324745000016,245.0,-2.0935496014999995,,,,,,,,
144,pal__tartr_ale28_f10,-0.7717798335000001,0.30014627726220017,2.0,246.0,-0.9840153014999996,247.0,-0.5595443655000008,,,,,,,,
145,pal__tartr_ale28,1.4791635349999988,0.6199125990058298,2.0,248.0,1.0408191324999994,249.0,1.917507937499998,,,,,,,,
146,efeU__delmenFentC_citr,1.1547775139999992,0.526570206094191,2.0,250.0,1.5271188774999995,251.0,0.7824361504999988,,,,,,,,
147,efeU__delmenFentC,2.133941372499999,0.07378924426724695,2.0,252.0,2.1861182475,253.0,2.0817644974999983,,,,,,,,
148,efeU__menFentC_ale39,0.4162185264999998,0.06416432879326413,2.0,254.0,0.4615895585000001,255.0,0.3708474944999995,,,,,,,,
149,efeU__menFentC_ale29,-1.233083778500002,0.6875204395356296,2.0,256.0,-0.7469334135000025,257.0,-1.7192341435000014,,,,,,,,
150,efeU__menFentC_ale30,1.3039135519999991,0.34582955786346276,2.0,258.0,1.5484519774999992,259.0,1.059375126499999,,,,,,,,
151,efeU__menFentCubiC_ale36,0.02880922149999867,0.1992175266140414,2.0,260.0,-0.11205884250000152,261.0,0.16967728549999886,,,,,,,,
152,efeU__menFentCubiC_ale37,0.7141030054999993,0.007280710830351072,2.0,262.0,0.7192512454999989,263.0,0.7089547654999997,,,,,,,,
153,efeU__menFentCubiC_ale38,1.9738317074999987,0.3232174348780628,2.0,264.0,2.2023809474999982,265.0,1.7452824674999992,,,,,,,,
154,misc2__salc_glc,0.626022889499998,2.1102712315897514,2.0,266.0,2.1182099874999984,267.0,-0.8661642085000025,,,,,,,,
155,misc2__dbcn_glc,-3.3842177880000017,0.5161409142302021,2.0,268.0,-3.0192510475000014,269.0,-3.7491845285000016,,,,,,,,
156,misc2__tyr_glc,1.5537356699999991,0.1468695397401403,2.0,270.0,1.449883222499999,271.0,1.6575881174999996,,,,,,,,
157,misc2__arg_cytd,0.8803469124999994,0.021833469018771774,2.0,272.0,0.8649083184999995,273.0,0.8957855064999993,,,,,,,,
158,misc2__delyheO_pyr,1.1932839039999994,0.06868655738034316,2.0,274.0,1.241852634499999,275.0,1.1447151734999998,,,,,,,,
159,misc2__dellon_glc,-1.2698451895000011,0.9168255194952915,2.0,276.0,-1.918138731500001,277.0,-0.6215516475000014,,,,,,,,
160,nquinone__delubiC,1.6453734974999987,0.068092035433751,2.0,278.0,1.5972251574999987,279.0,1.6935218374999987,,,,,,,,
161,nquinone__ubiC_ale1,1.772358077499999,0.19954812166166205,2.0,280.0,1.6312562474999996,281.0,1.9134599074999985,,,,,,,,
162,nquinone__ubiC_ale2,1.6874191124999989,0.2833390519375375,2.0,282.0,1.887770077499999,283.0,1.4870681474999987,,,,,,,,
163,nquinone__ubiC_ale3,1.0279374519999989,0.007734321951802891,2.0,284.0,1.0334064434999988,285.0,1.0224684604999992,,,,,,,,
164,nquinone__ubiC_ale4,2.0242160774999993,0.14611436737550135,2.0,286.0,2.127534537499999,287.0,1.9208976175,,,,,,,,
165,nquinone__delpdhR,2.5260699324999987,0.09827244887030319,2.0,288.0,2.5955590474999983,289.0,2.456580817499999,,,,,,,,
166,quinone__glu_ale4,0.6520483734999996,0.014376869619241022,2.0,290.0,0.6622143554999997,291.0,0.6418823914999994,,,,,,,,
167,quinone__delmenF,1.2256603444999987,0.017228608640348565,2.0,292.0,1.213477878499999,293.0,1.2378428104999983,,,,,,,,
168,quinone__menF_ale5,-0.015433697000000662,0.6075950972766219,2.0,294.0,0.4142009164999987,295.0,-0.4450683105,,,,,,,,
169,quinone__menF_ale6,0.24880513849999897,0.0405106382262839,2.0,296.0,0.2774504854999993,297.0,0.22015979149999865,,,,,,,,
170,quinone__menF_ale7,0.076129203999999,0.0220492631591473,2.0,298.0,0.09172038749999878,299.0,0.060538020499999234,,,,,,,,
171,quinone__menF_ale8,0.5630256704999992,0.26299773661898773,2.0,300.0,0.7489931534999991,301.0,0.3770581874999994,,,,,,,,
172,quinone__delmenFubiC,1.115117120499999,0.2590472201279523,2.0,302.0,0.9319430744999996,303.0,1.2982911664999983,,,,,,,,
173,quinone__menFubiC_ale1,-0.18554149200000136,0.005195134027474183,2.0,304.0,-0.18921500650000134,305.0,-0.1818679775000014,,,,,,,,
174,quinone__menFubiC_ale2,-0.17983282150000157,0.2997844040532202,2.0,306.0,0.032146763499998336,307.0,-0.3918124065000015,,,,,,,,
175,quinone__menFubiC_ale3,0.5611847769999985,0.02976291425841638,2.0,308.0,0.5822303354999985,309.0,0.5401392184999985,,,,,,,,
176,quinone__menFubiC_ale4,-0.174739766500001,0.008119680298307822,2.0,310.0,-0.16899828550000073,311.0,-0.18048124750000127,,,,,,,,
177,oxyR__wt_glc,0.5426615439999987,0.05519105110901761,2.0,312.0,0.5816875104999983,313.0,0.503635577499999,,,,,,,,
178,oxyR__wt_h2o2,0.10192201949999903,0.20665823308155834,2.0,314.0,-0.04420741850000098,315.0,0.24805145749999905,,,,,,,,
179,oxyR__glu_ale4,-0.21540376500000136,0.28951913338530233,2.0,316.0,-0.010682822500001521,317.0,-0.4201247075000012,,,,,,,,
180,oxyR__glu_ale4_h2o2,-0.36899995450000134,0.00277330249429791,2.0,318.0,-0.37096097550000096,319.0,-0.3670389335000017,,,,,,,,
181,oxyR__oxyR_ale17,-0.587461460500001,0.6713806310885257,2.0,320.0,-0.11272366350000065,321.0,-1.0621992575000014,,,,,,,,
182,oxyR__oxyR_ale17_h2o2,0.13624088899999887,0.18267856133870358,2.0,322.0,0.26541413849999884,323.0,0.007067639499998891,,,,,,,,
183,oxyR__oxyR_ale18,0.1337613994999991,0.6217074050150032,2.0,324.0,-0.30585212250000104,325.0,0.5733749214999992,,,,,,,,
184,oxyR__oxyR_ale18_h2o2,0.2874672889999994,0.10982044376620649,2.0,326.0,0.3651220694999999,327.0,0.20981250849999888,,,,,,,,
185,oxyR__oxyR_ale19,0.673987295499999,0.11360186627712057,2.0,328.0,0.7543159454999984,329.0,0.5936586454999997,,,,,,,,
186,oxyR__oxyR_ale19_h2o2,0.6450524324999991,0.018509402466821163,2.0,330.0,0.6581405564999994,331.0,0.6319643084999989,,,,,,,,
187,oxyR__oxyR_ale20,0.15515127149999852,0.020538968634454056,2.0,332.0,0.1696745154999988,333.0,0.14062802749999825,,,,,,,,
188,oxyR__oxyR_ale20_h2o2,0.37792866349999965,0.0305253698229011,2.0,334.0,0.3995133595000002,335.0,0.3563439674999991,,,,,,,,
189,svns_pgi__BmePgi24_15,0.9312832839999992,0.010750207326882609,2.0,336.0,0.9388848284999992,337.0,0.9236817394999992,,,,,,,,
190,svns_pgi__BmePgi24_26,0.7939315684999988,0.07384356421017635,2.0,338.0,0.7417162834999989,339.0,0.8461468534999987,,,,,,,,
191,svns_pgi__BmePgi24_41,1.0997931004999986,0.1542318245300902,2.0,340.0,1.208851469499999,341.0,0.990734731499998,,,,,,,,
192,svns_pgi__BmePgi24_52,0.45272509299999797,0.014905107376165641,2.0,342.0,0.4632645954999983,343.0,0.4421855904999976,,,,,,,,
193,svns_pgi__PaePgi2_34,0.9039316994999992,0.2797002733704831,2.0,344.0,0.7061537394999995,345.0,1.1017096594999989,,,,,,,,
194,svns_pgi__PaePgi2_63,1.1890509074999995,0.1952926837560178,2.0,346.0,1.3271436884999996,347.0,1.0509581264999994,,,,,,,,
195,svns_pgi__PaePgi24_54,0.25016276349999966,0.706788723142156,2.0,348.0,-0.24961233550000014,349.0,0.7499378624999995,,,,,,,,
196,svns_pgi__PaePgi24_90,1.0503170039999992,0.0252359162360978,2.0,350.0,1.0681614914999995,351.0,1.0324725164999986,,,,,,,,
197,abx_media__m9_ctrl,1.8943844609999987,1.2208126544217934,2.0,352.0,2.757629367499998,353.0,1.0311395544999993,,,,,,,,
198,abx_media__rpmi_ctrl,0.39189040599999947,1.680721290079759,2.0,354.0,1.5803398274999996,355.0,-0.7965590155000006,,,,,,,,
199,abx_media__camhb_ctrl,1.9330464124999998,0.2628170453805513,2.0,356.0,2.1188861275,357.0,1.7472066974999994,,,,,,,,
200,abx_media__m9_mero,1.0468323844999992,0.16186929053053875,2.0,358.0,0.9323735114999998,359.0,1.1612912574999985,,,,,,,,
201,abx_media__rpmi_mero,-1.1363912195000019,0.31895038486485694,2.0,360.0,-1.3619231995000014,361.0,-0.9108592395000024,,,,,,,,
202,abx_media__camhb_mero,-0.3987909430000012,0.34698343450799274,2.0,362.0,-0.1534366035000012,363.0,-0.6441452825000011,,,,,,,,
203,abx_media__m9_trisulf,-0.37785199100000133,0.28638182080533015,2.0,364.0,-0.1753494635000017,365.0,-0.580354518500001,,,,,,,,
204,abx_media__rpmi_trisulf,-1.057671314500001,0.1460950958872878,2.0,366.0,-0.9543664815000009,367.0,-1.160976147500001,,,,,,,,
205,abx_media__camhb_trisulf,-0.019316667500000946,0.14442680047365777,2.0,368.0,-0.12144183750000083,369.0,0.08280850249999894,,,,,,,,
206,abx_media__m9_cef,-0.37585229100000106,0.1681190615942322,2.0,370.0,-0.4947304195000015,371.0,-0.2569741625000006,,,,,,,,
207,abx_media__rpmi_cef,1.0741185979999992,0.38874355021562357,2.0,372.0,0.7992353974999986,373.0,1.3490017984999998,,,,,,,,
208,abx_media__camhb_cef,-0.1308658945000003,0.3365007497180634,2.0,374.0,-0.36880785650000014,375.0,0.10707606749999954,,,,,,,,
209,abx_media__m9_cipro,-0.42396190050000104,0.7779036952198092,2.0,376.0,-0.9740228785000014,377.0,0.12609907749999927,,,,,,,,
210,abx_media__rpmi_cipro,-0.2699323480000011,0.021019097674413834,2.0,378.0,-0.2847950945000015,379.0,-0.2550696015000007,,,,,,,,
211,abx_media__camhb_cipro,-0.6067306735000018,0.6026963272574942,2.0,380.0,-1.0329013335000026,381.0,-0.18056001350000092,,,,,,,,
212,hot_tale__42c_ale3_30c,0.3348037909999979,0.05589344714482837,2.0,382.0,0.2952811554999979,383.0,0.3743264264999979,,,,,,,,
213,hot_tale__42c_ale3_37c,-1.7715258805000005,0.17119194331140966,2.0,384.0,-1.8925768645000012,385.0,-1.6504748964999996,,,,,,,,
214,hot_tale__42c_ale3_44c,1.055525435999999,0.021733194913239398,2.0,386.0,1.0708931254999996,387.0,1.0401577464999985,,,,,,,,
215,hot_tale__hot_ale3_mid_30c,1.0410687449999987,0.19358502724341312,2.0,388.0,1.1779540304999987,389.0,0.9041834594999988,,,,,,,,
216,hot_tale__hot_ale3_mid_37c,-0.24059961050000067,1.856851918173882,2.0,390.0,-1.5535921935000008,391.0,1.0723929724999994,,,,,,,,
217,hot_tale__hot_ale3_mid_44c,1.8716865474999986,0.0011659342293622993,2.0,392.0,1.8725109874999983,393.0,1.8708621074999991,,,,,,,,
218,hot_tale__hot_ale3_30c,0.9491939099999991,0.3881529166492201,2.0,394.0,1.2236594694999994,395.0,0.6747283504999988,,,,,,,,
219,hot_tale__hot_ale3_37c,0.8378872124999992,0.20343887914440606,2.0,396.0,0.9817402234999992,397.0,0.6940342014999992,,,,,,,,
220,hot_tale__hot_ale3_44c,1.3827304249999983,0.35653847368985797,2.0,398.0,1.6348411974999983,399.0,1.1306196524999983,,,,,,,,
221,hot_tale__hot_ale4_30c,0.610562687499999,0.08762405997016405,2.0,400.0,0.5486031204999993,401.0,0.6725222544999987,,,,,,,,
222,hot_tale__hot_ale4_37c,0.5669121604999985,0.46198021245368087,2.0,402.0,0.8935815014999982,403.0,0.2402428194999988,,,,,,,,
223,hot_tale__hot_ale4_44c,1.4261866344999987,0.0059598664757930485,2.0,404.0,1.421972372499999,405.0,1.4304008964999984,,,,,,,,
224,hot_tale__hot_ale8_30c,-0.36357513200000113,0.14971590757813835,2.0,406.0,-0.4694402655000012,407.0,-0.2577099985000011,,,,,,,,
225,hot_tale__hot_ale8_37c,-0.23694997400000073,0.11544810299091518,2.0,408.0,-0.3185841104999998,409.0,-0.15531583750000166,,,,,,,,
226,hot_tale__hot_ale8_44c,0.03212011749999899,0.19570422697373527,2.0,410.0,-0.10626366850000046,411.0,0.17050390349999844,,,,,,,,
227,hot_tale__hot_ale9_mid_30c,1.0780523999999987,0.21963091803390405,2.0,412.0,1.233354911499999,413.0,0.9227498884999984,,,,,,,,
228,hot_tale__hot_ale9_30c,0.34895062049999925,0.16659247250087156,2.0,414.0,0.2311519534999995,415.0,0.46674928749999894,,,,,,,,
229,hot_tale__hot_ale9_mid_37c,1.1608691314999993,0.3424126474840347,2.0,416.0,0.9187468264999996,417.0,1.4029914364999991,,,,,,,,
230,hot_tale__hot_ale9_37c,1.1958958934999986,0.0879311748300101,2.0,418.0,1.1337191634999986,419.0,1.2580726234999986,,,,,,,,
231,hot_tale__hot_ale9_mid_44c,1.3686250049999984,0.19160537857189144,2.0,420.0,1.5041104674999983,421.0,1.2331395424999982,,,,,,,,
232,hot_tale__hot_ale9_44c,1.1211368029999988,0.0050668111172516815,2.0,422.0,1.124719579499999,423.0,1.1175540264999988,,,,,,,,
233,hot_tale__hot_ale10_30c,0.9991053684999986,0.13300513232553557,2.0,424.0,0.9050565374999984,425.0,1.093154199499999,,,,,,,,
234,hot_tale__hot_ale10_37c,1.1727685889999995,0.17197431948813188,2.0,426.0,1.2943727964999994,427.0,1.0511643814999996,,,,,,,,
235,hot_tale__hot_ale10_44c,2.281278022499998,0.21772753295005215,2.0,428.0,2.1273214074999984,429.0,2.435234637499997,,,,,,,,
236,hot_tale__hot_ale16_30c,0.9597707854999991,0.25942565236353654,2.0,430.0,1.1432124234999996,431.0,0.7763291474999985,,,,,,,,
237,hot_tale__hot_ale16_37c,1.2888415864999994,0.02296293350878858,2.0,432.0,1.3050788324999996,433.0,1.2726043404999992,,,,,,,,
238,hot_tale__hot_ale16_44c,1.682401657499999,0.145212240544065,2.0,434.0,1.5797210974999985,435.0,1.7850822174999994,,,,,,,,
239,pdhr_ale__pdhR-13_51,2.737824592499998,0.12989809664372043,2.0,436.0,2.829676417499998,437.0,2.6459727674999978,,,,,,,,
240,pdhr_ale__pdhR-14_46,2.3673851574999984,0.5872579941931693,2.0,438.0,2.7826392674999987,439.0,1.9521310474999984,,,,,,,,
241,pdhr_ale__pdhR-15_51,3.113027367499999,0.009904430541945605,2.0,440.0,3.1060238774999984,441.0,3.1200308575,,,,,,,,
242,pdhr_ale__pdhR-16_49,2.924260962499999,0.5158381657547306,2.0,442.0,3.2890136274999997,443.0,2.559508297499999,,,,,,,,
243,tcs__del_atoC_LiAcet,-0.6877669970000011,0.40427270124649484,2.0,444.0,-0.40190302850000137,445.0,-0.9736309655000008,,,,,,,,
244,tcs__del_atoC_LiCl,0.26202969849999924,0.014343560647206278,2.0,446.0,0.2721721274999993,447.0,0.2518872694999992,,,,,,,,
245,tcs__del_atoC_m9,-0.4901317055000005,0.33868992827098643,2.0,448.0,-0.25064176050000064,449.0,-0.7296216505000004,,,,,,,,
246,tcs__del_baeR_etoh,-1.4850435575000012,1.7561599846578084,2.0,450.0,-0.24325092350000155,451.0,-2.726836191500001,,,,,,,,
247,tcs__del_baeR_lb,0.8852586279999991,0.1741364568635286,2.0,452.0,0.7621255584999993,453.0,1.008391697499999,,,,,,,,
248,tcs__del_btsR_01xlb,0.17967041249999838,0.137477999909541,2.0,454.0,0.2768820384999984,455.0,0.08245878649999837,,,,,,,,
249,tcs__del_btsR_lb,0.5539825334999993,0.06389922880414206,2.0,456.0,0.5087989554999996,457.0,0.5991661114999989,,,,,,,,
250,tcs__del_btsR_pyruvate,-0.2277302765000009,0.13102946042255137,2.0,458.0,-0.1350784565000005,459.0,-0.3203820965000013,,,,,,,,
251,tcs__del_cpxR_etoh,0.027779356999999123,0.18389733765782387,2.0,460.0,-0.1022556975000004,461.0,0.15781441149999864,,,,,,,,
252,tcs__del_cpxR_lb,0.7909022534999988,0.22164492148838846,2.0,462.0,0.9476288804999982,463.0,0.6341756264999994,,,,,,,,
253,tcs__del_cusR_CuSO4,-0.45391240200000116,0.9422886390396794,2.0,464.0,0.21238628449999908,465.0,-1.1202110885000014,,,,,,,,
254,tcs__del_cusR_lb,-0.6988654725000015,0.9083406185445017,2.0,466.0,-1.3411592835000017,467.0,-0.056571661500001376,,,,,,,,
255,tcs__del_kdpE_01-kcl,2.383478777499999,0.012919434861974112,2.0,468.0,2.3926141974999986,469.0,2.374343357499999,,,,,,,,
256,tcs__del_kdpE_115-kcl,1.230296608499999,0.18573579336860013,2.0,470.0,1.3616316474999994,471.0,1.0989615694999983,,,,,,,,
257,tcs__del_phoB_m9,1.0359008449999987,0.08576363869433973,2.0,472.0,0.975256794499998,473.0,1.0965448954999992,,,,,,,,
258,tcs__del_phoB_m9p,-1.463175037500001,0.24521868636167862,2.0,474.0,-1.636570833500001,475.0,-1.289779241500001,,,,,,,,
259,tcs__del_rcsB_etoh,-1.0741407190000007,0.05693647348769843,2.0,476.0,-1.1144008855000005,477.0,-1.0338805525000012,,,,,,,,
260,tcs__del_rcsB_lb,0.7672811589999986,0.021372950878282445,2.0,478.0,0.7823941174999991,479.0,0.7521682004999981,,,,,,,,
261,tcs__del_zraR_lb,0.30488125249999865,0.1092505729762186,2.0,480.0,0.2276294314999987,481.0,0.3821330734999986,,,,,,,,
262,tcs__del_zraR_zncl2,1.126432026999999,0.07255462380647942,2.0,482.0,1.1777358934999995,483.0,1.0751281604999985,,,,,,,,
263,tcs__wt_01-kcl,1.5777012874999992,0.12726069441591206,2.0,484.0,1.4877143874999987,485.0,1.6676881874999996,,,,,,,,
264,tcs__wt_01xlb,0.4159928804999984,0.035588811576340536,2.0,486.0,0.3908277904999977,487.0,0.4411579704999991,,,,,,,,
265,tcs__wt_115-kcl,1.7292330724999987,0.058364558363798044,2.0,488.0,1.7705030474999983,489.0,1.687963097499999,,,,,,,,
266,tcs__wt_CuSO4,0.5761418364999988,0.13985989334460805,2.0,490.0,0.4772459574999992,491.0,0.6750377154999985,,,,,,,,
267,tcs__wt_etoh,0.06123172599999905,0.000530504741264262,2.0,492.0,0.061606849499998624,493.0,0.060856602499999475,,,,,,,,
268,tcs__wt_lb,1.1333357999999993,0.24475203053432726,2.0,494.0,0.9602699794999996,495.0,1.306401620499999,,,,,,,,
269,tcs__wt_LiAcet,-0.032874260500001196,0.8490129383183199,2.0,496.0,-0.6332170665000012,497.0,0.5674685454999988,,,,,,,,
270,tcs__wt_LiCl,-0.12799574500000066,0.1838845644809293,2.0,498.0,-0.2580217675000007,499.0,0.0020302774999994,,,,,,,,
271,tcs__wt_m9p,-1.7926065705000012,1.060744019087721,2.0,500.0,-1.042547281500001,501.0,-2.5426658595000013,,,,,,,,
272,tcs__wt_pyr,-0.47231566550000137,0.1365795585186457,2.0,502.0,-0.3757393335000021,503.0,-0.5688919975000006,,,,,,,,
273,tcs__wt_zncl2,0.980635004999999,0.04299192754026231,2.0,504.0,0.9502351214999988,505.0,1.0110348884999991,,,,,,,,
274,ros_tale__0_0_0pq,0.6973419949999986,0.11813521906808354,2.0,506.0,0.7808762094999988,507.0,0.6138077804999984,,,,,,,,
275,ros_tale__0_0_250pq,0.7848251089999989,0.10308429849546259,2.0,508.0,0.8577167154999987,509.0,0.7119335024999991,,,,,,,,
276,ros_tale__1_mid_250pq,1.1366115949999989,0.06672725924198337,2.0,510.0,1.0894282974999996,511.0,1.183794892499998,,,,,,,,
277,ros_tale__1_0_0pq,1.2112172699999988,0.07155180355518585,2.0,512.0,1.2618120354999984,513.0,1.1606225044999992,,,,,,,,
278,ros_tale__1_0_250pq,0.991249216499999,0.22687729388028133,2.0,514.0,1.151675689499999,515.0,0.8308227434999989,,,,,,,,
279,ros_tale__1_0_750pq,-0.2172965110000007,0.7778979386635032,2.0,516.0,0.33276039649999944,517.0,-0.7673534185000008,,,,,,,,
280,ros_tale__1_1_0pq,1.4291786029999987,0.3397571072601827,2.0,518.0,1.6694231574999991,519.0,1.1889340484999984,,,,,,,,
281,ros_tale__1_1_250pq,1.290834574499999,0.7893001847096673,2.0,520.0,1.8489540874999992,521.0,0.7327150614999987,,,,,,,,
282,ros_tale__1_1_750pq,1.5666041009999985,0.21186552086038687,2.0,522.0,1.7164156474999979,523.0,1.4167925544999989,,,,,,,,
283,ros_tale__1_2_0pq,1.7295926574999987,0.0007170487025307643,2.0,524.0,1.7290856274999982,525.0,1.7300996874999992,,,,,,,,
284,ros_tale__1_2_250pq,1.6963487074999986,0.16404817926558377,2.0,526.0,1.8123482874999992,527.0,1.580349127499998,,,,,,,,
285,ros_tale__1_2_750pq,1.6261678209999983,0.3805684709294364,2.0,528.0,1.3570652744999985,529.0,1.8952703674999984,,,,,,,,
286,ros_tale__1_3_0pq,1.2643300899999996,0.02665458032855111,2.0,530.0,1.2831777244999998,531.0,1.2454824554999997,,,,,,,,
287,ros_tale__1_3_250pq,-2.2625014460000012,1.21880509759825,4.0,532.0,-1.8226604035000011,533.0,-1.7367588615000011,534.0,-1.418564892500001,535.0,-4.0720216265000015,,,,
288,ros_tale__1_3_750pq,0.16995379399999866,0.9254903374025951,2.0,536.0,-0.4844666995000022,537.0,0.8243742874999995,,,,,,,,
289,ros_tale__1_4_0pq,-0.4186477675000009,0.45497825584439516,2.0,538.0,-0.7403659775000007,539.0,-0.0969295575000011,,,,,,,,
290,ros_tale__1_4_250pq,-0.41758800900000104,0.06481892936041359,2.0,540.0,-0.4634219135000013,541.0,-0.3717541045000008,,,,,,,,
291,ros_tale__1_4_750pq,-0.707145036250001,1.4993090909994853,4.0,542.0,0.1785279564999982,543.0,0.6495804884999998,544.0,-2.7240247335000007,545.0,-0.9326638565000014,,,,
292,ros_tale__2_mid_250pq,1.624519447499999,0.061387560061524356,2.0,546.0,1.6679270074999994,547.0,1.5811118874999988,,,,,,,,
293,ros_tale__2_0_0pq,0.8039613814999989,0.08383377246153303,2.0,548.0,0.8632408104999989,549.0,0.7446819524999988,,,,,,,,
294,ros_tale__2_0_250pq,0.49251263399999967,0.1567151729390151,2.0,550.0,0.3816982724999996,551.0,0.6033269954999998,,,,,,,,
295,ros_tale__2_0_750pq,-0.20293601000000103,0.300356167060954,2.0,552.0,0.00944787249999912,553.0,-0.4153198925000012,,,,,,,,
296,ros_tale__2_1_0pq,1.4561193269999988,0.08406310345412722,2.0,554.0,1.3966777364999992,555.0,1.5155609174999984,,,,,,,,
297,ros_tale__2_1_250pq,0.7046375879999989,0.777312127565347,2.0,556.0,0.15499491149999933,557.0,1.2542802644999984,,,,,,,,
298,ros_tale__2_1_750pq,1.4052242374999995,0.45554814810045435,3.0,558.0,0.8835951074999997,559.0,1.7247874474999991,560.0,1.6072901574999996,,,,,,
299,ros_tale__2_2_0pq,1.7691192924999992,0.21818091567601378,2.0,561.0,1.9233964974999989,562.0,1.6148420874999996,,,,,,,,
300,ros_tale__2_2_250pq,0.9641923684999991,0.23065888114707792,2.0,563.0,0.8010919094999984,564.0,1.1272928274999998,,,,,,,,
301,ros_tale__2_2_750pq,0.45023199049999896,0.03712643082837901,2.0,565.0,0.4239796394999989,566.0,0.4764843414999991,,,,,,,,
302,ros_tale__2_3_0pq,1.4652909769999987,0.1750869936394198,2.0,567.0,1.5890961774999983,568.0,1.341485776499999,,,,,,,,
303,ros_tale__2_3_250pq,0.6839581444999991,0.17446480260447902,2.0,569.0,0.8073233894999987,570.0,0.5605928994999996,,,,,,,,
304,ros_tale__2_3_750pq,1.359042711499999,0.3348176998143384,2.0,571.0,1.1222908454999985,572.0,1.5957945774999995,,,,,,,,
305,ros_tale__3_0_0pq,0.9313645984999991,0.39341247800395385,2.0,573.0,1.2095492294999983,574.0,0.6531799674999998,,,,,,,,
306,ros_tale__3_0_250pq,-0.9325427950000003,0.016153357320140456,2.0,575.0,-0.9211206464999996,576.0,-0.9439649435000009,,,,,,,,
307,ros_tale__3_0_750pq,-1.4579430845000014,1.1854364253068308,2.0,577.0,-2.2961732195000017,578.0,-0.6197129495000011,,,,,,,,
308,ros_tale__3_1_0pq,1.0017542694999984,0.6558554426840545,2.0,579.0,0.5379944384999984,580.0,1.4655141004999983,,,,,,,,
309,ros_tale__3_1_250pq,0.9851338149999984,0.27668169462567493,2.0,581.0,1.1807773174999987,582.0,0.7894903124999981,,,,,,,,
310,ros_tale__3_1_750pq,0.3910925764999993,0.3589645195794496,2.0,583.0,0.6449188224999993,584.0,0.13726633049999926,,,,,,,,
311,ros_tale__3_2_0pq,0.9084902357499991,0.3577512373759705,4.0,585.0,0.6098916174999989,586.0,0.6014137944999991,587.0,1.118916648499999,588.0,1.3037388824999994,,,,
312,ros_tale__3_2_250pq,-0.118391990000001,0.5927862320831253,2.0,589.0,-0.5375551545000015,590.0,0.30077117449999946,,,,,,,,
313,ros_tale__3_2_750pq,0.7803521134999984,0.4368691719822483,2.0,591.0,1.0892652674999983,592.0,0.4714389594999986,,,,,,,,
314,ros_tale__3_3_0pq,1.1335581107499988,0.20139895827412232,4.0,593.0,1.4190950604999983,594.0,1.0686443784999984,595.0,0.9470816254999992,596.0,1.0994113784999993,,,,
315,ros_tale__3_3_250pq,1.375720724499999,0.01770541498554496,2.0,597.0,1.3882403434999997,598.0,1.3632011054999982,,,,,,,,
316,ros_tale__3_3_750pq,0.693766823999999,0.27564567571100607,2.0,599.0,0.4988558974999986,600.0,0.8886777504999994,,,,,,,,
317,ros_tale__3_4_0pq,1.0002366034999985,0.09749942983761593,2.0,601.0,1.069179111499999,602.0,0.9312940954999984,,,,,,,,
318,ros_tale__3_4_250pq,2.261227022499999,0.2737080171614704,2.0,603.0,2.0676862274999994,604.0,2.4547678174999987,,,,,,,,
319,ros_tale__3_4_750pq,0.5307299379999995,0.4962899986776079,2.0,605.0,0.1797999145000002,606.0,0.8816599614999987,,,,,,,,
320,pcoli__atASMT_325G,0.4368568429999993,0.6037557719127166,2.0,607.0,0.8637766434999996,608.0,0.009937042499998938,,,,,,,,
321,pcoli__bpTDC,-1.012830531500001,0.2393914179637063,2.0,609.0,-0.8435552365000012,610.0,-1.1821058265000008,,,,,,,,
322,pcoli__BRCA,0.13438321399999875,0.16578403943926226,2.0,611.0,0.25161023249999914,612.0,0.017156195499998358,,,,,,,,
323,pcoli__BRCActrl,-0.8797826650000009,0.3447577423751025,2.0,613.0,-0.6360021275000012,614.0,-1.1235632025000006,,,,,,,,
324,pcoli__BRCAswap,0.36770000949999915,0.37068234667494926,2.0,615.0,0.10558800849999984,616.0,0.6298120104999985,,,,,,,,
325,pcoli__btAANAT,0.2746506764999985,0.20050860460153766,2.0,617.0,0.1328696824999991,618.0,0.416431670499998,,,,,,,,
326,pcoli__btASMT,0.9962485354999995,0.022899300969548828,2.0,619.0,0.9800562844999998,620.0,1.0124407864999991,,,,,,,,
327,pcoli__CC1,0.8687901179999988,0.8559315814853258,2.0,621.0,1.4740251434999987,622.0,0.263555092499999,,,,,,,,
328,pcoli__ccCOMT,0.6148126599999983,0.18692331486088545,2.0,623.0,0.4826379164999981,624.0,0.7469874034999986,,,,,,,,
329,pcoli__ckDDC,0.20475578349999868,0.8664016698750548,2.0,625.0,0.8173942794999984,626.0,-0.4078827125000011,,,,,,,,
330,pcoli__CNTF_belt,0.5614065094999994,1.2615512207408184,2.0,627.0,-0.3306449135000005,628.0,1.4534579324999992,,,,,,,,
331,pcoli__cobPNMT,0.9635944314999988,0.0017082299762051388,2.0,629.0,0.9648023324999996,630.0,0.962386530499998,,,,,,,,
332,pcoli__cvPhhB,0.25123262549999925,0.004101169833407436,2.0,631.0,0.25413259049999937,632.0,0.24833266049999916,,,,,,,,
333,pcoli__ggAANAT,0.30613213349999935,0.4446853719495659,2.0,633.0,-0.008307908500000849,634.0,0.6205721754999995,,,,,,,,
334,pcoli__ggTPH,0.5859011654999993,0.09314511011968987,2.0,635.0,0.5200376264999989,636.0,0.6517647044999997,,,,,,,,
335,pcoli__hsAANAT,-0.8769554680000011,0.6760784569167917,2.0,637.0,-0.39889580650000056,638.0,-1.3550151295000017,,,,,,,,
336,pcoli__hsASMT,0.9796536569999992,0.03729605231015729,2.0,639.0,0.9532813654999988,640.0,1.0060259484999996,,,,,,,,
337,pcoli__hsPNMT_mb,0.1117650794999987,0.1442502090403372,2.0,641.0,0.009764778499999238,642.0,0.21376538049999816,,,,,,,,
338,pcoli__hsTPH,0.4440134219999985,0.2580436736779974,2.0,643.0,0.6264778534999991,644.0,0.2615489904999979,,,,,,,,
339,pcoli__hsTPH_E2K,-0.7590189120000015,0.6716267615240276,2.0,645.0,-0.2841070745000014,646.0,-1.2339307495000016,,,,,,,,
340,pcoli__hsTPH_E2K_N91I_P99C,-0.38592486250000135,0.7208782556782205,2.0,647.0,-0.8956627655000009,648.0,0.1238130404999982,,,,,,,,
341,pcoli__hsTPH_N158trunc,-0.5913868434999996,0.20977556989496154,2.0,649.0,-0.4430531154999997,650.0,-0.7397205714999995,,,,,,,,
342,pcoli__hsTPH_N174trunc,0.6482802504999992,1.387931643581685,2.0,651.0,1.629696127499999,652.0,-0.3331356265000007,,,,,,,,
343,pcoli__hsTPH_Ntermtrunc,0.021450320499999176,0.8454783519354739,2.0,653.0,-0.5763931555000008,654.0,0.6192937964999992,,,,,,,,
344,pcoli__hsTPH1,0.0957898939999984,0.3400841328327715,2.0,655.0,-0.1446859025000009,656.0,0.3362656904999977,,,,,,,,
345,pcoli__MBP,-0.4814534635000003,1.2481229447680353,2.0,657.0,0.4011027345000002,658.0,-1.3640096615000008,,,,,,,,
346,pcoli__msCOMT,-0.4269477500000014,0.47697787727907603,2.0,659.0,-0.08967345850000186,660.0,-0.764222041500001,,,,,,,,
347,pcoli__ocAANAT,0.06632925299999926,0.09516166481544078,2.0,661.0,0.1336187114999987,662.0,-0.0009602055000001997,,,,,,,,
348,pcoli__osTDC_K374H,-1.3974498335000014,0.5845404187842952,2.0,663.0,-1.8107823275000008,664.0,-0.9841173395000018,,,,,,,,
349,pcoli__osTDC_K374L,-0.07831449100000132,0.653236885559071,2.0,665.0,0.3835937404999985,666.0,-0.5402227225000011,,,,,,,,
350,pcoli__osTDC_K374Q,-0.12899765400000174,0.005305626533102878,2.0,667.0,-0.13274929850000206,668.0,-0.12524600950000142,,,,,,,,
351,pcoli__osTDC_L360V,0.8609581619999993,0.04277779156528794,2.0,669.0,0.8307096954999995,670.0,0.8912066284999991,,,,,,,,
352,pcoli__pmTPH,-1.6715500695000012,0.9492984339276344,2.0,671.0,-1.0002947095000012,672.0,-2.342805429500001,,,,,,,,
353,pcoli__RFC,-0.23005980250000135,0.8180123573831227,2.0,673.0,-0.808481887500001,674.0,0.34836228249999834,,,,,,,,
354,pcoli__RFCctrl,-0.21314513150000014,0.29925499886299994,2.0,675.0,-0.001539892500000306,676.0,-0.4247503705,,,,,,,,
355,pcoli__RFCnopause,-0.24920883650000158,0.5295686011830371,2.0,677.0,0.12525271249999825,678.0,-0.6236703855000014,,,,,,,,
356,pcoli__RFCpluspause,-2.2643119365000013,0.27599435784298276,2.0,679.0,-2.0691544545000013,680.0,-2.459469418500001,,,,,,,,
357,pcoli__rnCOMT_sol,0.1030769024999989,0.5661936070365282,2.0,681.0,-0.2972824365000015,682.0,0.5034362414999993,,,,,,,,
358,pcoli__rnPNMT,0.602818920999999,0.1648806058744926,2.0,683.0,0.7194071154999993,684.0,0.4862307264999988,,,,,,,,
359,pcoli__rnTDC,-0.3687805915000011,0.020852757168100415,2.0,685.0,-0.3540354655000009,686.0,-0.3835257175000013,,,,,,,,
360,pcoli__rnTDC_trunc,-0.5451520415000006,0.3789184902885465,2.0,687.0,-0.8130878755000008,688.0,-0.2772162075000004,,,,,,,,
361,pcoli__saCOMT_T2A,0.780077788499999,0.05297883006741622,2.0,689.0,0.8175394784999988,690.0,0.7426160984999992,,,,,,,,
362,pcoli__sfCOMT,0.6319457594999989,0.3400404060565304,2.0,691.0,0.8723906364999987,692.0,0.39150088249999904,,,,,,,,
363,pcoli__sgAANAT_D63G,0.10119712249999946,0.006730800957690382,2.0,693.0,0.09643772749999968,694.0,0.10595651749999924,,,,,,,,
364,pcoli__ssDDC,-0.946864666000002,0.40805399011423005,2.0,695.0,-0.6583269225000015,696.0,-1.2354024095000025,,,,,,,,
365,pcoli__TP53B,0.9308328149999987,0.7182262863436137,2.0,697.0,0.4229701374999984,698.0,1.438695492499999,,,,,,,,
366,pcoli__WT,-1.853301992500001,0.3835129745820618,2.0,699.0,-2.124486617500001,700.0,-1.582117367500001,,,,,,,,
367,cck__glu_ale4,0.5971751204999993,0.412446119538853,2.0,701.0,0.30553167249999896,702.0,0.8888185684999996,,,,,,,,
368,cck__cck_ale1,0.49269317749999875,0.37360441736494315,2.0,703.0,0.7568713944999992,704.0,0.2285149604999983,,,,,,,,
369,cck__cck_ale2,0.932613706499999,0.13464401351128133,2.0,705.0,0.8374060114999988,706.0,1.0278214014999991,,,,,,,,
370,cck_pgi__gmos_delpgi,-0.2233383795000008,1.155674933040151,2.0,707.0,0.5938472024999992,708.0,-1.0405239615000008,,,,,,,,
371,cck_pgi__pgi_ale1,0.5129535309999991,0.4755155917692914,2.0,709.0,0.17671323149999907,710.0,0.8491938304999991,,,,,,,,
372,cck_pgi__pgi_ale2,0.9527740364999993,,1.0,711.0,0.9527740364999993,,,,,,,,,,
373,cck_pgi__pgi_ale3,0.3679573854999987,0.10301672807855917,2.0,712.0,0.2951135584999989,713.0,0.4408012124999985,,,,,,,,
374,cck_pgi__pgi_ale4,1.557049787833332,0.30819318631432535,3.0,714.0,1.258270798499998,715.0,1.5390135474999995,716.0,1.8738650174999985,,,,,,
375,cck_pgi__pgi_ale5,0.27469277399999914,0.5833628604265562,2.0,717.0,-0.13780706050000013,718.0,0.6871926084999984,,,,,,,,
376,cck_pgi__pgi_ale6,0.9175545649999988,0.032919573279921614,2.0,719.0,0.8942769114999987,720.0,0.9408322184999988,,,,,,,,
377,cck_pgi__pgi_ale7,0.9228259204999985,0.04352195427734337,2.0,721.0,0.9536005894999988,722.0,0.8920512514999981,,,,,,,,
378,cck_pgi__pgi_ale8,0.6297439734999992,0.14123368726915603,2.0,723.0,0.5298766754999988,724.0,0.7296112714999996,,,,,,,,
379,cck_sdh__gmos_delsdhCB,-0.6932803220000019,0.09132351607721932,2.0,725.0,-0.6287048445000014,726.0,-0.7578557995000024,,,,,,,,
380,cck_sdh__sdh_ale1,0.36510696149999866,0.24127160923802818,2.0,727.0,0.5357117524999992,728.0,0.19450217049999807,,,,,,,,
381,cck_sdh__sdh_ale2,0.8265797794999994,,1.0,729.0,0.8265797794999994,,,,,,,,,,
382,cck_sdh__sdh_ale3,0.41073032449999874,0.48121194880427676,3.0,730.0,-0.11544929150000095,731.0,0.5191715034999991,732.0,0.8284687614999982,,,,,,
383,cck_pts__gmos_delptsHIcrr,-0.6220228510000014,2.511458060860391,2.0,733.0,1.1538461744999982,734.0,-2.397891876500001,,,,,,,,
384,cck_pts__pts_ale1,-3.154994477000001,0.25155614715151814,2.0,735.0,-3.3328715345000006,736.0,-2.9771174195000016,,,,,,,,
385,cck_pts__pts_ale2,-2.638877335000001,0.5696020745609889,2.0,737.0,-2.2361078455000003,738.0,-3.0416468245000017,,,,,,,,
386,cck_pts__pts_ale3,-3.097820768500001,0.5622846061988307,2.0,739.0,-3.4954160265000014,740.0,-2.7002255105,,,,,,,,
387,cck_pts__pts_ale4,-2.4608569160000013,1.1588931902546862,2.0,741.0,-3.2803181495000016,742.0,-1.641395682500001,,,,,,,,
388,cck_gnd__gmos_delgnd,-0.25499759100000124,0.2446830635815309,2.0,743.0,-0.08198053750000156,744.0,-0.42801464450000093,,,,,,,,
389,cck_gnd__gnd_ale1,0.09281604099999896,0.16316974970370343,2.0,745.0,-0.022562395500001383,746.0,0.2081944774999993,,,,,,,,
390,cck_gnd__gnd_ale2,0.3442479049999987,0.11882987652728004,2.0,747.0,0.42827331649999856,748.0,0.2602224934999988,,,,,,,,
391,cck_gnd__gnd_ale3,-0.1698156035000009,0.10221753053861812,2.0,749.0,-0.2420943125000008,750.0,-0.09753689450000104,,,,,,,,
392,cck_tpiA__gmos_deltpiA,-0.22373389650000025,1.724080545450711,2.0,751.0,-1.4428429414999997,752.0,0.9953751484999992,,,,,,,,
393,cck_tpiA__tpiA_ale1,-2.726307864500001,0.30144667067443437,2.0,753.0,-2.9394628495000017,754.0,-2.5131528795000007,,,,,,,,
394,cck_tpiA__tpiA_ale2,-0.5753626580000013,1.624746821932835,2.0,755.0,-1.724232153500001,756.0,0.5735068374999983,,,,,,,,
395,cck_tpiA__tpiA_ale3,1.0604912339999997,0.08296913996716733,2.0,757.0,1.0018231924999998,758.0,1.1191592754999995,,,,,,,,
396,cck_tpiA__tpiA_ale4,0.4377708069999988,0.14124458307754698,2.0,759.0,0.3378958044999987,760.0,0.537645809499999,,,,,,,,
397,acid_tale__acid_ale1_pH7,0.5963788449999985,0.07409464156471976,2.0,761.0,0.6487716684999985,762.0,0.5439860214999985,,,,,,,,
398,acid_tale__acid_ale1_pH5,0.28976170199999896,0.27135148976796475,2.0,763.0,0.097887223499999,764.0,0.4816361804999989,,,,,,,,
399,acid_tale__acid_ale2_pH7,-0.667008414500001,0.01663604184400676,2.0,765.0,-0.6552449565000007,766.0,-0.6787718725000014,,,,,,,,
400,acid_tale__acid_ale2_pH5,-0.9056713340000004,1.40701394042709,2.0,767.0,0.08923776449999997,768.0,-1.9005804325000009,,,,,,,,
401,acid_tale__low_Mg_ale_pH7,0.5542422244999994,0.16647945420982127,2.0,769.0,0.6719609754999993,770.0,0.4365234734999994,,,,,,,,
402,acid_tale__low_Mg_ale_pH5,0.5647602669999987,0.36858364172757313,2.0,771.0,0.8253882594999986,772.0,0.3041322744999988,,,,,,,,
403,acid_tale__MES_ale_pH7,0.23487088549999857,0.004979233821081497,2.0,773.0,0.23135003549999844,774.0,0.2383917354999987,,,,,,,,
404,acid_tale__MES_ale_pH5,0.8397224494999991,0.16543255575021626,2.0,775.0,0.7227439674999996,776.0,0.9567009314999986,,,,,,,,
405,acid_tale__gmos_pH7,0.24010216049999933,0.10715424885737326,2.0,777.0,0.16433266449999984,778.0,0.3158716564999988,,,,,,,,
406,acid_tale__gmos_pH5,0.6506790804999998,0.24656014005048088,2.0,779.0,0.4763347334999999,780.0,0.8250234274999997,,,,,,,,
407,adnB__wt_adn,2.0205680819999996,1.0089583560531312,2.0,781.0,2.7340093775,782.0,1.3071267864999996,,,,,,,,
408,adnB__delydhB_adn,2.349909447499999,0.001865050703922034,2.0,783.0,2.348590657499999,784.0,2.351228237499999,,,,,,,,
409,ytf2__wt_glc,1.5848206099999986,1.0255368167777315,2.0,785.0,0.8596565724999987,786.0,2.3099846474999985,,,,,,,,
410,ytf2__ybcM_glc,1.0261412584999992,0.17549239987738555,2.0,787.0,1.1502331244999997,788.0,0.9020493924999986,,,,,,,,
411,ytf2__ydhB_glc,1.4026331924999997,0.12448523666014388,2.0,789.0,1.4906575474999997,790.0,1.3146088374999998,,,,,,,,
412,ytf2__yfeC_glc,1.3189221699999996,0.1171249063133371,2.0,791.0,1.2361023544999998,792.0,1.4017419854999993,,,,,,,,
413,ytf2__yciT_glc,2.4550549724999993,0.5072777047875167,2.0,793.0,2.0963554674999987,794.0,2.8137544775,,,,,,,,
414,ytf2__ydiZ_glc,2.2882579474999996,0.24363658302203434,2.0,795.0,2.4605350274999993,796.0,2.1159808675,,,,,,,,
415,ytf2__ynfL_glc,1.912603482499999,0.19185938900536237,2.0,797.0,2.0482685574999984,798.0,1.7769384074999994,,,,,,,,
416,ytf3__wt_glc2,0.4972358359999989,0.4457928687532102,2.0,799.0,0.8124589964999984,800.0,0.18201267549999933,,,,,,,,
417,ytf3__wt_pH7_lactate,0.6966884399999991,0.1585157680314051,2.0,801.0,0.5846008654999988,802.0,0.8087760144999994,,,,,,,,
418,ytf3__wt_pH55_lactate,0.7077217409999994,0.1503375463626825,2.0,803.0,0.6014170424999996,804.0,0.8140264394999992,,,,,,,,
419,ytf3__wt_pH55_HCl,1.139817557499999,0.3754134044006107,2.0,805.0,0.8743601934999994,806.0,1.4052749214999984,,,,,,,,
420,ytf3__dyieP_pH7,0.878226656499999,0.09912411797605075,2.0,807.0,0.8081353204999981,808.0,0.9483179924999998,,,,,,,,
421,ytf3__dyieP_pH55,-0.4700811130000013,0.21275697745049887,2.0,809.0,-0.3196392115000002,810.0,-0.6205230145000025,,,,,,,,
422,minicoli__aldA_f1c2,-8.516405562500001,,1.0,811.0,-8.516405562500001,,,,,,,,,,
423,minicoli__aldA_minE,-8.516405562500001,,1.0,812.0,-8.516405562500001,,,,,,,,,,
424,minicoli__mg1655_glc,1.5155698052380817,0.10563377481921812,2.0,813.0,1.4408754467410798,814.0,1.5902641637350836,,,,,,,,
425,minicoli__minE_cyt,-8.09594871350878,0.5946157782360393,2.0,815.0,-7.675491864517562,816.0,-8.516405562500001,,,,,,,,
426,minicoli__minE_fruc,-8.516405562500001,0.0,2.0,817.0,-8.516405562500001,818.0,-8.516405562500001,,,,,,,,
427,minicoli__minE_glc,-8.19257692459753,0.45796285160648004,2.0,819.0,-8.516405562500001,820.0,-7.86874828669506,,,,,,,,
428,minicoli__minE_glyc,-8.516405562500001,0.0,2.0,821.0,-8.516405562500001,822.0,-8.516405562500001,,,,,,,,
429,minicoli__minE_Fe_starve,-8.516405562500001,0.0,2.0,823.0,-8.516405562500001,824.0,-8.516405562500001,,,,,,,,
430,minicoli__minE_LB,-8.516405562500001,0.0,2.0,825.0,-8.516405562500001,826.0,-8.516405562500001,,,,,,,,
431,minicoli__minE_N_starve,-8.516405562500001,0.0,2.0,827.0,-8.516405562500001,828.0,-8.516405562500001,,,,,,,,
432,minicoli__minE_osm,-8.516405562500001,0.0,2.0,829.0,-8.516405562500001,830.0,-8.516405562500001,,,,,,,,
433,minicoli__minE_ph5,-8.516405562500001,0.0,2.0,831.0,-8.516405562500001,832.0,-8.516405562500001,,,,,,,,
434,minicoli__minE-pyr,-7.3605788688582425,1.6345857859010278,2.0,833.0,-6.204752175216483,834.0,-8.516405562500001,,,,,,,,
435,minicoli__minE_sorb,-8.516405562500001,0.0,2.0,835.0,-8.516405562500001,836.0,-8.516405562500001,,,,,,,,
436,minicoli__minE_urid,-8.516405562500001,0.0,2.0,837.0,-8.516405562500001,838.0,-8.516405562500001,,,,,,,,
437,minicoli__W3110_cyt,1.7375542973218199,0.481339296215807,2.0,839.0,1.3971960169160624,840.0,2.0779125777275773,,,,,,,,
438,minicoli__W3110_glc,2.896552195013663,0.47614751147280043,2.0,841.0,3.2332393292211794,842.0,2.559865060806146,,,,,,,,
439,minicoli__W3110_glyc,1.334238517577755,1.5486030810574367,2.0,843.0,2.429266257559849,844.0,0.2392107775956607,,,,,,,,
440,minicoli__W3110_Fe_starve,1.0342457756398495,0.9432232133285238,2.0,845.0,0.3672862453226848,846.0,1.7012053059570142,,,,,,,,
441,minicoli__W3110_LB,0.3612885035401856,0.5837262713373201,2.0,847.0,0.7740453083595433,848.0,-0.051468301279172124,,,,,,,,
442,minicoli__W3110_N_starve,2.906454938531806,0.4476595851076579,2.0,849.0,3.2229980668245872,850.0,2.5899118102390246,,,,,,,,
443,minicoli__W3110_osm,0.968173352175131,0.21928425343028843,2.0,851.0,0.8131159695671446,852.0,1.1232307347831174,,,,,,,,
444,minicoli__W3110_ph5,1.2674142718416803,0.3460992174728543,2.0,853.0,1.5121433754800933,854.0,1.0226851682032674,,,,,,,,
445,minicoli__W3110_pyr,1.7181921899620525,1.2125681057602888,2.0,855.0,2.5756073201956795,856.0,0.8607770597284254,,,,,,,,
446,minicoli__W3110_sorb,3.299489763403723,0.08913659302894669,2.0,857.0,3.2364606740210893,858.0,3.3625188527863568,,,,,,,,
447,minicoli__W3110_urid,2.274696985116697,0.4588988649788721,2.0,859.0,2.5991874844220675,860.0,1.9502064858113268,,,,,,,,
448,minicoli__W3110_WT_glc,1.1265309970112094,1.8593550078369774,2.0,861.0,-0.18823153766348355,862.0,2.4412935316859024,,,,,,,,
449,minicoli__W3110_WT_osm,1.4050864916115637,0.526090941632449,2.0,863.0,1.7770889639606846,864.0,1.0330840192624429,,,,,,,,
450,eep__BOP27,0.5426615438013433,0.055191051464891,2.0,865.0,0.5816875105529835,866.0,0.5036355770497032,,,,,,,,
451,eep__BOP1000,-0.21540376478706766,0.28951913360607234,2.0,867.0,-0.010682822130959837,868.0,-0.4201247074431755,,,,,,,,
452,eep__BOP27_ndh-cydB-appC,-0.5291766116441812,0.04024171962140269,2.0,869.0,-0.5576318044750828,870.0,-0.5007214188132796,,,,,,,,
453,eep__BOP27_ndh-cydB-appC_A9_F46_I1_R1,-0.47442793010007644,0.03131087610588349,2.0,871.0,-0.4522877972807144,872.0,-0.4965680629194385,,,,,,,,
454,eep__BOP27_ndh-cydB-appC_A10_F48_I1_R1,-1.3126211073861325,0.13058181070743913,2.0,873.0,-1.2202858235352843,874.0,-1.404956391236981,,,,,,,,
455,eep__BOP27_ndh-cydB-appC_A11_F46_I1_R1,-2.8147706584661427,0.45357488531866175,2.0,875.0,-3.135496535650879,876.0,-2.4940447812814064,,,,,,,,
456,eep__BOP27_ndh-cydB-appC_A12_F46_I1_R1,-2.002551302444958,0.6589484790232318,2.0,877.0,-1.536604364475069,878.0,-2.4684982404148466,,,,,,,,
457,eep__BOP27_nuoB-cydB-appC,-0.9384733300713903,0.8017878996701507,2.0,879.0,-1.5054229910014731,880.0,-0.3715236691413075,,,,,,,,
458,eep__BOP27_nuoB_cydB-appC_A13_F59_I1_R1,-0.5310238495080073,0.2867538096661937,2.0,881.0,-0.3282582861619652,882.0,-0.7337894128540494,,,,,,,,
459,eep__BOP27_nuoB_cydB-appC_A14_F58_I1_R1,-1.9051392743292117,0.18281828395805,2.0,883.0,-2.0344113226408367,884.0,-1.7758672260175867,,,,,,,,
460,eep__BOP27_nuoB_cydB-appC_A15_F57_I1_R1,1.1856026842939817,0.28468026783801215,2.0,885.0,1.3869020321522427,886.0,0.9843033364357208,,,,,,,,
461,eep__BOP27_nuoB_cydB-appC_A16_F57_I1_R1,1.1388860152916953,0.17050688073474438,2.0,887.0,1.0183194436851917,888.0,1.259452586898199,,,,,,,,
462,eep__BOP27_ndh-cyoB,1.6299665556982061,0.12102138083973803,2.0,889.0,1.5443915166378677,890.0,1.7155415947585446,,,,,,,,
463,eep__BOP27_ndh-cyoB_A5_F59_I1_R1,1.123645875319391,0.0009328327500566307,2.0,891.0,1.124305487682669,892.0,1.1229862629561131,,,,,,,,
464,eep__BOP27_ndh-cyoB_A6_F58_I1_R1,1.6007980533598376,0.415243997206746,2.0,893.0,1.8944198996317356,894.0,1.3071762070879398,,,,,,,,
465,eep__BOP27_ndh-cyoB_A7_F56_I1_R1,0.7747432684948867,0.17620035978084223,2.0,895.0,0.6501507992463438,896.0,0.8993357377434297,,,,,,,,
466,eep__BOP27_ndh-cyoB_A8_F59_I1_R1,0.42007077238050705,0.35228921260096446,2.0,897.0,0.6691768635495183,898.0,0.17096468121149574,,,,,,,,
467,eep__BOP27_nuoB-cyoB,1.530928964577413,0.05701831423220118,2.0,899.0,1.5712470012228277,900.0,1.490610927931998,,,,,,,,
468,eep__BOP27_nuoB-cyoB_A9_F63_I1_R1,-1.580596256610693,0.09908608356298906,2.0,901.0,-1.5105318150020866,902.0,-1.6506606982192995,,,,,,,,
469,eep__BOP27_nuoB-cyoB_A10_F64_I1_R1,-2.2069467332926545,0.2139074321390601,2.0,903.0,-2.3582021291043853,904.0,-2.055691337480924,,,,,,,,
470,eep__BOP27_nuoB-cyoB_A11_F64_I1_R1,-1.5136577970847367,0.2245511577916864,2.0,905.0,-1.354876150686945,906.0,-1.6724394434825287,,,,,,,,
471,eep__BOP27_nuoB-cyoB_A12_F63_I1_R1,-2.093577239502342,0.008402992800205364,2.0,907.0,-2.0995190526936294,908.0,-2.0876354263110555,,,,,,,,
472,eep__BOP27_ndh-cydB,1.7112613394802434,0.031053422831285354,2.0,909.0,1.6893032536171884,910.0,1.7332194253432984,,,,,,,,
473,eep__BOP27_nuoB-cydB,1.2494079459086551,0.0013101727168614416,2.0,911.0,1.2484815138960368,912.0,1.2503343779212734,,,,,,,,
474,DDB2__PD-005_BW25113_Batch_6h,-1.3042250060747214,0.24798919269027594,2.0,913.0,-1.4795798458869929,914.0,-1.1288701662624498,,,,,,,,
475,DDB2__PD-003_BW25113_Batch_9h,-1.9549466337115429,0.8175961796882402,2.0,915.0,-1.3768188307817733,916.0,-2.5330744366413125,,,,,,,,
476,DDB2__PD-003_BW25113_Fed-batch_6h,-1.0418453268228318,0.6481863802451207,2.0,917.0,-0.583508341878745,918.0,-1.5001823117669186,,,,,,,,
477,DDB2__PD-005_BW25113_Fed-batch_6h,-1.786038715027196,0.5908482214617555,3.0,919.0,-1.772429559061348,920.0,-2.383573954106988,921.0,-1.202112631913252,,,,,,
478,DDB2__PD-005_BW25113_Fed-batch_15h,-1.956110527469835,0.13348473742883765,2.0,922.0,-2.050498490490672,923.0,-1.861722564448998,,,,,,,,
479,DDB2__PD-003_BW25113_Fed-batch_21h,-1.1037468848433445,0.3620055700073501,2.0,924.0,-0.8477702914638456,925.0,-1.3597234782228431,,,,,,,,
480,DDB2__PD-004_del-basS_Batch_6h,-0.8444618182828556,0.19074798704369092,2.0,926.0,-0.9793410134191332,927.0,-0.709582623146578,,,,,,,,
481,DDB2__PD-004_del-basS_Fed-batch_6h,-0.618151024795953,1.4296494299351525,2.0,928.0,0.3927637818306753,929.0,-1.6290658314225812,,,,,,,,
482,DDB2__PD-004_del-basS_Fed-batch_15h,-0.7546027001909574,0.6074381300945498,2.0,930.0,-0.32507907924982504,931.0,-1.1841263211320898,,,,,,,,
483,DDB2__PD-004_del-kdpE_Batch_6h,-1.5179610861288337,0.6136783046285832,2.0,932.0,-1.9518971767987687,933.0,-1.0840249954588987,,,,,,,,
484,DDB2__PD-004_del-kdpE_Fed-batch_6h,-0.4941338335490819,0.09341371645752372,2.0,934.0,-0.4280803611861295,935.0,-0.5601873059120344,,,,,,,,
485,DDB2__PD-004_del-kdpE_Fed-batch_15h,-1.283927207885025,0.6500171850584903,2.0,936.0,-0.8242956484423756,937.0,-1.7435587673276745,,,,,,,,
486,DDB2__PD-005_del-phoB_Batch_6h,-1.69957095780355,0.05161240828641125,3.0,938.0,-1.6971406671978757,939.0,-1.7523555800748634,940.0,-1.649216626137911,,,,,,
487,DDB2__PD-003_del-phoB_Batch_9h,-1.9054227154416998,0.33027026501815654,2.0,941.0,-1.6718863714230832,942.0,-2.1389590594603165,,,,,,,,
488,DDB2__PD-003_del-phoB_Fed-batch_6h,-0.7328684610932079,0.1798032746196681,2.0,943.0,-0.6057283463300935,944.0,-0.8600085758563223,,,,,,,,
489,DDB2__PD-005_del-phoB_Fed-batch_6h,-2.0303236176975537,0.5844082915461224,2.0,945.0,-2.4435626836314617,946.0,-1.6170845517636456,,,,,,,,
490,DDB2__PD-005_del-phoB_Fed-batch_15h,-1.7056467762378702,0.03718512174367693,2.0,947.0,-1.7319406279820715,948.0,-1.679352924493669,,,,,,,,
491,DDB2__PD-003_del-phoB_Fed-batch_21h,-0.9875128494499483,1.4477053752870297,2.0,949.0,0.03616943857572608,950.0,-2.0111951374756227,,,,,,,,
492,DDB2__PD-004_del-qseB_Batch_6h,-0.6734730512513636,,1.0,951.0,-0.6734730512513636,,,,,,,,,,
493,DDB2__PD-004_del-qseB_Fed-batch_6h,-1.835784084877425,0.3605053442654505,2.0,952.0,-1.5808683112933342,953.0,-2.090699858461516,,,,,,,,
494,DDB2__PD-004_del-qseB_Fed-batch_15h,-2.2956720318946426,1.9311233562476722,2.0,954.0,-0.9301616113841886,955.0,-3.6611824524050967,,,,,,,,
495,DDB2__PD-004_del-qseC_Batch_6h,-0.3189420151788265,0.5281237630162614,2.0,956.0,-0.6923819093133821,957.0,0.054497878955729114,,,,,,,,
496,DDB2__PD-004_del-qseC_Fed-batch_6h,-1.037793186830195,0.1894358036892969,2.0,958.0,-0.9038418454419695,959.0,-1.1717445282184205,,,,,,,,
497,DDB2__PD-004_del-qseC_Fed-batch_15h,-1.5052887629621172,0.7581187085630752,2.0,960.0,-0.9692178831927788,961.0,-2.0413596427314555,,,,,,,,
498,DDB2__PD-005_del-qseF_Batch_6h,-1.6072291549396023,0.4494116970745452,2.0,962.0,-1.2894470963936369,963.0,-1.9250112134855677,,,,,,,,
499,DDB2__PD-003_del-qseF_Batch_6h,-1.2439920556414594,0.7290625736604366,2.0,964.0,-1.759517145386071,965.0,-0.7284669658968479,,,,,,,,
500,DDB2__PD-003_del-qseF_Fed-batch_6h,-0.9841929484348713,0.4858922288446153,2.0,966.0,-0.6406152584929979,967.0,-1.3277706383767445,,,,,,,,
501,DDB2__PD-005_del-qseF_Fed-batch_6h,-1.7502370808666161,0.45851061184029296,3.0,968.0,-2.277815140359663,969.0,-1.4480029665666256,970.0,-1.5248931356735602,,,,,,
502,DDB2__PD-005_del-qseF_Fed-batch_15h,-1.774727933031295,0.35195294682719963,2.0,971.0,-2.0235962483913963,972.0,-1.5258596176711938,,,,,,,,
503,DDB2__PD-003_del-qseF_Fed-batch_21h,-0.5328765420099977,0.30850721564634764,2.0,973.0,-0.7510240862385107,974.0,-0.3147289977814847,,,,,,,,
504,DDB2__PD-005_MG1655-del-fhuA_Batch_6h,-1.7074001318366963,0.3087901252592062,3.0,975.0,-2.0145186713618117,976.0,-1.3969651358843729,977.0,-1.7107165882639042,,,,,,
505,DDB2__PD-005_MG1655-del-fhuA_Fed-batch_6h,-1.4150011995271736,0.06944501333282443,2.0,978.0,-1.464106239374404,979.0,-1.3658961596799433,,,,,,,,
506,DDB2__PD-005_MG1655-del-fhuA_Fed-batch_15h,-2.3244031306242308,0.31444559684271833,2.0,980.0,-2.546749744465968,981.0,-2.1020565167824934,,,,,,,,
507,DDB3__PD-009_del-arcA_Batch_6h,-2.5008478090854753,0.03437358678170751,2.0,982.0,-2.4765420127784257,983.0,-2.525153605392525,,,,,,,,
508,DDB3__PD-009_del-arcA_Fed-batch_6h,-1.9108159173880441,1.4408891893914664,2.0,984.0,-2.9296784341451376,985.0,-0.8919534006309506,,,,,,,,
509,DDB3__PD-009_del-arcA_Fed-batch_15h,-1.4124938739508346,0.09870862356426487,2.0,986.0,-1.3426963368669527,987.0,-1.4822914110347165,,,,,,,,
510,DDB3__PD-006_del-baeR_Batch_12h,-2.257733898605828,0.2586713009446207,2.0,988.0,-2.0748256676095407,989.0,-2.4406421296021157,,,,,,,,
511,DDB3__PD-009_del-baeR_Batch_12h,-2.6397322156723773,0.017587517300193912,2.0,990.0,-2.6272959629251744,991.0,-2.65216846841958,,,,,,,,
512,DDB3__PD-006_del-baeR_Fed-batch_12h,-2.0152844394996214,0.20940790402717133,2.0,992.0,-1.8672106905279469,993.0,-2.163358188471296,,,,,,,,
513,DDB3__PD-009_del-baeR_Fed-batch_12h,-1.0225633217429935,0.8592521942685613,2.0,994.0,-0.4149802684262731,995.0,-1.6301463750597138,,,,,,,,
514,DDB3__PD-009_del-baeR_Fed-batch_18h,-1.9329439368653207,,1.0,996.0,-1.9329439368653207,,,,,,,,,,
515,DDB3__PD-006_del-lsrB_Batch_6h,-1.6218747030324518,0.11705832777826174,2.0,997.0,-1.7046474403988183,998.0,-1.5391019656660854,,,,,,,,
516,DDB3__PD-006_del-lsrB_Fed-batch_6h,-2.096848813161262,0.5498416311644786,3.0,999.0,-1.9115551389827024,1000.0,-1.6635911816503288,1001.0,-2.715400118850754,,,,,,
517,DDB3__PD-006_del-lsrB_Fed-batch_15h,-2.485536627918054,0.12075446708801746,2.0,1002.0,-2.570922930454559,1003.0,-2.4001503253815493,,,,,,,,
518,DDB3__PD-009_del-lsrK_Batch_6h,-3.4064742364904848,1.730010152354121,2.0,1004.0,-2.1831723262393137,1005.0,-4.629776146741656,,,,,,,,
519,DDB3__PD-009_del-lsrK_Fed-batch_6h,-2.3044670369217797,0.4646378621119578,2.0,1006.0,-2.633015620017165,1007.0,-1.9759184538263943,,,,,,,,
520,DDB3__PD-009_del-lsrK_Fed-batch_15h,-1.8853864970725551,1.5685494768783133,3.0,1008.0,-0.7003106687761083,1009.0,-3.6641132335866984,1010.0,-1.2917355888548585,,,,,,
521,DDB3__PD-006_del-lsrR_Batch_6h,-2.3276550234644064,0.2516220362225646,2.0,1011.0,-2.149731375355464,1012.0,-2.5055786715733492,,,,,,,,
522,DDB3__PD-006_del-lsrR_Fed-batch_6h,-2.313257596690122,0.743971108637431,2.0,1013.0,-1.787190580765721,1014.0,-2.839324612614523,,,,,,,,
523,DDB3__PD-006_del-lsrR_Fed-batch_15h,-2.049474684866504,0.5830617965174629,3.0,1015.0,-1.6800429709966327,1016.0,-2.7216340925317253,1017.0,-1.7467469910711542,,,,,,
524,DDB3__PD-009_del-luxS_Batch_6h,-1.808121460053695,0.5713591473322661,2.0,1018.0,-1.4041095324820858,1019.0,-2.212133387625304,,,,,,,,
525,DDB3__PD-009_del-luxS_Fed-batch_6h,-2.047770896575405,0.18112215819591782,2.0,1020.0,-2.175843602858881,1021.0,-1.9196981902919288,,,,,,,,
526,DDB3__PD-009_del-luxS_Fed-batch_15h,-0.8115439369173925,0.22013136666696922,2.0,1022.0,-0.9672003190394688,1023.0,-0.6558875547953162,,,,,,,,
527,DDB3__PD-006_del-rpoS_Batch_9h,-1.6293634278814675,0.0016029146764179733,2.0,1024.0,-1.628229996044109,1025.0,-1.630496859718826,,,,,,,,
528,DDB3__PD-006_del-rpoS_Fed-batch_6h,-1.824462162861627,0.17168449682046272,3.0,1026.0,-1.836456949702419,1027.0,-1.9898347209058285,1028.0,-1.6470948179766338,,,,,,
529,DDB3__PD-006_del-rpoS_Fed-batch_15h,-1.2436984212066933,0.28441477979561935,2.0,1029.0,-1.4448100406698543,1030.0,-1.042586801743532,,,,,,,,
530,DDB3__PD-009_del-tnaA_Batch_6h,-2.30440616955251,,1.0,1031.0,-2.30440616955251,,,,,,,,,,
531,DDB3__PD-009_del-tnaA_Fed-batch_6h,-2.0917970944601105,,1.0,1032.0,-2.0917970944601105,,,,,,,,,,
532,DDB3__PD-009_del-tnaA_Fed-batch_15h,-2.1561449684379577,1.1123585684456385,2.0,1033.0,-1.369588681579086,1034.0,-2.942701255296829,,,,,,,,
