locus,58
b0002,0.0079798679021
b0003,0.000446316839231
b0004,0.0038898961032399993
b0005,-0.0127289511886
b0006,-0.0047365348159
b0007,-0.00784916778587
b0008,-0.00572923392112
b0009,-0.00952944597823
b0010,-0.0035343189094399997
b0011,-0.00454887060982
b0014,0.00039259151588199996
b0015,-0.00319913246554
b0016,-0.00343744212083
b0018,-0.00853859558272
b0019,-0.00019138508416099997
b0020,0.000568196515376
b0021,0.012041649320200002
b0022,-0.00126405428034
b0023,0.00526971006335
b0025,-0.008228156754550001
b0026,-0.00155249720284
b0027,-0.00679795044123
b0028,-0.00598864533399
b0029,-0.005609881674439999
b0030,-0.0038967097328500002
b0031,0.00480611684264
b0032,0.0014892422290299998
b0033,0.0036647473790999995
b0034,-0.000516559931101
b0036,-0.000368591767643
b0037,-0.0111722324871
b0038,0.003571997942050001
b0039,0.00042006117281800004
b0040,-0.0028804795175300002
b0041,0.00709476369755
b0042,-0.00113243151055
b0043,0.004518240208220001
b0045,0.00239472303515
b0046,-0.000654969079872
b0047,-0.00702847375372
b0048,0.0051742108427
b0049,-0.00244994742433
b0050,-0.00241187091493
b0051,-0.00324894827122
b0052,0.000533216308886
b0053,0.00033656481497500005
b0054,-0.0043819992140799995
b0055,-0.00154665388203
b0058,-0.0026462573125200003
b0059,-0.00643246317804
b0060,-0.0047059047094700004
b0061,-0.004561300331420001
b0062,-0.024058883821700003
b0063,-0.0233779980331
b0064,0.00506745598301
b0065,-0.00706343951903
b0066,0.0023982613264799998
b0067,0.00626163733718
b0068,0.0038502227526199997
b0069,-0.0020479527522000002
b0070,-0.00524385735316
b0071,-0.00053054102564
b0072,0.000540856382559
b0073,-0.000684357527273
b0074,-0.0065627842388799994
b0076,-0.0026822235424899996
b0077,-0.0034735452909899996
b0078,-0.000257636192852
b0080,0.015471169601200001
b0081,-0.0087101374275
b0082,-0.0039743993961200005
b0083,-0.000287332301852
b0084,-0.000525030702338
b0085,-0.0047678472426499995
b0086,-0.007140655804069998
b0087,-0.0015446120798900001
b0088,-0.000968650264518
b0089,-0.0019271573541900001
b0090,-0.0059030480675500005
b0091,-0.00191513499619
b0092,-0.0038022860184899997
b0093,-0.0030058908487
b0094,-0.00248984404153
b0095,-0.0010244349289
b0096,-0.00451739751771
b0097,-0.00500971562496
b0098,-0.00451299790177
b0099,-0.0238106552904
b0101,-0.00260515423534
b0102,-0.00732532827011
b0103,-0.0019867765897699998
b0104,0.00300681869367
b0106,0.00346950974079
b0107,0.000602582945777
b0109,-0.00404236356684
b0110,-0.00455336102258
b0111,-0.0008516197447220001
b0112,0.0027125118064899997
b0113,-0.0038865038084299995
b0114,0.00510874840627
b0115,0.0037503810166399994
b0116,0.0072075734523
b0117,0.00194599794939
b0118,0.0014925686559
b0119,-0.0088441183054
b0120,0.00204665312701
b0121,0.0015600313971700001
b0122,0.00038429079224199994
b0123,-0.0038960758899
b0124,-0.013371774603899999
b0125,0.00116403097968
b0126,-0.00782119716233
b0127,0.00013166223897399999
b0128,-0.0055582418408799995
b0129,-0.00992067413413
b0130,-0.00984755671698
b0131,-0.0108855864786
b0132,-0.0029253926649099996
b0133,8.51836285149e-06
b0134,0.000943351129483
b0135,-0.00481586320947
b0137,-0.0031327206160800002
b0139,-0.00393992697088
b0142,-0.00476642102685
b0143,-0.0006563204799939999
b0144,0.005746624099310001
b0145,-0.00164644559575
b0146,-0.0105650792666
b0147,-0.008182903181499999
b0148,-0.0035138322510599998
b0149,-0.00118992273171
b0150,0.0040352995876199995
b0151,0.0078768131302
b0152,0.00907802266873
b0153,0.00375644743798
b0154,0.006487456113119999
b0155,-0.00249755631262
b0156,-0.0106338964977
b0157,0.0024616152609999997
b0158,0.00522776718044
b0159,-0.011626918823899999
b0160,-0.0060298004496000005
b0161,-0.0005708519560619999
b0162,0.00455196753612
b0163,-0.000547162129253
b0164,0.0019414953164200001
b0166,-0.000571911450337
b0167,0.00388716290938
b0168,-0.0100468195866
b0169,-0.00225166324489
b0170,-0.00413838665744
b0171,-0.0060094080831
b0172,-0.0005420679566970001
b0173,-0.00335134723448
b0174,-0.0008871019228169998
b0175,-0.0057796057094600005
b0176,-0.0029933139776799995
b0177,-0.00356769673096
b0178,-0.00344040281316
b0179,-0.00285548779618
b0180,-0.006431714186310001
b0181,-0.00137474658449
b0182,0.00205100552048
b0183,-0.00184857921678
b0184,-0.002566628011
b0185,-0.0011604235704
b0186,-0.0053035755655500005
b0187,0.0069659114989
b0188,-0.0015892198733400001
b0189,-0.00570216023945
b0190,-0.00791381895938
b0191,-0.00197953539406
b0192,-0.005299231159579999
b0193,0.013268084533
b0194,-0.0074715524948500015
b0195,0.000141755037843
b0196,0.007494089336919999
b0197,-0.000952003411917
b0198,-0.006430331739319999
b0199,0.000253072839912
b0200,0.0034643184591500002
b0207,0.0171626183125
b0208,0.0102956473237
b0209,-0.00409160209606
b0210,-0.00948199861978
b0211,0.00153833634302
b0212,-0.000401295629504
b0213,-0.0033043563099499997
b0214,0.0009571094987219999
b0215,0.000206408909346
b0217,0.011124110656900001
b0219,-0.00366495013711
b0220,-0.0116657631564
b0221,-0.0035402250804400007
b0222,-0.00471856612811
b0223,0.00523521442876
b0224,0.004151322519309999
b0225,-0.006384002075100001
b0226,0.0014339903116600001
b0227,-0.005287181755979999
b0228,-0.0055110446225
b0229,-0.0029275899115800003
b0230,-0.013587586837599998
b0231,-0.00460834194835
b0232,-0.00239183106278
b0233,0.000365639676113
b0234,-0.013744041347799999
b0237,-0.00270684675714
b0238,-0.011511121620200002
b0239,-0.00578058647098
b0240_2,-0.0024543970335100004
b0241,0.00020605410702000002
b0242,0.00018574259030400001
b0243,-0.00345771955383
b0250,0.000994745227788
b0251,0.00689136870638
b0252,0.00269221281128
b0253,0.000677781377768
b0254,-0.0021370908021
b0258,-0.0008021397963710001
b0259,0.0051984348862
b0260,-0.00965414307135
b0261,-0.00755792130764
b0262,-0.0075477819354000004
b0264,-0.00530512184322
b0265,0.002965318555
b0266,0.015217153132799999
b0267,0.0037183080885900004
b0268,-0.012909166694200001
b0269,-0.00789138378457
b0270,0.00020532047741599998
b0271,0.00484673240802
b0272,-0.00712349142945
b0273,0.009102828428639999
b0274,0.0033468069968800003
b0275,0.0010870172961199998
b0276,-0.000151002271943
b0277,-0.006134262298430001
b0278,-0.00833459127496
b0280,0.00641802621466
b0281,-0.008736310564040001
b0283,0.00249166367509
b0284,0.00244124370534
b0285,0.0066006062523
b0286,-0.00265294627252
b0287,-0.0241062162912
b0288,-0.0169199686432
b0289,-0.00521821635788
b0290,-0.0034135277994699997
b0291,0.004428744246
b0292,0.010852045195200001
b0293,0.010721041569700001
b0294,0.0041347222593899995
b0295,-0.0009002088308500002
b0296,-0.0111088579185
b0300,0.00795472716414
b0304,0.00375883646496
b0305,-0.0020187389139200004
b0306,0.0034623520718
b0307,-0.00211668485471
b0308,-0.006339055057729999
b0311,-0.00333210834861
b0312,-0.0027071161071599995
b0313,-0.00185298387181
b0314,-0.00121769457652
b0315,0.023449599478599998
b0316,7.361017207010001e-06
b0318,0.0052432802058100005
b0320,0.00359579954364
b0321,-0.00473151994595
b0323,0.0015491953027700002
b0324,-0.0017577460383099998
b0325,0.00872890533157
b0328,-0.0161864185213
b0329,-0.00115484403133
b0330,0.0092579379684
b0331,0.0351647220823
b0333,-0.000373790315973
b0334,0.00412927599155
b0335,-0.00492240134433
b0336,0.010093200603700002
b0337,0.013260576276200002
b0338,-0.022209345030900003
b0339,-0.006166138122899999
b0340,-0.0039935749679
b0341,-2.14684188914e-05
b0342,-0.004637800594810001
b0343,-0.0103001611998
b0344,-0.00418289889701
b0345,-0.00281027564336
b0346,0.00391907724096
b0347,-0.0027448783722399997
b0348,0.0057931810192599995
b0349,-0.00960855355993
b0350,-0.0103578811754
b0351,-0.0032586172955700004
b0352,-0.00037093556997199996
b0353,-0.00295848743731
b0354,-0.0024380744833800002
b0355,0.013526121595700002
b0356,0.00674951430711
b0357,0.00657261959026
b0358,-0.0009210342700949999
b0363,0.000310754227341
b0365,-0.000625486134603
b0366,-0.006156395444630001
b0367,-0.015901291701400002
b0368,-0.00465547703626
b0369,-0.006486119853930001
b0372,-0.0041507543774000006
b0373,-0.00537258267551
b0376,-0.0010018471730000001
b0377,-0.004365432635479999
b0378,-0.00300065669918
b0379,-0.00898921303885
b0380,0.013972003700899998
b0381,-0.0075831024385900015
b0382,-0.00272299707304
b0383,0.00278079145669
b0384,-0.0102076165773
b0385,-0.00496952085938
b0386,-0.005531213468959999
b0387,-0.0115015861999
b0388,0.00480575587747
b0389,-0.0005670246060009999
b0390,-0.00935774907053
b0391,0.00056428603974
b0392,0.00478830692127
b0393,-0.0043311849211300005
b0394,-0.00342750157699
b0396,-0.00696286638039
b0397,-0.0034197379402099996
b0398,0.00043950743804600003
b0399,-0.000693769589369
b0400,0.0050401569971899995
b0401,-0.022212138037900002
b0402,-0.00724500399816
b0403,-0.00258537870949
b0404,0.0012598796294000002
b0405,-0.000373242250539
b0406,-5.28739758335e-05
b0407,0.00342590919788
b0408,0.00160262294778
b0409,-0.00448989920161
b0410,0.00015657588753100005
b0411,-0.010901298772
b0412,-0.00270318659837
b0413,-0.006677621501100001
b0414,0.00151736628786
b0415,0.0039816837186900005
b0416,-0.0007078603500660001
b0417,-0.0040209899416800005
b0418,-0.0018210567284000002
b0419,-0.000986300975788
b0420,-0.00436480665954
b0421,-0.00148343456719
b0422,0.0032674292912099998
b0423,-0.00479348628382
b0424,-0.0054428942337
b0425,-0.006793815583819999
b0426,-0.0018500295931800001
b0427,-0.0014824345056600001
b0428,-0.00506724850346
b0429,0.00393276916221
b0430,-4.54666386366e-05
b0431,0.00491327102334
b0432,0.00348251223156
b0433,-0.00467931181608
b0434,0.00101344195191
b0435,-0.00826416761268
b0436,0.00181246384887
b0437,-0.00412223181347
b0438,-0.00204775374947
b0439,0.00190536518782
b0440,-0.0019359780653
b0441,0.0036746201780900006
b0442,-0.0022190655834299997
b0443,-0.0020691442562900003
b0444,-0.000944442428275
b0445,0.0008754033679880001
b0446,-0.00628333785431
b0447,0.00408013015361
b0448,0.0018091938732499998
b0449,0.0023994625693499996
b0450,0.236957795848
b0451,0.211032307295
b0452,-0.0095615750517
b0453,-0.0067585095886000006
b0454,-0.0047153591763400005
b0456,-0.0097894760226
b0457,-0.00575537877412
b0458,-0.0065357056393
b0459,-0.00236241528534
b0460,0.00446327269154
b0461,-0.0017308576767400001
b0462,-0.00030920772372000004
b0463,0.0033293471877099997
b0464,-0.0108564599655
b0465,-0.00736006359866
b0467,-0.00555945789222
b0468,-0.00937910918763
b0469,0.0031782838049399997
b0470,-0.0021894057184000002
b0471,-0.00112300827814
b0472,-0.00439563314231
b0473,-0.00292042563909
b0474,-0.00241307698756
b0475,-0.007996491040319999
b0476,-0.0133712477067
b0477,-0.000266380323911
b0478,-0.00106458048163
b0479,-0.00393779178542
b0480,-0.000913857076122
b0481,-0.00552188167399
b0482,8.61881659016e-05
b0483,-0.0103567243545
b0484,-0.00806339933726
b0485,0.0045272008388
b0486,0.009401317160340001
b0487,0.0040823064132300005
b0488,-0.009696092992799998
b0489,-0.00468361479509
b0490,0.00011885930696200004
b0491,0.00275288983589
b0492,-0.00210311296037
b0493,0.00035661168043099996
b0494,0.00216351510087
b0495,0.00750946715183
b0496,0.00701556595484
b0497,-0.00292071851885
b0498,-0.00212018624488
b0499,-0.00821612415293
b0502_1,0.0050540569288699995
b0503,-0.00691021559941
b0504,-0.00574452620599
b0505,0.0124817682645
b0506,-0.012896261616400001
b0507,0.012216872225799999
b0508,-0.00471672123697
b0509,0.00013838927793
b0511,0.00434075083697
b0512,-0.00297481078995
b0513,-0.00123645348302
b0514,-0.0007131181850210001
b0515,-0.00296271996391
b0516,-0.00435880922971
b0517,0.008832167239559999
b0518,0.0101803636456
b0520,-0.004575028755279999
b0521,0.00329540538957
b0522,-0.005167185758689999
b0523,-0.000818482457647
b0524,0.00809970516586
b0525,-0.00646723182401
b0526,0.00102475220051
b0527,-0.00379135587899
b0528,0.011561016875400001
b0529,-0.005315853081680001
b0532,-0.000218110140463
b0533,0.00377478742584
b0537,-0.0016377928874600001
b0543,0.0058449420921200005
b0544,-0.0137084597186
b0545,-0.018371926955400002
b0546,-0.00240077247488
b0552,0.006150601635479999
b0553_1,-0.0063304940998500005
b0555,-0.0036950620387199997
b0557,-0.030872656272
b0559,0.0004949949960480001
b0562_2,-0.013038221378799996
b0564,-0.0041873532062399995
b0565,0.00148119999541
b0566,0.00746523673281
b0567,0.000468746963225
b0568,-0.0016644281607599998
b0569,0.00135196492428
b0570,0.0018911438345299999
b0571,-0.0023687456064000003
b0572,-0.00389653109031
b0573,-0.0071076939657799985
b0574,-0.0022736915501499998
b0575,-0.0105691192024
b0576,0.0068231912815
b0577,-0.0025302387576999997
b0578,-0.00233033840961
b0579,-0.00040957536975499997
b0580,-0.00696906128363
b0581,-0.0100974744111
b0582,-0.00313794177853
b0583,-0.0157711266333
b0584,-0.00317001819294
b0585,-0.00533559432342
b0586,0.00572611394432
b0587,-0.00442435754112
b0588,0.000739723822832
b0589,0.00175777262966
b0590,-0.0024429495653400003
b0591,-0.0047168554873999995
b0592,0.00455438644004
b0593,-0.0032153504947099996
b0594,0.00880738976632
b0595,0.0159241733956
b0596,0.00795164470943
b0597,0.0036818468993
b0598,0.004953707835350001
b0599,-0.00344791486522
b0600,-0.00576219819659
b0601,-0.012039754284
b0602,0.00600478537244
b0603,-0.00127139662729
b0604,-0.00424028048711
b0605,0.00198561920041
b0606,-0.000272457352737
b0607,-0.00189354382724
b0608,-0.00279302945663
b0610,-0.008441703594600001
b0611,-0.00887978528899
b0612,-0.0026320267870700003
b0615,-0.00146911673994
b0618,-0.00119878918875
b0619,-0.00132558925472
b0620,0.0013460292434
b0621,-0.0028166354832300003
b0622,0.000586565686296
b0623,0.00493781473875
b0624,-0.0214544373172
b0627,-0.00790067006684
b0628,0.013128286819299999
b0629,-0.00774344716904
b0630,-0.0084030903553
b0631,0.011329779355699999
b0632,-0.00470422671433
b0633,0.0004252502552819999
b0634,-0.00451819475301
b0635,-0.000268617188001
b0636,-0.006686062499350001
b0637,-0.0009232541403669999
b0638,-0.0037993663030300006
b0639,0.0032906323155300005
b0640,-0.00297106584653
b0641,-0.00536101206791
b0642,-0.00515575561944
b0643,0.0018891880344600002
b0644,0.00512538799157
b0646,0.0049420742546800005
b0649,-0.00201208496338
b0650,-0.0009332268167919999
b0651,-0.009306356558639999
b0652,0.027425079219800003
b0653,0.026181911471199998
b0654,0.031898811516800005
b0655,0.03375643086
b0656,0.004684504628180001
b0657,-0.000626737135174
b0658,0.00466534375661
b0659,-0.0022860274075700003
b0660,-0.0024301194105300003
b0661,-0.00134034367983
b0662,-0.0033030913289099997
b0674,0.041264598944199996
b0675,-0.0030684527454299996
b0676,-0.00150430303171
b0677,-0.00358508790683
b0678,-0.00670678063633
b0679,0.0294496063613
b0680,-0.00177900232199
b0681,0.006261246413979999
b0682,0.000179721840842
b0683,-0.0029489465114699996
b0684,0.005103618063359999
b0685,-0.000856516643407
b0686,-0.00453631470538
b0687,-0.00339460713446
b0688,-0.000533776780351
b0689,0.010092620649399999
b0692,-0.00425977124803
b0693,0.00708950729743
b0694,-0.000582383794259
b0695,-0.00206191602382
b0696,-0.00538132237566
b0697,-0.004915193801560001
b0698,-2.21050256813e-06
b0699,0.0112989897613
b0700,-0.00251730522961
b0703,-0.00196961548077
b0704,-0.0043760584057
b0705,-0.0128825392254
b0707,-0.005342521177470001
b0708,-2.57248980244e-05
b0709,-0.0112107250248
b0710,3.92759902512e-05
b0711,-0.00111221155946
b0712,0.000680520791021
b0713,0.00203383599896
b0714,0.010258330841799999
b0715,0.0006727449813190001
b0716,0.0021574092928200003
b0718,-0.006328438123819999
b0720,0.00555529925528
b0721,-0.00187653633192
b0722,0.00466131379329
b0723,0.0014901367643
b0724,0.00120976319973
b0726,-0.00811565808207
b0727,-0.0045863412499600005
b0728,-0.0006064543372250001
b0729,-0.0026304471591599996
b0730,-0.0038364870818099997
b0731,-0.00016661629496899998
b0732,0.0018683515743699998
b0733,0.0073438470317600014
b0734,0.00428706946314
b0735,0.0006828930159809999
b0736,0.0038159968793200004
b0737,-0.00265150108755
b0738,-0.00711036578474
b0739,-0.00244831922289
b0740,0.0024421919913400003
b0741,-0.0009946088571889998
b0742,-0.0014816844292899999
b0750,0.021554464750399998
b0751,0.0172078229467
b0752,-0.00727084367376
b0753,0.00482086903878
b0754,-0.00966647524359
b0755,-0.000562677262727
b0756,-0.0039543535336
b0757,-0.00939049237823
b0758,-0.00605580284396
b0759,-0.0131471637625
b0760,-0.00314911281946
b0761,-0.00658137326841
b0762,-0.008931796774420001
b0763,0.0188791478487
b0764,0.014284258015900001
b0765,0.013012384190200002
b0766,-0.00819996560754
b0767,-0.00676254893384
b0768,0.00139930592325
b0770,0.00235822748311
b0771,0.0014299082989000002
b0772,-0.0037336868040499997
b0773,-0.0036033250886900003
b0774,-0.00531557979452
b0775,8.97479224377e-05
b0776,0.0018635060153800002
b0777,0.000978721038667
b0778,0.00295151415265
b0779,-0.00504251959387
b0780,0.0004546388009019999
b0781,-0.000970437532158
b0782,-0.006674282310389999
b0783,0.00321830911051
b0784,-0.00486586888178
b0785,-0.00550913956564
b0786,-0.00846081340639
b0787,-0.00438919392233
b0788,-0.0021756016603800003
b0789,-0.00167686822446
b0790,-0.00544594369999
b0791,0.00651085400702
b0792,0.00273889650546
b0793,0.005180645896810001
b0794,0.0027029422842900002
b0795,-0.00101284881039
b0796,-0.00288845319075
b0797,-0.0008428597557779999
b0798,-0.00261732020826
b0799,-0.00594054048941
b0800,-0.005848278070319999
b0801,-0.00789409998101
b0802,0.011959829884200001
b0803,-0.0164881778084
b0804,-0.000533856912111
b0805,-0.017005066274000002
b0806,-0.0117426378587
b0807,-0.00234211068347
b0808,-0.0006891240012239999
b0809,0.0154402449574
b0810,0.0131275573835
b0811,0.0167318577505
b0812,0.006168979816750001
b0813,-0.000492548816462
b0814,0.006963815193199999
b0815,-0.00920368465802
b0817,-0.00860611110859
b0818,-0.00216239820449
b0819,-0.00191237163765
b0820,-0.0047732067849899995
b0821,0.0016084743849600002
b0822,0.0022312446161799997
b0823,0.00191866275373
b0824,-0.0023528386198000003
b0825,-0.00374968598034
b0826,-0.00046560678793500004
b0827,-0.00489938661562
b0828,0.0016455605990599999
b0829,0.00772050734713
b0830,0.011889798341099999
b0831,0.0106457530346
b0832,0.0124124700813
b0833,-0.005851523086289999
b0834,-0.0145410799366
b0835,-0.00283640180546
b0836,0.0033499451862
b0837,0.00119525880069
b0838,0.00140314228985
b0839,0.0029198494641599995
b0840,0.0008923057115989998
b0841,0.0200638797256
b0842,0.0024650367015999998
b0843,0.0150049328154
b0844,-0.00238589846304
b0845,-0.00476463526039
b0846,-0.00216447302925
b0847,-0.00322194073691
b0848,-0.0012399680226199998
b0849,0.0065124490615499995
b0850,-0.0011809591045100001
b0851,0.0023517979713400003
b0852,0.0012874066031700001
b0853,-0.00893803623473
b0854,0.0341142769616
b0855,0.0239594145139
b0856,0.015208379674299999
b0857,0.019729835641
b0858,0.00775952506542
b0859,-0.00563387583785
b0860,0.0010175363538400001
b0861,-0.0129230564183
b0862,-0.013333506474099999
b0863,-0.0137898038069
b0864,-0.010756482074700001
b0865,0.000929035665378
b0866,-0.00419505950809
b0867,-0.00164693736656
b0868,-0.000610195802518
b0869,0.000593802471428
b0870,0.00029241120484099997
b0871,0.007218321658729998
b0872,0.00373068499947
b0873,-0.00458278074368
b0874,-0.00803162195808
b0875,-0.0057237280663
b0876,0.00199168585733
b0877,0.0173937438759
b0878,-0.00253132522589
b0879,-0.004685620949640001
b0880,0.00840534105536
b0881,-0.0023161510904000002
b0882,-0.00041012612515199995
b0884,-9.17263293908e-05
b0885,0.000175483912247
b0886,-0.00112870630461
b0887,-0.00437305922689
b0888,-0.0026746671043000004
b0889,-0.00171129611126
b0890,-0.0005522966153990001
b0891,-0.007026747016999999
b0892,-0.004462905609479999
b0893,-0.00220084445246
b0894,-0.005621595231
b0895,0.00037118870487400004
b0896,-4.9950669550300006e-06
b0897,-0.0048655476550699996
b0898,-0.0035553754797299996
b0899,0.00173003550352
b0900,0.000845226620102
b0901,-0.00881872234056
b0902,-0.0040474473685
b0903,-0.0009059109349279999
b0904,-0.0116186417704
b0905,-0.00652743309452
b0906,-0.00431662117775
b0907,-0.00262937920225
b0908,0.000588893327388
b0909,-0.006053828735409999
b0910,-0.0007563718021689999
b0911,-0.0061710606744300005
b0912,-0.00045764841658899996
b0913,-0.00571545653143
b0914,-0.00390927197254
b0915,-0.00834553722495
b0916,-0.00035340623553
b0917,-0.00872739757989
b0918,-0.00843961748319
b0919,-0.0028131025096
b0920,0.0008205521387160001
b0921,0.0033966033191999995
b0922,0.00536156746231
b0923,0.0024440735056099998
b0924,0.000995609593365
b0925,-0.00424348277652
b0926,0.0030674920436400003
b0927,-0.0022148388773000002
b0928,-0.00255294100914
b0929,-0.00245931970131
b0930,-0.0016429391263399998
b0931,0.00113524834827
b0932,-0.000686198301571
b0933,-0.00102860586911
b0934,-0.0086692590459
b0935,0.0021292153059800003
b0936,0.0030309461238200003
b0937,-0.00439732801505
b0940,-0.00109619228126
b0941,0.0022890698660500003
b0942,-2.28798942404e-05
b0943,0.00189724652496
b0944,0.0002536565841
b0945,-0.00642251212887
b0946,0.00613981968051
b0947,0.0006939945242239999
b0948,-0.0032732120833600005
b0949,-0.00541086784783
b0950,-0.00516266619459
b0951,-0.0021966615041500003
b0952,-0.00105141442216
b0953,-0.0018250904356400001
b0954,-0.0041186221106
b0955,-0.005695082225020001
b0956,0.00390062107726
b0957,-0.0016328354188800001
b0958,0.0127926106099
b0959,-0.0043967113437
b0960,-1.81004102202e-05
b0961,0.000630378974912
b0962,-0.0024905908008
b0963,-0.008756518850819999
b0964,-0.0053151213197600005
b0965,-0.0103190449848
b0966,-0.00874472537073
b0967,-0.0061140325598199995
b0968,0.00229553758288
b0969,0.00308348778142
b0970,0.0074241768572900005
b0972,-0.000272963752931
b0973,0.00568328592644
b0974,0.004401676764770001
b0975,0.0025154699500500003
b0976,-0.00265308255633
b0977,0.00346602640979
b0978,0.0008570396174069999
b0979,0.0019228594731199998
b0980,-0.00368153258303
b0981,-0.0019284225478299998
b0982,0.0028932643888200005
b0983,-0.00063167744037
b0984,-0.00273759561034
b0985,-0.004110137524030001
b0986,0.0018330817726900002
b0987,-0.00016023869077
b0990,-0.00866831518604
b0991,0.00638782280147
b0992,-0.00218064476006
b0993,0.0031046418715900003
b0994,-0.00375684777387
b0995,0.00126076183474
b0996,-0.00103164444562
b0997,0.0005013905736180001
b0998,-0.000291851400226
b0999,-0.0023196999502800002
b1000,-0.0106916285674
b1001,0.00023287855216699998
b1002,-0.006777645044069999
b1003,-0.00591623067518
b1004,-0.00987879281744
b1006,0.171797138525
b1007,0.20130292956700002
b1008,0.232500602116
b1009,0.247895206254
b1010,0.22680476105099998
b1011,0.281614856368
b1012,0.296633468053
b1013,-0.009587218221690001
b1014,-0.005498140956380001
b1015,-0.006497209884649999
b1018,-0.009809471014610001
b1019,-0.00577629210586
b1020,-0.00173408745574
b1021,-0.000426459101691
b1022,-0.00212641618865
b1023,-0.014630137797299997
b1024,-0.0112509299783
b1025,-0.00804029658031
b1026,-0.00781839125382
b1027,0.003453394583
b1033,0.0037471448939
b1034,-0.00304309839034
b1035,-0.00044647644326099997
b1036,0.023519450649
b1037,-0.005154566756729999
b1038,-0.014813667247299999
b1039,-0.00820455203411
b1040,-0.0104038737729
b1042,0.016368717049
b1044,-0.00161417145547
b1045,-0.0015890453646199999
b1046,-0.0038019361740500002
b1047,-0.016148127954799998
b1048,-0.00229373303116
b1049,-0.00607160850546
b1050,-0.000445445509886
b1051,-0.000516284028506
b1053,0.00597573813072
b1054,-0.00209456728245
b1055,-0.0006204892303380001
b1056,0.011985627524999999
b1057,0.00795006530332
b1059,-0.00261100243482
b1060,-0.0171486302045
b1061,-0.011069153979499998
b1062,0.00042721959184900004
b1063,-0.00749285637836
b1064,-0.0033000374774800004
b1065,0.0015872311648499995
b1066,-0.000904634100159
b1067,0.00409532428837
b1068,0.00105060391301
b1069,-0.0009459237270900001
b1070,-0.00507922549286
b1071,-0.0037485187019499996
b1072,-0.0066976505764799995
b1073,0.00469170513882
b1074,-0.0038512846061399997
b1075,-0.0012333423486400002
b1076,0.00252328451946
b1077,-0.00338052048702
b1078,0.0011224686498
b1079,-0.00355382982739
b1080,0.00103465352096
b1081,0.0043802719826
b1082,0.00458113544359
b1083,0.0009208620721860002
b1084,-0.00281231112379
b1086,-6.10692921378e-05
b1087,-0.0023754922609000003
b1088,-0.00044584216643300004
b1089,-0.00020345186933
b1090,-0.0015288120177700002
b1091,0.000770689574285
b1092,-0.0020102929137699997
b1093,-0.00205231811322
b1094,-0.000507346853469
b1095,-0.0072575998718
b1096,-0.00274534130584
b1097,-0.00244710342221
b1098,0.0026674998200399997
b1099,0.0013926251909700002
b1100,-0.00301065732587
b1101,-0.00430438444803
b1102,-0.000647567100239
b1103,0.0044538567421
b1104,-0.001398537677
b1105,0.00180500638811
b1106,-0.00238476227315
b1107,0.00580888653518
b1108,0.00131917702483
b1109,-0.00460484506208
b1110,0.00018924437577
b1111,-0.00337692832848
b1112,-0.0007725511465419999
b1113,0.0116226302119
b1114,-0.0029280846545900003
b1115,-0.00176995647482
b1116,0.0014783910039500002
b1117,-0.0104353004185
b1118,0.00036538862252
b1119,0.0025641074171
b1120,0.0007383926600950001
b1123,-0.00134428086738
b1124,-0.00494424101282
b1125,-0.00171919544396
b1126,0.00185485072779
b1127,-0.005296447350149999
b1128,0.0021670406360700003
b1129,0.00766170220154
b1130,0.0077637612326200015
b1131,-0.000795206651997
b1132,-0.00236674022521
b1133,-0.000576407512286
b1134,-0.0021578651443699996
b1135,-0.0040854001062499996
b1136,-0.00172000113881
b1137,-0.006732108691369999
b1138,-0.0044434904079
b1139,0.00773468609358
b1140,0.00479683072427
b1141,0.00131612565336
b1143,0.0012692202844999999
b1144,0.00518164322159
b1145,0.011412410747
b1147,0.00272594150435
b1155,0.0074727146767200004
b1159,0.008810151578410001
b1161,0.00630948463341
b1162,0.000683879890473
b1163,0.00127515420468
b1164,0.018271266840099998
b1165,0.00803088984171
b1166,-0.009005799760049999
b1167,-0.019055325093099998
b1168,-0.00232258231315
b1171,-0.0130430918318
b1172,-0.0125860884224
b1174,-0.0108177338301
b1175,-0.00483003847269
b1176,0.00227468402859
b1177,0.0038884506916000003
b1178,0.00582766436522
b1179,-0.00209346670557
b1180,0.00464950972195
b1181,0.000608120829948
b1182,-0.0049592349293500005
b1183,-0.0022816519339999997
b1184,0.00836940476242
b1185,-0.0026388372357800003
b1186,0.00231078356617
b1187,-0.00053494107687
b1188,-0.000366594779514
b1189,-0.00728313824236
b1190,-0.0054947039392200005
b1191,7.33551356431e-05
b1192,-0.0036313820493899997
b1193,-3.17990540491e-05
b1194,-0.00955065402032
b1195,-0.0013902618288399995
b1196,-0.009932765749
b1197,0.00269187631661
b1198,-0.010756530760299999
b1199,-0.00980651888778
b1200,-0.014930083641700002
b1201,-0.0083950178225
b1202,-0.0030343411166999994
b1203,-0.00359834317377
b1204,0.00043781141993699997
b1205,-0.017730372427599998
b1206,-0.0031732442642699995
b1207,0.00109380432145
b1208,-0.00145250584979
b1209,-0.00155222481191
b1210,-0.00367224777337
b1211,-0.0068708022579
b1212,0.0012337517939100002
b1213,-0.00104284045232
b1214,-0.0013245968293
b1215,-0.0017204832329
b1216,0.021516354485800002
b1217,-0.011208348810100001
b1218,0.0456800723451
b1219,-0.0122223547756
b1220,-0.0032943695138600002
b1221,-0.0017736969139700001
b1222,-0.005097745453149999
b1223,-0.014481638108399999
b1224,-0.00861514633079
b1225,-0.0024039897581799997
b1226,-0.0077990980567000006
b1227,-0.00520671282029
b1232,-0.00941588220913
b1233,-0.005598712731109999
b1234,-0.00406824891048
b1235,-0.00284010542848
b1236,-0.011397004291
b1237,-0.0039645763549200005
b1238,-0.00103483643961
b1241,-0.00902880157403
b1242,-0.005352144440390001
b1243,-0.0092799485351
b1244,0.00305823168938
b1245,-0.00119502232221
b1246,-0.0026776344234
b1247,-0.0026339477856499997
b1248,0.0042869505435500005
b1249,-0.00269891347204
b1250,-0.006972126173899999
b1251,0.010921984914799999
b1252,0.0014680180508699998
b1253,-0.00958217628577
b1254,-0.0033251618801599997
b1255,-0.00011089200229600001
b1256,0.0047664184424700004
b1257,0.004886260729010001
b1258,0.008830166005149999
b1259,0.002254421631
b1260,-0.00497839390062
b1261,-0.00301458123986
b1262,-0.004890329529350001
b1263,0.0021628797041399997
b1264,0.0011605625089999999
b1266,-0.00464170719693
b1267,-0.00579162449994
b1268,-0.0012907300361099999
b1269,0.0017450423902499999
b1270,-0.00141386118832
b1271,0.0030148844810700005
b1272,-0.00511680177942
b1273,-0.0100586834503
b1274,1.2479330277299999e-06
b1275,-0.00356953007736
b1276,-0.00106458560277
b1277,-0.0045675478405800005
b1278,-0.0033896733766600002
b1279,0.00486665908411
b1280,0.0032038145116599997
b1281,-0.0017401097368199999
b1282,-0.00918733784543
b1283,0.00343109459798
b1284,-0.00446185171771
b1285,0.00516933008084
b1286,-0.0038406639287500003
b1287,-0.00450025079646
b1288,-0.00167011836654
b1289,-0.007696852177319999
b1290,-0.00238151285783
b1291,-0.00325805442601
b1292,-0.00277887623183
b1293,-0.00567405829469
b1294,-0.00496806901037
b1295,0.0011506080748699998
b1296,0.00367645285156
b1297,-0.007721209012119998
b1298,-0.007736440032489998
b1299,-0.00166266531289
b1300,-0.00186090093513
b1301,0.0012632353630699998
b1302,-0.00151194899948
b1303,-0.0033733440952800004
b1304,0.0234836101643
b1305,0.0214143537211
b1306,0.013693215074200002
b1308,-0.0032626007181500005
b1309,0.00285601375657
b1310,0.00405126044737
b1313,0.00459854911168
b1315,-0.0036183006084499997
b1316,0.0101311420071
b1319,0.0129834915278
b1320,-0.00442065118493
b1321,-0.000736885652993
b1322,-0.0018938918434899998
b1323,-3.21285086398e-05
b1324,-0.010224617852899999
b1325,0.00391479358747
b1326,0.000119503283142
b1327,1.13886690297e-05
b1328,-0.00170124424879
b1329,0.0016405325763399995
b1330,0.0014112129657
b1332,0.00113190611077
b1333,-0.0038830732200799997
b1334,-0.00399872777181
b1335,0.000615988196359
b1336,0.0077454318464399985
b1337,0.0165389466529
b1338,0.0159506039255
b1339,0.0225157205672
b1340,-0.00499191703249
b1341,0.006480422483770001
b1342,-0.00392985612389
b1343,-0.00383844548373
b1344,-0.012360747162799996
b1345,0.00354639638738
b1349,-0.00996413454532
b1350,-0.00783575997398
b1353,-0.00597799643238
b1356,-0.00763275804744
b1357,0.00094892495983
b1359,-0.000559204927829
b1360,0.000178265545876
b1361,0.0064249813196
b1362,-0.00654646873108
b1363,-0.00735704471434
b1368,0.003642955286090001
b1370,0.0196721490827
b1372,-0.00479432002643
b1374,0.00217109485146
b1375,-0.0297652272965
b1376,-0.0132119175706
b1377,0.00417318270071
b1378,0.022159166209999998
b1379,-0.018029040375900002
b1380,0.0006950479622210001
b1381,-0.0071931097417
b1383,-0.0050299484941
b1384,0.0016555355192200002
b1385,-0.0029368730075200002
b1386,0.0007561490555680001
b1387,-0.006602228968220001
b1388,-0.0161420373222
b1389,0.0011495723788800007
b1390,0.00168732759617
b1391,-0.017371834972
b1392,-0.0047819716985
b1393,0.002756756879800001
b1394,-0.00385953445183
b1395,0.00311013376875
b1397,-0.00278708605168
b1398,-0.000295180612172
b1399,-0.00792913894213
b1400,-0.00304202117661
b1402,-0.0047118125938500005
b1403,-0.00338697405993
b1406,-0.00167419621745
b1407,-0.0036173231851199996
b1410,-0.00018865010576400005
b1411,-0.005858680154829999
b1412,0.007046623777640002
b1413,-0.00749918511693
b1414,-0.00494736629349
b1415,0.0106448767998
b1418,-0.004398876741439999
b1419,-0.00603451404284
b1420,-0.000679325261267
b1421,0.010723141314999999
b1422,-0.00263976554043
b1423,-0.00523874643081
b1424,-0.00288691356188
b1426,-0.0076280506188500016
b1427,-0.014455604220799997
b1428,-0.00858319810895
b1429,-0.000188777047084
b1430,-0.005901513244180001
b1431,-0.00642158272207
b1432,-0.0063622420105699995
b1433,-0.00420876217003
b1434,-0.012005587654899999
b1435,-0.00433901831399
b1438,-0.0098212284977
b1439,-0.00416017591345
b1440,0.006181461167859999
b1441,0.00757680664015
b1442,0.00495406217396
b1443,-0.00160062471302
b1444,-0.000531208433693
b1446,-0.00678964757403
b1447,-0.0017936049233800001
b1448,-0.00310307850261
b1449,-0.004322936415819999
b1450,-0.003987563241909999
b1451,-0.0124968661302
b1452,7.73763888431e-05
b1453,-0.00110148211288
b1454,0.00557372785162
b1456,-0.00325616833141
b1457,0.00429975643466
b1459_1,-0.016589748908500002
b1460,0.0041671151773299995
b1461,0.00397188760418
b1462,-0.00440452667598
b1463,0.008078657379310001
b1464,0.00121149439285
b1465,0.00603684978765
b1466,0.00133343175633
b1467,0.00304638306132
b1468,0.00518651063743
b1469,0.00217100358704
b1473,-0.00656103818147
b1474,0.00016712579753600006
b1475,0.000931808482283
b1476,-9.28693238113e-05
b1477,-0.00619944005404
b1478,0.00630024670817
b1479,0.0033370067686999995
b1480,-0.0105276879401
b1481,-0.00165587339035
b1482,0.0022857230754
b1483,0.118015603462
b1484,0.112420162994
b1485,0.106861212766
b1486,0.139768652242
b1487,0.156801058048
b1488,0.179818619533
b1489,0.004442427217319999
b1490,0.0018019797216600002
b1491,-0.00582599202896
b1492,-0.00938336393062
b1493,-0.009514442695530001
b1494,-0.0172496894469
b1495,-0.0198718294805
b1496,-0.0215227131543
b1497,-0.00915445738586
b1498,-0.011857380853799998
b1499,-0.0140033010671
b1501,-0.00937206566385
b1502,0.00571965407674
b1505,0.006285979950699999
b1507,-0.000901070749617
b1508,-0.0016083269933199998
b1511,-0.006716793000159999
b1512,-0.00856355408237
b1513,-0.011806291475299999
b1514,-0.015295978339
b1515,-0.00179603554197
b1516,0.0020251373171
b1517,-0.0078186794525
b1518,0.018273562323900004
b1519,-3.16898731001e-05
b1520,0.0010786269001400001
b1521,0.00213638324841
b1522,-0.0031797253647600004
b1523,-0.0061807296569600005
b1524,-0.00556670804477
b1525,-0.01064884528
b1526,-0.00730726788461
b1527,-0.0032618763425500004
b1528,-0.00058425787296
b1529,-0.000877900001266
b1530,0.00277434998592
b1531,-0.00332430886344
b1533,0.00284110307273
b1534,-0.0072574294208100016
b1535,0.0015369024864200001
b1536,0.014729086632100001
b1537,0.0033212159669099997
b1538,-0.00283877353391
b1539,-0.00225750506166
b1540,-0.00252595936083
b1541,0.0240784555363
b1542,-0.004988717243569999
b1546,0.0031489950737
b1547,-0.00512058044577
b1548,-0.00729190767351
b1549,-0.00598918191402
b1550,-0.0007681680334850001
b1552,-0.010584675358599999
b1557,-0.0029483160458799998
b1558,-0.00540966937855
b1559,-0.016533891882700002
b1562,0.0142494046572
b1563,-0.0051665576042
b1564,0.0064070163046899995
b1566,-0.005972201275149999
b1570,-0.007496729088109998
b1579,-0.00531283675349
b1580,0.0128557309871
b1581,0.008662448817280002
b1582,0.0038342392719699996
b1583,0.00795124317612
b1584,0.00246571738441
b1585,-0.004332950274810001
b1586,-0.00226198106367
b1587,-0.00436479449501
b1588,0.0038821421739899994
b1589,0.0061813696713
b1590,-0.00270338092038
b1591,-0.0012821288457899999
b1592,0.0040046408910599995
b1593,-0.00324216200679
b1594,-0.007418123296290002
b1595,0.0010813455312300001
b1596,0.06457745264550001
b1597,0.0429424075074
b1598,-0.0006274586245190001
b1599,-0.0052402906081699995
b1600,-0.00557014985964
b1601,0.006464552325760001
b1602,0.00222335470953
b1603,0.00366640455984
b1604,-0.00198351794456
b1605,-0.00153706550585
b1606,-0.000995212846835
b1607,-0.000780702412873
b1608,0.0218237212485
b1609,0.025242520901900004
b1610,0.00010258188507700001
b1611,0.014225612098900001
b1612,-0.0009929272354419999
b1613,-0.00350965965707
b1614,-0.00417167576939
b1615,-0.0048044435794999995
b1616,0.00492413115054
b1617,0.00171813953508
b1618,-0.0031738371698899997
b1619,-0.00518412468154
b1620,-0.00243821454905
b1621,-0.00123897751974
b1622,0.0013049545331099998
b1623,-0.012340285072700002
b1624,0.00440096948922
b1625,0.00121365993499
b1626,-0.00931372796688
b1627,-0.00305357046506
b1628,-0.00569708927045
b1629,-0.009559560972169999
b1630,-0.0134128237239
b1631,-0.00341965191062
b1632,-0.0054687767928699995
b1633,-0.00979238617033
b1634,-0.014442763523799999
b1635,-0.00102494950249
b1636,-0.000587038398876
b1637,-0.0005563418283719999
b1638,-0.00304035003479
b1639,-0.00876779649429
b1640,-0.0051191057443599995
b1641,0.010293627194200001
b1642,-0.0023066989287199996
b1643,-0.00917672859285
b1644,0.000779720278254
b1645,-0.00281411143139
b1646,-0.006300804891939999
b1647,-0.00432176934641
b1648,0.00239548638438
b1649,-0.00626170907065
b1650,-0.0006615791092899999
b1651,-0.009242607773410001
b1652,0.0032104008645999996
b1653,0.00321175308242
b1654,0.000142575317
b1655,0.00364421126063
b1656,-0.00156179448225
b1657,0.005581059468039999
b1658,0.00838720066312
b1659,-0.00357620296897
b1660,-0.00361198260375
b1661,0.00011636367176200001
b1662,-0.005738846910890001
b1663,-0.00927759886304
b1664,-0.0045474698686
b1667,0.0029702044886999995
b1668,-0.0041897319228200005
b1669,-0.00783608461236
b1670,-0.00450165038166
b1671,-0.00614978525443
b1672,0.00753694500716
b1673,-0.00532827288737
b1674,-0.007095393646890002
b1675,-0.0164937008545
b1676,-0.00465771812288
b1677,0.0117769118047
b1678,-0.00476330322424
b1679,-0.00551504574003
b1680,-0.00483824718312
b1681,-0.0016026209713099998
b1682,-0.004110372138780001
b1683,-0.005792371170579999
b1684,-0.008015544135949999
b1685,-0.00424421296377
b1686,0.0041597569455700005
b1687,0.0005481249661200001
b1688,-0.0074359132817600005
b1689,0.000291231776753
b1690,-0.00254740807193
b1692,0.00694935252954
b1693,0.00266733415354
b1694,0.0026412406333600003
b1695,0.0054653309915
b1696,0.00518412305818
b1698,-0.0027447645870800003
b1699,-0.00398961254682
b1701,-0.00917689751146
b1702,0.00547217951867
b1703,0.0019831307269200004
b1704,0.005688108064569999
b1705,-0.00246657523681
b1706,-0.000853813136688
b1707,-0.012666481840999999
b1708,-0.00505057285749
b1709,-3.5304465636e-05
b1710,-0.0051668762553
b1711,-0.008240761227909999
b1712,-0.00424208464242
b1713,0.00326980692811
b1714,0.00767501901021
b1716,-0.0024142409156300004
b1717,-0.006900769213170001
b1718,0.000401386945921
b1719,-0.00485757729329
b1722,-0.00627749683075
b1723,-0.0152197932611
b1724,-0.013715672405299998
b1725,-0.00123295585532
b1726,-0.00477394518087
b1727,-0.00356433776565
b1728,-0.009878998029389999
b1729,-0.00713507946854
b1731,0.00776565787181
b1732,0.0100075343874
b1733,0.000508056101255
b1734,0.000640707744617
b1735,-0.00670246233415
b1736,0.00499689635283
b1737,-0.010567672098100002
b1738,-0.010124498437100001
b1739,-0.0045102578879300005
b1740,-0.00408077569883
b1741,-0.00605991926799
b1742,0.00031567959314
b1743,-0.00558477509935
b1744,0.0933500119965
b1745,0.08856050204089999
b1746,0.0869323768064
b1747,0.107474368471
b1748,0.113697620485
b1749,-0.0104113148304
b1750,0.00505360746595
b1751,0.00523890221855
b1752,0.00023749411771200002
b1753,0.010546957161700002
b1754,0.00276651841511
b1755,0.0021183510141
b1756,-0.0006173893850830001
b1757,0.000170069407258
b1758,-0.00307199341312
b1759,-0.00185699152844
b1760,0.00331740034959
b1761,0.0181362827264
b1762,0.00761673812868
b1763,-0.00184774848297
b1764,-0.00630547334545
b1765,0.0006553360124380001
b1766,0.00161942489998
b1767,-0.00449553471616
b1768,-0.0067410137429
b1769,-0.00477261962148
b1770,-0.0011932995308900002
b1771,0.00436443388179
b1772,0.00470422711115
b1773,-0.00208594585579
b1774,0.000257882026264
b1775,-0.000347957130379
b1776,-0.0034873625807800004
b1777,-0.0026209519339600003
b1778,0.0018308940182200002
b1779,0.000527793297256
b1780,-0.0024502973536199998
b1781,-0.0594354822571
b1782,-0.003910538504
b1783,0.038339215022900004
b1784,0.0424509870787
b1785,0.0127231004384
b1786,0.0011817498304999999
b1787,0.0034819087925
b1789,-0.0127043919321
b1790,-0.00493347616104
b1791,-0.00330763767611
b1792,-0.00653384633413
b1793,0.00202918825429
b1794,-0.00678504659371
b1795,-0.0064445695027
b1796,-0.011837495943499999
b1797,-0.0396657367635
b1798,-0.002784160521320001
b1799,0.00195498070078
b1800,-0.0260103525894
b1801,0.00426905001916
b1802,0.000364505628057
b1803,0.0045012875353
b1804,-0.00042040245602900016
b1805,-0.00291511710197
b1806,-0.00473537254682
b1807,-0.0046240934078000005
b1808,0.0005559717544199999
b1809,-0.009744695207389999
b1810,-0.012222886486
b1811,-0.0135758291547
b1812,-0.005272218604479999
b1813,-0.00409838312803
b1814,-0.00656895661843
b1815,0.00370433399429
b1816,-0.00351324645665
b1817,-0.0032997180702399997
b1818,0.0006940538836830001
b1819,-0.00209429695622
b1820,0.00201293528211
b1821,-0.007409009525659998
b1822,-0.00185856937951
b1823,0.00365086494448
b1824,-0.00522319688131
b1825,0.00826472783748
b1826,0.045276678012800005
b1827,0.00395218017727
b1828,0.00244550553406
b1829,0.00434950822546
b1830,-0.0024876587682
b1831,0.0166257172647
b1832,-0.0016638101035
b1833,-0.00233948469886
b1834,-0.00100435803776
b1835,0.00409889404516
b1836,-0.00410011262462
b1837,-0.00259830163291
b1838,-0.0050817717983000004
b1839,0.00041071867754900016
b1840,-0.000723339745733
b1841,-0.00168653934707
b1842,-0.0247934548521
b1843,-0.00244149623965
b1844,0.00683539028821
b1845,-0.00205350383444
b1846,0.00447636718792
b1847,-0.00724407154645
b1848,0.00122181084423
b1849,-0.0021159002044799998
b1850,-0.0044164249993699995
b1851,0.00209289205531
b1852,0.00324836246294
b1853,-0.004077834293449999
b1854,-0.010089936154299999
b1855,-0.00361453563689
b1856,-0.00650402933398
b1857,0.000726637201142
b1858,-0.00577038890964
b1859,-0.00134057718404
b1860,0.00316036319894
b1861,-0.00164301669336
b1863,-0.0054009342240000004
b1864,-0.00134169582291
b1865,0.0013350303588900007
b1866,-0.0035561400234
b1867,0.00167475472957
b1868,-0.0016064167529000002
b1869,-0.007084437695149998
b1870,-0.00175809792425
b1871,-0.0009079745613910001
b1872,-0.00148892506249
b1873,0.00192164923316
b1874,-0.00716932856147
b1875,8.78914306267e-05
b1876,-0.000582818928737
b1877,0.00236891629291
b1878,0.00819022236123
b1879,-0.00022350628983500002
b1880,-0.00203045158598
b1881,-0.00155413355779
b1882,0.006198622267060001
b1883,0.00251643276798
b1884,-0.00039543238592100016
b1885,-0.00199625811283
b1886,-0.008640291957360002
b1887,0.00862211546182
b1888,0.00172332352401
b1889,-0.00422498792953
b1890,0.00302589673589
b1891,-0.00258597471474
b1892,0.00968537745551
b1893,0.0226497957351
b1894,-0.00822788925875
b1895,-0.0100918813727
b1896,0.00028184888053099996
b1897,7.49148132325e-05
b1900,-0.00701366095525
b1901,0.00133277204368
b1902,-0.0028846942201500004
b1904,-0.0028766332243599997
b1905,-0.0067890557401
b1906,-0.009823366403969998
b1907,-0.00888064515954
b1908,-0.00378899076904
b1912,0.0005796042754630001
b1913,-0.004994592709039999
b1914,-0.005616419666060001
b1915,-0.00273424956419
b1916,-0.010824148625799999
b1917,-0.005556644101770001
b1918,-0.00192495229694
b1919,-0.0034934460358
b1920,-0.004421936958939999
b1921,-0.0061947125873
b1922,0.00785318862857
b1923,-0.00912550112631
b1924,-0.005793873113180001
b1925,-0.0136953576351
b1926,0.00905995730473
b1927,-0.000666455154023
b1928,-0.00709427358271
b1929,0.00452932716035
b1930,-0.00929967637416
b1931,0.00528076566288
b1932,0.0703351863829
b1937,-0.00120744000571
b1938,-0.0033902360687100004
b1939,-0.00423981885728
b1940,-0.00443239870641
b1941,-0.0031815887622600003
b1942,-0.0121507859281
b1943,0.0031756779057900003
b1944,-0.0132143833022
b1945,-0.00732301132267
b1946,-0.00788263353326
b1947,-0.00923000665457
b1948,0.00493187728661
b1949,-0.009021322982629998
b1950,-0.00274955799817
b1951,0.00435732337774
b1952,-0.0266733338943
b1953,0.0012365898293299998
b1955,0.00237543124825
b1956,0.0019091806667999999
b1957,-0.000202451612045
b1958,-0.0032176578284499996
b1959,0.0013343572733699998
b1960,-0.00370746514166
b1961,-0.0008478460337310001
b1962,-0.0017422188149999998
b1963,0.00505655591147
b1967,-0.00636210748214
b1968,0.000653842542532
b1969,-0.000597548481386
b1970,0.016837889084100003
b1971,0.004665286350859999
b1972,0.005819393447560001
b1973,-0.00101121694422
b1974,-0.000579764056133
b1976,-0.000458183870449
b1978,0.00154375671265
b1981,-0.014778686875
b1982,-0.000110328040928
b1983,-0.00176059622419
b1985,0.00323295958533
b1987,0.103097722071
b1988,0.026306130950799998
b1990,-0.00530009106564
b1991,0.0020179509743699997
b1992,0.0027685847157
b1993,-0.000484929746325
b1994,0.007524077206550002
b1996,-0.00638066428432
b1997,-0.0044573739113000005
b1999,-0.00140772716361
b2000,0.0049206314410400005
b2001,0.007746084503669998
b2002,0.005568857869020001
b2007,-0.008131779652979999
b2008,-0.00132326305934
b2009,-0.00757508742565
b2010,-0.00894159877139
b2011,-0.0054815757961200005
b2012,-0.010251015751
b2013,-0.008839564507459999
b2014,0.00126233974929
b2015,0.000689090317137
b2016,-0.00415721787366
b2017,-0.0015790861361
b2019,-0.00804892731868
b2020,-0.00503990295325
b2021,0.0026756437359799997
b2022,0.000677284837653
b2023,-0.00355291682674
b2024,-0.00733919969573
b2025,-0.013822044006299996
b2026,-0.0112822624627
b2027,-0.00280038624419
b2028,-0.0021298355201
b2029,-0.00286660074478
b2030,0.006873864813419999
b2032,0.003576010435290001
b2033,-0.00227509402109
b2034,-0.006420260313669999
b2035,-0.00391148646544
b2036,-0.00570123236894
b2037,-0.00747184744249
b2038,-0.00764524056096
b2039,-0.00472158551966
b2040,-0.00315964622846
b2041,-0.00400804856555
b2042,-0.00189855818294
b2043,-0.009794368992989999
b2044,0.0007449264657080001
b2045,-0.000650695150962
b2046,-0.00197616310431
b2047,-0.0063955915868
b2048,-0.008737905434430001
b2049,0.000913906439522
b2050,0.00484110931249
b2051,-0.0029053840839
b2052,0.0032167776270300005
b2053,-0.0013411719536800001
b2054,-0.00389622683586
b2055,0.00771550146271
b2056,-0.0044696234506
b2057,0.0051784201436899996
b2058,-0.0166460562453
b2059,-0.000900543017286
b2060,-0.0076085631134799984
b2061,-0.00971101645466
b2062,0.00348724528882
b2063,-0.00202045252377
b2064,0.000624504620148
b2065,-0.000756694513883
b2066,-0.0026035834599600002
b2067,0.0025169278159999997
b2068,0.00414228614405
b2069,0.0025844895309099997
b2070,-0.00819783985358
b2074,-0.00345656595791
b2075,-0.0029742741773499995
b2076,0.00101388708834
b2077,0.00588597296862
b2078,-0.00169531107821
b2079,-0.00683486032005
b2080,-0.0069541608986299994
b2081,-0.00467485736082
b2082,-0.015653659504799997
b2085,-0.009621819967540001
b2086,-0.0021997050034899997
b2091,-0.00884082549708
b2092_1,-0.00162846120597
b2092_2,-0.00578087824777
b2093,-0.00038637458671900014
b2094,0.00768057435034
b2095,0.00275331844989
b2096,0.0012256503395799998
b2097,0.00347705551621
b2098,-0.00304987820268
b2099,-0.00210796080057
b2100,0.00595798647535
b2101,-0.010099852571200002
b2102,-0.005455517301039999
b2103,-0.00044006156692700003
b2104,-0.0009743182438010001
b2105,-0.0131551992709
b2106,-0.0399325051891
b2107,-0.00506484436339
b2109,0.0005988944239969999
b2110,-0.006188271801720001
b2111,0.00600054423579
b2112,0.000550058358787
b2113,-0.00651036691549
b2114,-0.0046357692323
b2118,-0.00273171009185
b2119,-0.00476708911771
b2120,-0.003533245121530001
b2121,0.00590668823708
b2122,0.0070700359247899995
b2124,-0.00698239797471
b2125,-0.00717820967821
b2126,-0.00485322970196
b2127,-0.00407622867905
b2128,-0.000592619957971
b2129,-0.00158783525845
b2130,-0.0022262084169
b2131,-0.000661627569775
b2132,-0.0018273835061600001
b2133,-0.00275591217959
b2134,-0.00019264640973099998
b2135,0.00434158550247
b2136,-0.0017900209526099996
b2137,0.0035254860933
b2139_2,-0.00414184058537
b2140,0.0021045092007600003
b2141,-0.0014442068647399998
b2142,0.00565933586765
b2143,0.021653220819900003
b2144,-0.00950871622568
b2145,0.00882112870307
b2146,-0.005949303918390001
b2147,-0.00572268557348
b2148,0.00753833940432
b2149,0.0073551829637600015
b2150,0.022470884914599996
b2151,0.0008382038753370001
b2152,0.0013589733084400002
b2153,0.00332538866776
b2154,0.004668929157630001
b2155,-0.00335698715057
b2156,-0.00217105326717
b2157,-0.00970081947771
b2158,-0.00944069937416
b2159,-0.00040776398484199984
b2160,-0.0010512522464700001
b2161,-0.0020058326041199996
b2162,0.0006701074681690001
b2163,0.0067619852398299995
b2164,0.000393265154139
b2165,0.008495310342220001
b2166,0.0194467999421
b2167,0.0005793741595900001
b2168,-0.0015792700401099998
b2169,-0.000978576774335
b2170,0.00500950305512
b2171,-0.0092465271876
b2172,0.00275839099449
b2173,-0.0027587841027399995
b2174,-0.00189950848154
b2175,-0.00212247273869
b2176,0.0027592541467700003
b2177,-0.000247175994895
b2178,-0.00018083463532299996
b2179,-0.0026125981598000003
b2180,3.03006555305e-05
b2181,-0.00747790638083
b2182,-0.005793030332439999
b2183,-0.0011294011516099999
b2184,-0.00934200125582
b2185,0.00440740233088
b2186,-0.00787229788919
b2187,-0.000378591637379
b2188,-0.00233708130621
b2190_2,-0.00011748851659100001
b2192,0.0066924515922899995
b2193,-0.006723570822010001
b2194,-0.0109487681722
b2195,-0.011445279901999998
b2196,-0.005820204556879999
b2197,-0.0003653406934659999
b2199,-0.00786662185343
b2200,-0.0030050602294299997
b2201,-0.00307719534877
b2202,-0.0006375302075939999
b2203,-0.00362428621471
b2204,-0.0016638809679499998
b2205,-0.0007810997099279999
b2206,-0.00766143670588
b2207,-0.004778541743970001
b2208,0.0009266438204960001
b2209,0.00285571790292
b2210,0.0124482238404
b2211,-0.00246690265022
b2212,0.00649827619316
b2213,-0.00213794132876
b2214,-0.0015983339360000001
b2215,-0.00306670071448
b2216,-0.00407762604125
b2217,-0.00196442162185
b2218,-0.00388721864296
b2219,-0.00785951393857
b2220,-0.00125706043202
b2221,0.025794837041500002
b2222,0.0036115087787899998
b2223,-0.00360631642847
b2224,-0.000588818068359
b2225,-0.00145916405617
b2226,0.0117572087631
b2230,0.00105051916327
b2231,-0.00298180096029
b2232,0.00252583277835
b2233,-0.0034060157183800005
b2234,0.00100013423332
b2235,-0.0015136893605699998
b2236,-0.00519676992897
b2237,-0.006555682843169999
b2239,0.00215098470608
b2240,0.00389067289973
b2241,0.00313371415805
b2242,-0.008219969666800001
b2243,0.0101287805887
b2244,-0.0048186211046200005
b2245,-0.00180503656763
b2246,-0.00534372718183
b2247,-0.0107542335201
b2248,-0.00755251630507
b2249,-0.009889541565719999
b2250,-0.00764807612053
b2251,-0.00979101356227
b2252,0.0017503927575100002
b2253,0.000332266011152
b2254,0.00139894605592
b2255,-0.00288236847866
b2256,-0.0029941104514400003
b2257,0.00264962381613
b2259,0.0194383437497
b2260,-0.0018583604733199998
b2261,0.00159821807577
b2262,-0.00080059518256
b2263,-0.00657444059306
b2264,0.0008272341146289999
b2265,-0.007875756141889999
b2266,-0.0037021301973
b2267,-0.00206181598453
b2268,-0.00574281307142
b2269,0.0078502970527
b2270,0.000716431123844
b2272,0.0055932305862899994
b2274,-0.00297977125054
b2275,-0.0033011814966500005
b2276,0.0008608947670760001
b2277,0.00358944381414
b2278,0.00306903519866
b2279,0.0169672927385
b2280,0.00436403005011
b2281,0.00282137408129
b2282,0.00188532640211
b2283,0.0007738552032360001
b2284,-0.0026928204130300002
b2285,-0.00575368718354
b2286,-0.0027422785949
b2287,-0.00392118451856
b2288,-0.0010087006687799999
b2289,-0.009690050147540001
b2290,0.0051486481885699995
b2291,-0.00618881202342
b2292,-0.0061121893385
b2293,-0.0033077676018899997
b2294,0.000616616992043
b2295,-0.007070252738229999
b2296,-0.00197095008677
b2297,0.0021741025454499996
b2298,-0.0097838420421
b2299,-0.00708059789126
b2300,-0.007802870607220002
b2301,-0.00700185514092
b2302,-0.00599199216831
b2303,-0.00445172463217
b2304,-0.0035654069022399994
b2305,0.010830521832000001
b2306,0.0338638386591
b2307,0.0239620125358
b2308,0.0286367657201
b2309,0.0307693678738
b2310,0.0861951759437
b2311,1.62058259571e-05
b2312,-0.005927406876920001
b2313,-0.008619892450469999
b2314,-0.004934810127170001
b2315,-0.00546089062927
b2316,-0.000152339939864
b2317,0.006617194388560001
b2318,-0.00155802249466
b2319,0.0030774592480899998
b2320,-0.00306421794661
b2321,0.000199184565229
b2322,-0.0066503168047799995
b2323,-0.000583289517788
b2324,-0.00894102930807
b2325,-0.00244973175841
b2326,-0.00309726792719
b2327,-0.00452451345847
b2328,-0.00215384737215
b2329,0.0004291025179040001
b2330,0.00148331702364
b2331,0.0006740620845030001
b2332,-0.00228008881401
b2340,0.00267651362439
b2341,-0.00530788331068
b2342,-0.00631849593902
b2343,-0.008376691790840001
b2344,-0.00426606628693
b2345,-0.00033848712245399996
b2346,-0.00355842243769
b2347,0.00223834532959
b2349,-0.006346035417149999
b2350,0.0032157787514200003
b2351,0.0008975061872469998
b2352,0.0164184493384
b2354,0.014170473069799999
b2360,-0.00046605041661300004
b2364,0.00182623489281
b2365,-0.00261253940771
b2366,-0.00315838922877
b2367,-0.00398454407811
b2368,-0.00482051953922
b2369,0.0036103561491999995
b2370,0.0009557433077639999
b2371,-0.005430014755590001
b2372,-0.019388562447099997
b2373,-0.00883989877025
b2374,-0.00925622758296
b2375,-0.012530073801799999
b2376,0.00322290042591
b2377,-0.007690908276789999
b2378,-0.00394602084089
b2379,0.00109620241217
b2380,-0.00310971640614
b2381,-0.00165662165097
b2382,0.0017177780795699998
b2383,0.0060011600648099996
b2384,-0.0013948047451300002
b2385,0.00675225003669
b2386,0.0005897939819319999
b2388,-0.00249052963841
b2389,-0.0029663903491599997
b2390,0.00432099312778
b2392,-0.00404936119546
b2393,0.0044814702975699994
b2394,-0.0032642073881399996
b2395,-0.003908581588780001
b2398,-0.00490630971893
b2399,-0.00334878509185
b2400,-0.00856000118004
b2405,0.00481553142697
b2406,0.00017243581700900006
b2408,-0.0041108717655999995
b2409,0.0015877508127299998
b2410,-0.0163864223018
b2411,-0.00810561373246
b2412,-0.0010110275776199999
b2413,-0.00196793605938
b2414,-9.72389693003e-05
b2415,-0.00760427838486
b2416,0.000134451930732
b2417,0.000109920108062
b2418,-0.00446292567968
b2419,0.00890026280425
b2420,-0.00284843471655
b2421,0.00101682440501
b2422,0.010228205226700001
b2423,0.000256451615795
b2424,-0.0108232118559
b2425,-0.0114539701459
b2426,-0.005276959470060001
b2427,-0.0110374518472
b2428,-0.008065604560999999
b2429,0.00035350406131000003
b2430,-0.00014689100407299998
b2431,-0.0013143937987599998
b2432,-0.00267834991674
b2433,-0.0036747881753400003
b2434,0.000176025530449
b2435,-0.0041709962084799995
b2436,-0.00219255223569
b2437,0.0062395249724
b2438,0.00121581224183
b2439,-0.000215585971991
b2440,-0.00210585624535
b2441,0.00275048884547
b2442,0.00151235124984
b2443,-0.007376496380069999
b2446,0.00800756833147
b2447,0.000603338744735
b2449,-0.0126542293465
b2450,-0.005770401823430001
b2451,0.00122054591645
b2452,-0.0034665081091300003
b2453,0.00859538310744
b2454,0.00594111938554
b2455,-0.00209755627672
b2457,0.00010470931466299999
b2458,-0.005896944905399999
b2459,0.00656094126197
b2460,0.0187516450849
b2461,-0.011880999407799998
b2463,0.00616886935536
b2464,-0.00028093567318299996
b2465,0.00195861822398
b2466,-0.00706185480307
b2467,-0.00513453761525
b2468,-0.00178370324358
b2469,-0.00438836994613
b2470,-0.0036894336942199994
b2471,0.00149094631956
b2472,-0.0047288860135000005
b2473,-0.00163717351628
b2474,-0.00138274164838
b2475,-0.00801099308502
b2476,0.00338642775739
b2477,0.000483782406979
b2478,0.0005229263314180001
b2479,-0.00503099502627
b2480,-0.00124967639597
b2482,0.00968728564617
b2484,0.008704092527909999
b2486,0.0019592210343399997
b2487,0.00355304942213
b2489,0.005723406000569999
b2491,-0.00794906645997
b2492,-0.007098673375489998
b2493,-0.00102996634035
b2494,-0.00204298415053
b2495,-0.005789661328839999
b2496,-0.0038821661849
b2497,-0.0103940844851
b2498,-0.00863318514971
b2499,-0.0009313529885079999
b2500,-0.00406502647545
b2501,0.00056224394964
b2502,-0.00265439891739
b2503,-0.00752666637046
b2504,0.006665685938010001
b2506,-0.0017032490915999995
b2507,-0.0038384882578400004
b2508,0.0014798819183299999
b2509,-0.00702802501335
b2510,0.005428613952149999
b2511,-0.00117745207615
b2512,-0.0056852461497400005
b2513,-0.0052817507460499995
b2514,-0.00202032997618
b2515,-0.00497391330095
b2516,-0.000518331492263
b2517,-0.00128955106405
b2518,-0.0046832783297600005
b2519,0.00203979021304
b2520,-0.0026785655621900002
b2521,-0.00115679563721
b2522,-0.00861376372182
b2523,-0.00461384610899
b2524,-0.00010584898442200002
b2525,-0.0020982387719200002
b2526,-0.0064394831077799995
b2527,-0.00750855642261
b2528,-0.000760982666494
b2529,-0.005102845810239999
b2530,-0.0007933439096170001
b2531,-0.00313494633653
b2532,-0.0022665305443699997
b2533,0.004288100304530001
b2535,0.00833346883893
b2536,-0.005018624390189999
b2537,0.0025389377495
b2538,-0.00328278315489
b2539,0.0026786774359600003
b2540,-0.00118246097952
b2541,0.00709442537021
b2542,-0.005245452804630001
b2543,-0.010952427937700002
b2544,0.00154721690118
b2545,-0.0030522723636999998
b2546,-0.00351434440943
b2547,-0.0022025508833
b2548,-0.00263631531382
b2549,-0.00221101465865
b2550,0.00010892970290299999
b2551,0.00197396497539
b2552,-0.0107760881935
b2553,-0.00695738249291
b2554,-0.0029490334499899995
b2555,-0.00729249748746
b2556,0.0006178180633029999
b2557,-0.00322781641999
b2558,-0.00496112062292
b2559,-0.00113550244124
b2560,0.0034699235982199998
b2561,0.00510237401672
b2562,-0.0021540835709299997
b2563,-0.003957563947480001
b2564,0.000431324439958
b2565,-0.00471830022163
b2566,-0.00214650043686
b2567,-0.0026058276306799998
b2568,-0.00481940306157
b2569,-0.00348553683039
b2570,-0.00354006572048
b2571,-0.00630909237336
b2572,-0.00184160835566
b2573,-0.00267766841387
b2574,0.0246340856795
b2575,-0.011564789796299999
b2576,-0.00393597886155
b2577,-0.005328205063649999
b2578,-0.0224887172313
b2579,0.012826003747
b2580,-0.0042868464756
b2581,-0.000310916761358
b2582,-0.0020372354821900003
b2583,0.000357859966815
b2584,0.0006419545048099999
b2585,-0.0020048552836199997
b2586,0.000744146124533
b2587,0.0012964724275000001
b2592,-0.00160532150789
b2593,-0.00497166805367
b2594,-0.00520376599266
b2595,-0.00421417222327
b2597,-0.0025281569942600004
b2599,0.011729382574200002
b2600,-0.0146052463846
b2601,-0.00725187070925
b2602,-0.0039444022862
b2603,0.0017559598957800002
b2604,-0.00095397948492
b2605,-0.0100233868552
b2606,-0.00786558322161
b2607,-0.00854018251065
b2608,-0.010776021133299998
b2609,0.00318261329844
b2610,-0.0057709306661400004
b2611,-0.00127307197675
b2614,-0.005121180850640001
b2615,0.00030106662994200005
b2616,0.010201151488600001
b2617,0.0057725071565299995
b2618,-0.00872177679208
b2619,-0.00567241077065
b2620,-0.004637410610029999
b2622,-0.00762332528467
b2623,0.004534897651060001
b2625,-0.000948747205256
b2626,-0.0017035104202999998
b2627,-0.000584039747929
b2628,0.002935825098
b2630,-0.00696863532783
b2631,0.000873146748876
b2632,-0.00987715766023
b2633,-0.00199672050131
b2634,-0.0049860287297700005
b2641_2,0.000788048377064
b2642,0.00581448933188
b2647,-0.0014471529245000002
b2650,-0.00685748914025
b2659,0.0456619583227
b2660,0.0320048054142
b2661,0.0283345613154
b2662,0.029354114876799998
b2663,0.0376163945545
b2664,0.026111905570400003
b2665,-0.00019660229617200002
b2666,-0.0111076342835
b2667,0.0017367832711400002
b2668,-0.00854955930993
b2669,-0.00618967968368
b2670,0.0055203491504500005
b2671,-0.014812110952899997
b2672,-0.0105376166215
b2673,0.004702132657729999
b2674,-0.000405837214198
b2675,0.0034719066533600005
b2676,0.00021938443784900002
b2677,0.00418088667481
b2678,0.0022544646934800003
b2679,0.00114344873971
b2681_1,0.0178508711224
b2681_2,-0.00132146558104
b2682,-0.00527969860663
b2683,-0.00169460553216
b2684,-0.00744094856467
b2685,-0.009743022168450001
b2686,-0.011591017228899998
b2687,-0.00731955124955
b2688,-0.00296687161244
b2689,0.0008561469697069999
b2690,-0.00245418284871
b2696,-0.0035274589953400008
b2697,-0.00280911444784
b2698,0.00874718990692
b2699,-0.0012315963548499998
b2700,-0.0037155760464600003
b2701,-0.00801403422147
b2702,0.00405381961771
b2703,0.0017305557476400002
b2704,-0.00438153930308
b2705,0.000743341610102
b2706,-0.0148998803487
b2707,-0.006322999933569999
b2708,0.00455282779658
b2709,0.00052017859388
b2710,0.027236670731099998
b2711,0.015661735277799998
b2712,-0.0027551618934600003
b2713,0.0222660988613
b2714,-0.000282414076064
b2715,0.000815406669404
b2716,-0.00586425404771
b2717,0.00752326934093
b2718,-0.0028105875042600003
b2719,-0.004746755658930001
b2720,0.00437339562003
b2721,0.010490987724099999
b2722,-0.0010144767295800002
b2723,0.015001220606100001
b2724,0.0174439415219
b2725,0.0132977820909
b2726,0.061889737622
b2727,0.031729467122400004
b2728,0.00111625521806
b2729,0.017719486141800002
b2730,0.00710173338789
b2731,0.005241354432760001
b2732,-0.007245531875409998
b2733,-0.0026015269825399997
b2735,-0.000784665977569
b2736,-0.00026848433910799997
b2737,-0.0072953159079200015
b2738,-6.49206391634e-05
b2739,0.0026007034328100003
b2740,0.00615175672366
b2741,0.0121417820145
b2742,0.00264332685396
b2743,-0.00176955730723
b2744,-0.007289112357399999
b2745,-0.00387479627415
b2746,-0.008397674225229999
b2747,-0.00594131106303
b2748,-0.00149222697274
b2749,-0.0013677774523900002
b2750,0.0057057453725499994
b2751,0.005656230634850001
b2752,-0.004495230403029999
b2753,-0.0051798206718
b2754,0.0109840021921
b2755,-0.0030655292062699998
b2756,0.00100578159746
b2757,-0.00259798131219
b2758,0.00289723429749
b2760,-0.00096457355481
b2761,-0.0077471211783500015
b2762,0.007023765010479999
b2763,0.00326115682492
b2764,-0.00938755954678
b2765,-0.0021294306633
b2766,-0.017609753513
b2768,0.000376561144449
b2769,0.00510148700106
b2770,-0.0036598194904499995
b2771,-0.00751159006054
b2774,0.00306744880503
b2775,-3.46102487192e-05
b2776,-0.0027294987325000002
b2777,-0.00143140178418
b2779,0.000238081677744
b2780,-0.00067258521818
b2781,0.0053837825225
b2782,0.00805705300927
b2783,0.00893385785625
b2784,0.0199146531917
b2785,0.01453380447
b2786,-0.0017437780861400002
b2787,-0.0070796525561
b2788,-0.00753528575395
b2789,0.0045311531097900004
b2790,-0.00639860929105
b2791,-0.0014852193865599998
b2792,-0.0052043326371800005
b2793,-0.0026700457336599997
b2794,-0.00275547958404
b2795,-0.006683328258430001
b2796,-0.0033595232219799996
b2797,-0.00527807624435
b2798,0.00213803764645
b2799,-0.00446271941969
b2800,-0.0187486899224
b2801,0.006319936287520001
b2802,5.1472613701999997e-05
b2803,-0.00442308633411
b2804,0.00036251760049699997
b2805,-0.00345920963827
b2806,-0.00040469585253300014
b2807,-0.010742537554999999
b2808,0.00409877858332
b2809,7.05300264468e-05
b2810,-0.00449837883362
b2811,-0.00519725508297
b2812,0.003955682214590001
b2813,-0.0041079754290399995
b2817,-0.0006264502500880001
b2818,0.00775536444256
b2819,6.21307980868e-06
b2820,0.00145743068394
b2821,0.0009172484400269999
b2822,-0.00353976304046
b2823,0.00673428578107
b2825,0.0057708538249300004
b2826,0.00234210446325
b2827,-0.0030263605294199997
b2828,-8.39615666563e-05
b2829,-0.00568970828092
b2830,-0.0046117535563500005
b2831,-0.000176769336314
b2832,-0.014852949317
b2833,0.00726500905345
b2834,-0.00151400160421
b2835,-0.00597956115994
b2836,-0.00350079562619
b2837,-0.00335667531358
b2838,0.00463900828106
b2839,-0.007020423405290001
b2840,-0.000672681360858
b2841,-0.00839775752155
b2842,-0.0136251098456
b2843,-0.00767155400318
b2844,0.0006462693265730001
b2845,-0.00203117438799
b2846,0.008374775540689999
b2847,0.005851860949850001
b2848,-0.0124955928586
b2852,8.10906898793e-05
b2859,0.014961547503400001
b2860,-0.00368495848652
b2861,-0.00299374210262
b2863,-0.00833565976326
b2865,0.000859268980078
b2866,0.0200454021815
b2867,0.0226990746465
b2868,0.010247893348399999
b2869,-0.00678606130455
b2870,0.05672438561750001
b2871,0.031774360051799996
b2872,0.0158295363409
b2873,0.010527021349899999
b2874,-0.0012435197813
b2875,0.0826875329477
b2876,0.084026176404
b2877,0.000984336195497
b2878,0.0306701389971
b2879,0.0247342625536
b2880,0.0122343005844
b2881,0.005932969089750001
b2882,-3.34466719684e-05
b2883,0.0174818845906
b2886,0.00457071661503
b2887,0.012877213440600001
b2888,0.0172233417073
b2889,0.00207456902997
b2890,-0.00473774663173
b2891_2,-0.0048886557138000004
b2892,-0.00510790585672
b2893,-0.0105238333647
b2894,-0.00421207790357
b2895,-0.00735139972142
b2896,-0.00262544725242
b2897,-0.00294775989723
b2898,-0.000916063504178
b2899,-0.00215988905665
b2900,-0.00914734186926
b2901,0.0011475446338099998
b2902,0.014010936754700002
b2903,0.00547545696529
b2904,0.00976895621698
b2905,0.000925762066288
b2906,-0.0007243587693530001
b2907,0.0011572242226300007
b2908,0.00264344094406
b2909,-0.00386763805551
b2910,0.000511021824673
b2912,-0.00263852433692
b2913,-0.00833509598889
b2914,-0.00543716554041
b2916,-0.0032267226714299997
b2917,0.00212125689568
b2918,-0.00791863229541
b2919,-0.00129981804796
b2920,0.0013991849791099998
b2921,0.0015103839258499999
b2922,0.000725164837853
b2923,7.31810572504e-05
b2924,-5.21907956888e-05
b2925,-0.00523905154377
b2926,-0.0049069226943999995
b2927,-0.021022663456000002
b2928,-0.0032870496338400002
b2929,-0.00187235519224
b2930,0.0028777437793299997
b2933,0.0033708469527700003
b2935,-0.00163001045448
b2936,-0.00479481316072
b2937,-0.000443039936301
b2938,0.0008074391395910003
b2939,0.011394322716600002
b2942,0.0015233792790300001
b2943,-0.022559137470299997
b2944,-0.0096090556085
b2945,0.000922791639406
b2946,-0.00624925057228
b2947,-0.00512710565866
b2948,-0.00213628058927
b2949,-0.0038357844203699997
b2950,0.015540770716
b2951,-0.00613243572533
b2952,0.00295551137225
b2953,0.0005163182309169999
b2954,0.0032293203613099996
b2955,-0.00292140918246
b2956,0.00253078621524
b2957,-0.000359236643704
b2958,-0.000169745457016
b2959,-0.0038142321000700003
b2960,-0.00275130490479
b2961,0.000451053744876
b2962,0.000341119390965
b2963,0.000744562114354
b2964,0.00133884436166
b2965,-0.00846393668746
b2966,-0.0028203578261399996
b2968,-0.00916482711692
b2969,-0.000278754947511
b2970,-0.00938237894932
b2971,-0.0036052768864899996
b2972,-0.00837349716795
b2975,-0.00338809438515
b2976,-0.000330948359116
b2977,-0.0020484399463499997
b2979,0.00158515736091
b2980,0.00146896512105
b2981,0.013217186694399998
b2983,-0.0025912679689600003
b2984,-0.000691407917213
b2987,-0.0011994301123499998
b2988,-0.0020991473449
b2989,-0.00171904069753
b2990,-0.0038867362760500006
b2991,-0.00464497450624
b2992,-0.0010945259480000002
b2993,-0.00467597841651
b2994,-0.0039156403586300004
b2995,-0.00048465837827599994
b2996,0.0029664418686999997
b2997,0.00292401650883
b2998,-0.00014212116345
b3001,-0.011645320875999999
b3002,-0.00567885016508
b3003,-0.0017269059075
b3005,0.0024087730815999997
b3006,-0.00256315014512
b3008,-0.00349818096226
b3009,-0.007000775813600001
b3010,-0.0025932548439099997
b3011,0.0034578232039000002
b3012,-0.00649942417367
b3013,-0.00955526493279
b3017,-0.00335512116981
b3018,-0.0021971781521799997
b3019,-0.00197935783857
b3020,-0.0037648617962599998
b3021,-0.0178126948161
b3022,-0.0204121278426
b3023,-0.011436898100700001
b3024,-0.00298744386762
b3025,0.0027111708012699997
b3026,-0.0011003263666700001
b3028,0.00663996589712
b3029,-0.00404949863952
b3030,-0.00881003110108
b3031,-0.000633860607924
b3032,-0.0042259692795
b3033,0.00197529596613
b3034,-0.00223380643839
b3035,0.00195259200852
b3037,-0.00116173192655
b3038,0.00206742735071
b3039,0.000726703097538
b3040,-0.0031167149717399997
b3041,-0.031487729631500004
b3042,0.000771081269929
b3043,-0.0167270338752
b3046_2,-0.0035511529009
b3047,0.00736844576246
b3048,-0.009285642379780001
b3049,-0.00411633027517
b3050,-0.004973338916270001
b3051,-0.00161728210008
b3052,0.0044185140918299995
b3053,0.00464444647494
b3054,0.007750208096659998
b3055,0.00238816864472
b3056,-0.0035025749181899998
b3057,-0.00190299618843
b3058,0.00766554096026
b3059,0.0015235811422000002
b3060,0.0021310770672700002
b3061,0.0063583418371400005
b3062,0.0008194561974889999
b3063,0.0126822184495
b3064,-0.0029239694113799997
b3065,-0.00116049815211
b3066,-0.00026896948604
b3067,-0.00445213317188
b3068,-0.00830779791836
b3070,-0.000303202899326
b3071,-0.0026067779865100002
b3072,0.0034069541648899995
b3073,0.057026318563400014
b3075,-0.00491333613545
b3076,0.00677292805055
b3078,0.0027601343209699997
b3079,0.00201112638679
b3080,0.007515309223140002
b3081,-0.00518824088646
b3082,-0.008036088320969999
b3083,-0.00330547921106
b3084,0.00047494256565300003
b3085,0.00124567029543
b3087,-0.0046099044555
b3088,-0.0027689622115399997
b3089,0.000839476199889
b3090,-0.0100627890366
b3091,0.00364082462389
b3092,0.00486157403809
b3093,0.0010505709419
b3094,-0.000383148362203
b3095,-0.00503010175191
b3096,-0.000931946884229
b3097,-0.011371051777600002
b3098,-0.00552471796814
b3099,-0.00954315502343
b3100,-0.00796293399905
b3101,-0.00235696963141
b3102,-0.008136240534220001
b3103,-0.012641893414399998
b3105,-0.00016510451919700002
b3106,-0.00535209125805
b3107,-0.00240908839672
b3110,0.009922469003729999
b3113,0.000705336484623
b3114,-0.00465457834428
b3115,-0.00323526242854
b3116,-0.000977777347909
b3117,-0.000129052970363
b3118,0.004792270418529999
b3124,-0.0017871455119500004
b3125,-0.00743879219807
b3126,-0.0129206802024
b3127,0.00861945171337
b3128,-0.00572278956899
b3129,-0.008084355764489999
b3130,-0.0118255019058
b3131,0.00205300949304
b3132,0.0024589176601099998
b3133,0.0121450329361
b3134,0.010456449824200001
b3135,-0.00965361477309
b3136,0.00395462916064
b3139,0.005621343736880001
b3140,-0.000646632301485
b3142,-0.0038989397274899994
b3144,-0.00147659903746
b3145,-0.007882804022429999
b3146,0.00359254464095
b3147,-0.00291187899974
b3148,0.0033602167532399995
b3149,-0.00412401481684
b3150,0.0009441848281989999
b3151,-0.007067223115459998
b3152,0.0023834349034499995
b3153,-0.00556572727678
b3154,0.00209262570566
b3155,-0.00777202611253
b3156,-0.00494512361717
b3157,0.000219832598215
b3158,-0.001435851675
b3159,0.00441733750971
b3160,-0.00226003806511
b3161,0.000801546971858
b3162,-0.00138876620097
b3163,0.00034117073009599995
b3164,-0.00016252591967
b3165,0.0016702374991500002
b3166,-0.004325987849640001
b3167,-0.00142598533865
b3168,-0.00470920413465
b3169,-0.0040820685425299996
b3170,-0.000672260358367
b3172,-0.00921757587603
b3173,-0.0114597963563
b3175,0.0032914717861999994
b3176,-0.00125203402251
b3177,-0.0038436210395700002
b3178,0.000717157120267
b3179,0.00024535030928799997
b3180,-0.00035767813337
b3181,0.013183515562200002
b3182,0.006168648289700001
b3183,0.000828277285995
b3184,-0.0019352571854
b3185,0.0027424195047399996
b3186,0.00485519124477
b3187,-0.00173085723191
b3188,0.00569228564506
b3189,-0.0026368824347399998
b3190,-0.00559720323569
b3191,-0.0004491549639840001
b3192,0.0047845281989899995
b3193,0.00456606781339
b3194,0.0030475798734299997
b3195,0.00396847829502
b3196,-0.0006432016003169999
b3197,-0.000301177237232
b3198,0.0008833963835029998
b3199,0.000530250740275
b3200,-0.00123797832206
b3201,-0.0005483692211319999
b3202,-0.00224454912062
b3203,0.007243476188630002
b3204,0.0036668133142199995
b3205,0.0007030342433560001
b3206,-0.000650814104242
b3207,-0.00011410144573899999
b3208,-0.005594503654510001
b3209,-0.0113074421799
b3210,-0.00569762323239
b3211,-0.0059101703713999995
b3212,0.0158232416299
b3213,0.019616238850799998
b3214,0.005505419705
b3215,-0.00537868448507
b3216,-0.006807755804270001
b3218,0.00598720360275
b3219,-0.00343889021424
b3220,0.00341716510306
b3221,0.009285693113950002
b3222,0.00286616426584
b3223,0.00267225044253
b3224,0.011102429804700002
b3225,0.00883740141151
b3226,0.00130803086675
b3227,0.006693865382310001
b3228,-0.00551412571182
b3229,-0.0034819173671
b3230,-0.0027643847284400005
b3231,-0.00439322984578
b3232,-0.0011572684913399999
b3233,0.000158622658556
b3234,0.000361282932298
b3235,-0.00217569945005
b3236,-0.00247258926564
b3237,-0.00283032280982
b3238,-0.00462765972312
b3239,-0.005653609081649999
b3240,-0.00108363978957
b3241,-0.00399594337439
b3243,-0.0005880728338130001
b3244,-0.0030407292607500004
b3247,-0.000781607175023
b3248,-6.84877906619e-05
b3249,-0.00814683057974
b3250,-0.00170415124678
b3251,0.000629923850096
b3252,-0.00268863851958
b3253,-0.00036717167596499997
b3255,0.00902892316827
b3256,0.000187272520872
b3258,0.000227737472854
b3259,-0.00132144682288
b3260,-6.18293666354e-05
b3261,-0.00725477700438
b3262,-0.009465771793379998
b3263,0.006188941890220001
b3265,0.008615288655889999
b3266,0.00476697721655
b3267,0.0106503387776
b3268_2,0.141538887876
b3269,0.0695873321637
b3270,0.0816439992231
b3271,0.057242735241599986
b3279,-0.00191396345962
b3280,-0.00184101142746
b3281,-0.0139441602388
b3282,-0.0035584902724099996
b3283,-0.0059227458666
b3284,-0.00382436456651
b3287,-0.0038209443273499997
b3288,-0.0013717331969900002
b3289,-0.00386250109314
b3290,-0.00367985505785
b3291,-0.005426968192039999
b3292,0.00666712898346
b3293,0.004803255558270001
b3294,-0.00507532101381
b3295,-0.00211986698733
b3296,-0.00317248465968
b3297,0.000133700800176
b3298,0.000956423219007
b3299,0.009577366095069999
b3300,-0.0031811176342800003
b3301,-0.00145904029209
b3302,-0.004749923737130001
b3303,-0.0034257760428000003
b3304,-0.000709211838992
b3305,-0.005248011552750001
b3306,-0.00388272399203
b3307,-9.65304904851e-05
b3308,-0.0037522546159000003
b3309,-0.007555643445270001
b3310,0.00156186551076
b3311,-0.00115487865532
b3312,0.00639799431341
b3313,-0.00033265066460200004
b3314,-0.00041076812376900003
b3315,0.0027265664081100004
b3316,-0.0030265121326599996
b3317,-0.002102120644
b3318,-0.00414305341587
b3319,-0.0033531095199699997
b3320,-0.0044565025283800005
b3321,0.00041870842466500016
b3322,-0.0042361183834
b3323,-0.00601797193796
b3324,0.0007349295809889999
b3325,0.006453009412390001
b3326,0.0030431102243899995
b3327,0.010309880893299999
b3328,0.00114181870902
b3332,-0.0038880074683600003
b3333,0.00622917350251
b3335,0.00157084691207
b3336,-0.00311020530886
b3337,0.0026600556840500004
b3338,-0.00473483796845
b3339,-0.00279417739192
b3340,-0.0038353205513400003
b3341,-0.0022629301665700002
b3342,0.000678174357901
b3343,-0.00827349944879
b3344,0.00102752209636
b3345,-0.0011525615190799998
b3346,-0.0021864412362399997
b3347,-0.005516826989560001
b3348,0.0017376200760399999
b3349,0.0017215565286600005
b3350,0.00308842564
b3351,-0.00151134408125
b3352,-0.00227698491888
b3353,-0.00358336707885
b3354,0.000518653313567
b3355,0.0016126367963699999
b3356,-0.0015143873514599998
b3357,0.0260755016509
b3358,0.0173369755056
b3359,-0.000947278364705
b3360,-0.00326091553786
b3361,0.00316446603406
b3362,0.00148432387893
b3363,0.0003749344343899999
b3364,0.0288029571764
b3365,0.00152843142011
b3366,0.010623974404400001
b3367,0.00972654839296
b3368,0.0008752434994289999
b3369,-0.00551726438608
b3370,0.00103061235355
b3371,0.010626829227100001
b3374,0.00214237499966
b3375,0.00039719080369999995
b3376,0.00173850606475
b3377,-0.0102948107776
b3379,0.00412023687737
b3380,0.0150053879449
b3381,0.0054091218808700004
b3382,0.00954835378769
b3383,0.00565233844158
b3384,-0.00281394164591
b3385,-0.00266304856172
b3386,-0.00262042703121
b3387,-0.0053334112134900006
b3388,-0.0014931304383399998
b3389,-0.0058167911919
b3390,-0.00022219628724400001
b3391,0.0010145945628
b3395,0.0054929529021400005
b3396,0.0026580635636100003
b3397,0.00198920535143
b3398,-0.0017469977643199998
b3399,-0.0050024345429300005
b3400,-0.00462934627143
b3401,-0.00861658627886
b3402,-0.0051997379808999995
b3403,-0.0037046183565300006
b3404,-0.0035496244594899994
b3405,-0.0027247869951999995
b3406,-0.0036938382182499997
b3407,-0.004664628788600001
b3408,0.000767047548368
b3409,0.007022929005189999
b3410,0.011311414909299999
b3411,0.00482939677438
b3412,-0.0039750745319
b3413,-0.00556570638943
b3414,-0.00125991399178
b3415,-0.00989555122474
b3416,0.00550856901879
b3417,0.0033299044999499997
b3418,-0.00647961912365
b3421,0.0255983931863
b3422,-0.00416662496338
b3423_1,-0.0027394761737799997
b3423_2,0.0015413238107899999
b3424,0.00312259620083
b3425,0.00390981139983
b3426,-0.00942816063991
b3428,0.0029231536829399996
b3429,0.004525704744489999
b3430,0.0008708568279550001
b3431,0.00363666183433
b3432,0.00956852701016
b3433,0.0037583830124800002
b3434,-0.00684771087432
b3437,-0.013755983740999999
b3438,-0.00700637798613
b3439,-0.00309233921103
b3440,-0.00419291098882
b3441,-0.00466530735966
b3442,-4.96119605872e-05
b3446,0.0304406496867
b3447,-0.0014524278054400001
b3448,-0.011470540110799999
b3449,-0.00722844582693
b3450,-0.0064949451629300005
b3451,-0.011939540176
b3452,-0.00077262908466
b3453,0.000246415145817
b3454,-0.00445165728019
b3455,-0.010058832858
b3456,-0.00827232680787
b3457,-0.0104836264616
b3458,-0.0141016107729
b3459,0.0031832903415000002
b3460,0.005925799216270001
b3461,0.00279258356658
b3462,-0.00110974112239
b3463,-0.0016307633515500002
b3464,-0.000692628087089
b3465,-0.00212286844584
b3466,-0.00577320335213
b3467,0.000206037407074
b3468,0.00041565611561500003
b3469,-0.0113427642099
b3470,0.00216364375425
b3471,0.023912956386199998
b3472,-0.000514721914682
b3473,-0.00585981945036
b3474,-0.00441960847484
b3475,-0.00421683905213
b3476,-0.0166985931181
b3477,0.00017579859853499998
b3478,-0.00652850042058
b3479,-0.00413393630883
b3480,0.006707130051739999
b3481,0.008187558463409999
b3482,0.0007037085438780001
b3484,-0.00319887905084
b3485,0.000697837873202
b3486,-0.00116925190902
b3487,-0.0003888228208459999
b3488,0.0023237463035
b3491,-0.00322427266158
b3492,-0.00667029142946
b3493,-0.0015969267917099999
b3494,-0.0004653806317819999
b3495,0.00159851238617
b3496,0.0026400970211799997
b3497,-0.00316565988855
b3498,-0.00516910035967
b3499,-0.00505121731326
b3500,-0.00736702877919
b3501,0.00261664950575
b3502,-0.00792974321138
b3503,0.006992300650640001
b3505,0.00630319543416
b3506,-0.0111883001556
b3507,0.00529327254043
b3508,0.0056046583887400005
b3509,0.00748150715263
b3510,-0.000598176887354
b3511,-0.00556709348472
b3512,0.0118473116284
b3513,-0.0062701631079
b3514,-0.008487505248359999
b3515,0.00219606558835
b3516,-0.00222247675396
b3517,-0.012515453672
b3518,-0.00717604618165
b3519,0.004650469540310001
b3520,-0.0043296045919399995
b3521,-0.00108562696947
b3522,-0.00839117421987
b3523,-0.00769001319977
b3524,-0.00279231186564
b3525,-0.0050495546991000005
b3526,-0.0026640098233699995
b3527,-0.00299373275408
b3528,-0.006337742364170001
b3529,-0.005549636350960001
b3530,-0.0020433771385
b3531,0.00157663177184
b3532,0.0001940256771690001
b3533,0.00991567406855
b3534,0.0009752331161449999
b3535,0.0029187778371300003
b3536,-0.00257482607525
b3538,0.000747047297502
b3539,0.00326810682227
b3540,-0.0074323068232600015
b3541,-0.006477754941040001
b3542,-0.000131909994871
b3543,-0.00164648798827
b3544,-0.0055915777764300005
b3546,-0.00750812202665
b3547,-0.00879835660739
b3548,0.0040294214256
b3549,0.00411908126246
b3550,0.00307756243801
b3551,-0.0019770682328800002
b3552,-0.0153305824369
b3553,-0.00021470454637799997
b3554,0.0036411934470800002
b3555,-0.00449752675104
b3556,-0.00724495484322
b3557,-0.0107806178382
b3558,-0.00213742793331
b3559,-0.00381724449877
b3560,-0.00446846607441
b3561,-0.00419774900594
b3562,0.0013852076169400002
b3563,0.00129892188569
b3564,0.00461651242364
b3565,-0.00474155927138
b3566,0.006984157767520001
b3567,-0.00194498249026
b3568,-0.0025483992421100003
b3569,0.0021725633918699997
b3570,0.0059759793352199995
b3571,0.00555167802012
b3572,-0.00282122509608
b3573,-0.00210252046916
b3574,0.0125010701862
b3575,0.00182422778061
b3576,-0.00825707436704
b3577,-0.0007024931103470001
b3578,-0.0034279468806999998
b3579,0.00507262345842
b3580,-0.00659334903065
b3581,-0.00026364376525
b3582,0.00666888266433
b3583,-0.00943622401083
b3584,-0.0006636424250690001
b3585,-0.0019451387365599997
b3586,-0.008356834377249999
b3588,0.00927376246575
b3589,0.0107555239836
b3590,0.00424896198194
b3591,-0.00262247221617
b3592,0.00389406006483
b3593,0.00203509376147
b3594,0.014143899324100003
b3595,-0.007446479308749998
b3597,-0.000244207224452
b3598,-0.0065660525853999995
b3599,-0.0020177832617
b3600,-0.00302650014117
b3601,-0.0010003321395599999
b3602,-0.003596486346500001
b3603,0.00270022782535
b3604,0.004767712891439999
b3605,-0.00350249720827
b3606,0.0023543216411700003
b3607,0.000789337820003
b3608,-0.0019084030826199997
b3609,-0.00505775747157
b3610,0.0030038145744000003
b3611,-0.004339761493310001
b3612,0.00601489675056
b3613,0.00080074353584
b3614,0.000206215337713
b3615,-0.00819085667853
b3616,0.0019840814454000003
b3617,-0.00103445295198
b3618,-0.0118476504439
b3619,0.000100777104313
b3620,0.00105596067277
b3621,-0.001687554589
b3622,0.0109604617731
b3623,-0.00246586769773
b3624,-0.00270850366588
b3625,0.00358465051738
b3626,-0.00285902331038
b3627,-0.0056809621056000004
b3628,-0.00607965771189
b3629,0.0033298399078
b3630,0.00076971076166
b3631,0.00249211363367
b3632,0.0021249130129
b3633,-0.0037361013845000003
b3634,-0.00729597000396
b3635,-0.005858206607689999
b3636,-0.00212439343907
b3637,-0.00425192817813
b3638,0.00338631083056
b3639,9.61782035653e-05
b3640,0.0036847178856799995
b3641,-0.00218995356866
b3642,0.00752852443266
b3643_1,-0.00493953494704
b3644,-0.00225374520671
b3645,0.00042402944485
b3646,-0.014396533448399999
b3647,-0.000598128920304
b3648,0.000991823583397
b3649,0.00524586097957
b3650,-0.00166472551822
b3651,0.00390310204954
b3652,0.0018449907936500002
b3653,0.00019066324870599998
b3654,0.0042400175941500005
b3655,0.00136894212612
b3656,0.0006464875887100001
b3657,0.00760767558495
b3659,-0.00147699319913
b3660,0.0030152632513
b3661,-0.00463315661369
b3662,-0.00174458616488
b3663,-0.00556886195765
b3664,0.00911917640439
b3665,-0.006822057614229999
b3666,0.022996525655999998
b3667,-0.011976563039
b3668,-0.0029568459335
b3669,-0.0083256791005
b3670,-0.0117132356048
b3671,-0.010708081437799999
b3672,1.3372724335e-05
b3673,0.00128494943911
b3674,-0.0015448040043900002
b3675,0.00251328522246
b3676,0.00280296130043
b3677,-0.0148254518317
b3678,0.000588618939925
b3679,-0.0048007214393299994
b3680,0.0029028488753800002
b3683,-0.005589855915080001
b3684,-0.00127226832427
b3685,-0.0013893304278699999
b3686,0.00417729980459
b3687,0.00716954622569
b3688,0.00502754892713
b3689,-0.003586994373130001
b3690,0.0011185810217
b3691,-0.00821210852486
b3693,-0.0072759527858
b3696,-0.0162515093772
b3697,-0.00209007293538
b3698,-0.0014427512798800002
b3699,-0.00299520655608
b3700,0.0023929695140500005
b3701,-0.0007419292444319999
b3702,0.000747866723081
b3703,0.0025635034895799998
b3704,-0.00154832320046
b3705,-0.00384848352452
b3706,-0.00611979052366
b3708,-0.00271250541369
b3709,0.0123412928969
b3710,0.014663086647700004
b3711,-0.00276242257798
b3712,0.006296706809460001
b3713,0.006886948526409999
b3714,-0.00307937754472
b3715,0.00295613567072
b3716,-0.00397653044291
b3717,-0.0122306297523
b3718,-0.0120185983629
b3719,-0.00325278912955
b3720,0.00369643412253
b3721,-0.00435487155043
b3722,0.00020405732750400002
b3723,0.013671436917
b3724,-0.00273352785825
b3725,0.0039323374652399995
b3726,0.000440138062172
b3727,-0.0005538995100190001
b3728,0.00883520249451
b3729,0.00189007709403
b3730,0.00126242583922
b3731,-0.00168044126556
b3732,-0.00074116447944
b3733,-0.0015222324766199999
b3734,-0.0015530183003900002
b3735,-0.0018049172630499998
b3736,-0.00230030569785
b3737,-0.000177334648828
b3738,0.0026958714119499996
b3739,-0.00401951979076
b3740,-0.004389065095739999
b3741,-0.0033165940325900005
b3742,0.0019276065278299999
b3743,0.00179966521474
b3744,0.0350562356385
b3745,-0.00445476566778
b3746,-0.00459550712477
b3747,-0.00177920111185
b3748,-0.010940899027799999
b3749,-0.00856079882526
b3750,-0.0141256478841
b3751,-0.0075418726439799985
b3752,0.000767028623015
b3753,0.0013419455224399999
b3754,-0.00026659188547199997
b3755,-0.00851943038885
b3764,-0.0021763903575300002
b3765,0.00213165668109
b3766,0.00437776616449
b3769,-0.00404041465208
b3770,-0.010217558393
b3771,-0.005160788667100001
b3772,-0.00237628687921
b3773,-0.00556841276141
b3774,-0.00744236640244
b3775,-0.000123116532516
b3777_2,0.00481808445844
b3778,-0.0038341812794000004
b3779,-0.0012278760882899998
b3780,-0.00323809325882
b3781,0.0038252277686400002
b3783,-0.0009883882013230001
b3784,-0.00756372283058
b3785,-0.00485624767901
b3786,-0.00685866680525
b3787,-0.00661301071623
b3788,-0.0056173288393
b3789,-0.00850049898666
b3790,-0.00511788522136
b3791,-0.00735046535666
b3792,-0.00227165600736
b3793,-0.0035747131031199997
b3794,-0.012000659354299998
b3795,-0.00468159901423
b3800,0.00196955323833
b3801,-0.0018457512944000001
b3802,-0.0049169683924899996
b3803,-0.0028959436673200003
b3804,-0.00221056616097
b3805,-0.00341194453737
b3806,-0.00339712631174
b3807,-0.00337332850456
b3809,-0.00197394618707
b3810,0.0014944205995500001
b3811,-0.0006929040657809999
b3812,0.000442647491519
b3813,-5.45024229668e-05
b3816,0.0034775322397399997
b3817,-0.00681979050849
b3819,-0.0025467468835100003
b3820,-0.00422081668275
b3821,0.00257326347812
b3822,-0.000242777880144
b3823,0.0042358729675799995
b3824,-0.00682875891362
b3825,-0.00294774335486
b3826,-0.00175708108985
b3827,-0.00664586796509
b3828,-0.00587013610011
b3829,0.0166263826938
b3830,-0.0112430013466
b3831,0.0163222914047
b3832,0.00048703953333
b3833,-0.00306369754523
b3834,0.000316893006156
b3835,-0.00030671939951300005
b3836,0.000777376003642
b3838,-0.000915070263582
b3839,0.0007084565805299999
b3842,0.0005298865867260001
b3843,-0.00169124318794
b3844,-0.00197335741404
b3845,-0.0026537612622199998
b3846,-0.004458358217189999
b3847,-0.00522869120016
b3848,-0.008780153035379998
b3849,-0.00363647968871
b3850,-0.0020607266445099998
b3856,0.00627672449953
b3857,-0.00107897801161
b3858,-0.0059674753707700005
b3859,-0.000833028957464
b3860,-0.000786957058371
b3861,-0.00408955929147
b3862,0.00129514798469
b3863,-0.0037200894854099997
b3865,-0.00403748752092
b3866,-0.00851920117504
b3867,-0.00320758956746
b3868,0.055853482521599995
b3869,0.055951810180800005
b3870,0.0713047484143
b3871,-0.00759546295076
b3872,-0.00787725185693
b3873,0.005323203431779999
b3874,0.0015957855459300002
b3875,-0.00466511973976
b3876,-0.012030668329999999
b3877,0.0063440140680699995
b3878,0.0145005188084
b3879,-0.000899105311977
b3880,-0.00033590170893100005
b3881,-0.00249320721857
b3882,-0.0016217059107500001
b3883,0.0009634850978710001
b3884,0.00380269127064
b3885,-0.00267475675948
b3886,-0.001902024364
b3887,0.000906659807665
b3888,0.00140075986085
b3891,-0.00225066587358
b3892,-0.00429041989266
b3893,-0.000419626787759
b3894,-0.0028476186942
b3895,-0.00432432191571
b3896,-0.00141675952246
b3897,0.004185750364489999
b3898,-0.00334780554437
b3899,0.0116965539523
b3902,-0.0028983965135599998
b3903,-0.0029912847445899998
b3904,-0.006207412140060001
b3905,0.00228734434719
b3906,-0.00257684682792
b3907,-0.000249163894191
b3908,0.0159178191788
b3909,-0.0170355129042
b3910,-0.009709115268059999
b3911,0.00398269832811
b3912,0.007005723608699999
b3915,0.0012701961873099999
b3916,-0.002770929941280001
b3917,-0.0070015019693600005
b3918,-0.0063790394690600005
b3919,-0.00160152599953
b3920,-0.00289094146053
b3921,0.0032671778577399997
b3922,-0.0072075420514500005
b3923,-0.00193290393277
b3924,0.0101612182091
b3925,-0.00794018277199
b3926,-0.014363266754
b3927,-0.00020244338568400002
b3928,-0.00982336628424
b3929,-0.00471183421335
b3930,-0.0013504327889600001
b3931,-0.0024070248053899997
b3932,0.000601866288021
b3933,-0.000573600392165
b3934,-0.00357256484734
b3935,-0.00209518903531
b3936,-0.00496823695226
b3937,-0.000979377804575
b3938,-0.00673837194304
b3939,-0.00692054002704
b3940,-0.00859382941161
b3941,0.0028499215559499996
b3942,0.005675347091239999
b3943,-0.012338549752100001
b3945,-0.008410159658520001
b3946,-0.00966250580675
b3947,-0.00276167411203
b3949,-0.00310087921746
b3951,-0.0033784132681500003
b3952,0.0075079259317500004
b3954,0.00217507325786
b3955,-0.00968803070787
b3956,0.0038869013996999996
b3957,-0.00240485035223
b3958,0.0106413543729
b3959,0.0013766582384300001
b3960,-0.000752468314592
b3961,0.00131313308632
b3962,-8.30206274559e-05
b3963,0.011640942243999999
b3964,0.006456936002409999
b3965,-0.00792844401215
b3966,-0.00907787702269
b3967,-0.00233150822232
b3972,-0.00479279597375
b3973,-0.00190189009236
b3974,-0.00464137642495
b3980,-0.0146954152929
b3981,0.00420153750466
b3982,-0.00382039419664
b3983,-0.0036102936559899994
b3984,-0.003400077209
b3985,-0.00181084072881
b3986,-0.00692357876455
b3987,-0.00362812266412
b3988,-0.00101367465015
b3989,-0.006870738351850001
b3990,0.0036567901673099997
b3991,0.00204341951988
b3992,0.0015208415626199998
b3993,-0.0009310261309039998
b3994,-0.00023012415093900002
b3995,0.00250967856221
b3996,-8.72874326596e-05
b3997,-0.00476311930798
b3998,-0.0016442966200399998
b3999,-0.00580151790529
b4000,0.00888936939006
b4001,0.0130181103024
b4002,0.07955236526380001
b4003,0.0178743411389
b4004,0.0167989743833
b4005,-0.0125460678547
b4006,-0.013018632199600002
b4012,0.0031726684991
b4013,-0.00948073806002
b4014,0.00267119144172
b4015,0.00384055121743
b4016,-0.0030261641000700005
b4017,-0.00412398921915
b4018,0.00370280346713
b4019,-0.00629931872118
b4020,-0.00475808264794
b4021,-0.00769235487172
b4022,0.0012510196830899998
b4023,0.00427812464886
b4024,0.0189724169858
b4025,0.000643703883581
b4026,-0.004897773249970001
b4027,-0.0179394595223
b4028,-0.006088159671390001
b4029,0.00651484565041
b4030,0.003086918952260001
b4031,-0.00995252561091
b4032,0.00414293103872
b4033,0.0016464457013700001
b4034,-0.0132966419482
b4035,-0.00697447280606
b4036,-0.00036558041376300016
b4037,-0.005103545646279999
b4038_3,-0.0026783496671900003
b4039,0.0027340917407299996
b4040,-0.00541786432738
b4041,-0.00192369573913
b4042,-0.0029268857587499996
b4043,-0.0024686470725700004
b4044,-0.00518956265978
b4045,-0.019622944359099996
b4046,-0.0059920661138500005
b4049,-0.00212424686731
b4050,-0.0006577764350399999
b4051,-0.006437703116489999
b4052,-0.00181398321166
b4053,-0.008937953550870001
b4054,0.00385786176009
b4055,0.00406697707065
b4056,-0.00250415279618
b4057,-0.0037690866213200003
b4058,-0.0039377148678
b4059,-0.0060914533973400005
b4060,0.0253106006582
b4061,-0.0006608149351679999
b4062,0.0150078194966
b4063,-0.000610081902609
b4064,-0.00324107485933
b4065,-0.0086543416314
b4066,-0.00648598077902
b4067,0.007850865332729998
b4068,0.00853274957586
b4069,-0.000159883361476
b4070,-0.00189463957895
b4071,0.0120854502077
b4072,-0.00377592830246
b4073,-0.00229673979123
b4074,-0.0021188959743
b4076,-0.00487676955847
b4077,-0.010859433820400001
b4078,-0.0038568795893899996
b4079,0.0392400679612
b4080,0.00417217859928
b4081,0.0034669976464000002
b4082,-0.000863049715002
b4083,0.00506608563114
b4084,0.00400011444702
b4085,0.00389574041721
b4086,0.00188466647081
b4087,0.0040006659057600005
b4088,0.00565169499865
b4089,-0.00464365724327
b4090,0.009973201960870001
b4092,0.0018087635783800005
b4093,0.0067737799636
b4094,-0.0047177909144
b4095,-0.0027252551104899997
b4096,0.0072311174273000005
b4098,0.00557216881268
b4099,-0.00406517825086
b4102,0.00695041987605
b4105,-0.0024688511591999997
b4106,0.0143162546108
b4107,-0.00617088242433
b4108,0.0017726933632100004
b4109,0.0072118722267200015
b4110,0.00131183162922
b4111,0.012669864410999999
b4112,-0.0012922517949200002
b4113,-0.00492419243625
b4114,0.00916580069456
b4115,-0.00474389005753
b4116,-0.0161343617679
b4117,0.00144954024901
b4118,-5.84783659286e-05
b4119,-0.00470186979399
b4120,-0.005893458312810001
b4121,-0.006545328544010001
b4122,0.0027828314095900003
b4123,-0.00659433597526
b4124,-0.00333968091041
b4125,-0.00307025161062
b4126,-0.00590534455081
b4127,-0.0123436700205
b4128,0.00719745177499
b4129,-0.0037503697009200004
b4130,-0.00498497541965
b4131,0.00146483121817
b4132,0.00130907638167
b4133,-0.0014087557084600001
b4135,-0.009878517830620001
b4136,0.0019561321749
b4137,-0.000344030633878
b4138,-0.00103978565844
b4139,-0.011197073395200001
b4140,-0.00288766714002
b4141,-0.00399678304048
b4142,-0.0028734024671
b4143,-0.0031678365100199996
b4144,0.0028297200034999997
b4145,-0.0117897475787
b4146,-0.0020385988413800004
b4147,-0.0025516326972700003
b4148,-0.0061264608484100005
b4149,-0.00254193535593
b4150,-0.00595342512049
b4151,-0.0014474169747000002
b4152,-0.011149473692299999
b4153,-0.00516885045149
b4154,-0.0121131742911
b4155,-0.00894432861566
b4156,0.0040078762695
b4159,-0.000761039197535
b4160,0.00192421259882
b4161,-0.00300121057586
b4162,-0.0043837087522
b4166,-0.00633516991355
b4167,-0.0026503226503899998
b4168,-0.0007278178298400001
b4169,0.00126154655669
b4170,-0.0071815623572899995
b4171,-0.00121486896564
b4172,0.00592021633072
b4173,-0.0039248564599
b4174,-0.000813494359771
b4175,-0.00180082485348
b4177,0.007353751328069999
b4178,-0.0018421169699999998
b4179,-0.00255000031039
b4180,-0.00509077741601
b4182,-0.00979810417789
b4186,-0.011250588245899999
b4187,-0.0013439203683
b4188,0.017312642662200003
b4189,-0.00107652877986
b4190,-0.00343473764881
b4191,-0.005475473448729999
b4192,-0.00796577194728
b4193,0.00402127467612
b4195,-0.0014551690986400001
b4196,-0.001181322699
b4197,-0.00580493807255
b4198,0.00125068673178
b4199,-0.00800160335402
b4200,-0.0006423726838250001
b4201,-0.00406928825836
b4202,0.005728852809950001
b4203,-0.005810288106130001
b4204,-0.0166622367243
b4206,-0.0025309172483800003
b4207,0.00185588904044
b4208,0.00815561360112
b4209,-0.017362954969799997
b4210,-0.00129939071957
b4211,0.00766220454992
b4212,-0.002285852922
b4213,-0.00362407468245
b4214,-0.00566218322095
b4215,0.00262434202101
b4216,-0.00520018793621
b4217,-0.005708384771239999
b4218,-0.00308378373931
b4219,-0.0008176256292139999
b4220,-0.00453502723839
b4221,-0.00265207669253
b4222,0.000219969400252
b4224,0.0017793061642999999
b4225,0.0136143961415
b4226,-0.0027998726425
b4227,-0.00391543216782
b4230,-0.0067914376872299995
b4231,-0.006447274328140001
b4232,-0.006730804915670001
b4233,-0.00230536212914
b4234,0.0007431111102260001
b4235,-0.00953656975302
b4236,-0.012709045319399998
b4237,-0.0007004513763
b4238,0.00362722907418
b4239,-0.00887229442962
b4240,-0.00874561549661
b4241,-0.0013597990650099998
b4242,0.045066061869
b4243,-0.011831899281600002
b4244,-0.027929685128000002
b4245,-0.0265428230582
b4246,-0.018853981598400002
b4248,0.0115395780871
b4249,-0.005944485679949999
b4251,-0.00422788089294
b4252,0.00217616827076
b4253,0.00555381526953
b4254,0.0244072647706
b4255,-0.0071130532358800016
b4256,-0.005845359220390001
b4257,-0.019376802654299998
b4258,-0.0030603737726700004
b4259,-0.008414790874729999
b4260,-0.0023948029489799997
b4261,-0.00493366733413
b4262,-0.00262830926753
b4263,-0.0019256757603
b4264,-0.00206259567638
b4265,-0.0075741852427
b4266,-0.012282710875799999
b4267,-0.00427787765104
b4268,0.0022980640549200002
b4269,-0.010535250685
b4271,-0.00519259541682
b4278,-0.0062470155458500005
b4279,0.00206022323048
b4280,0.000679124732737
b4284,-0.00294641939572
b4287,-0.00734119130201
b4288,-0.0138640879488
b4289,-0.013681506166000001
b4290,-0.0136550188883
b4291,-0.0182876017712
b4292,-0.0107027848389
b4293,-0.00981960980777
b4294,-0.0158387355618
b4295,-0.00434164421568
b4296,-0.00939642401346
b4297,-0.00995473653044
b4298,-0.00775261026342
b4299,0.005378232132040001
b4300,-0.00635786319566
b4301,-0.0104536470585
b4302,-0.0006290207658940001
b4303,-0.00640492686496
b4304,-0.00676204040227
b4305,0.000190991723442
b4306,-0.0030664565653000003
b4307,0.00162530765219
b4308_2,0.00113215880156
b4309,0.00240015783879
b4310,-0.00125512653945
b4311,0.00339527316466
b4312,0.0023903373980500003
b4313,-0.0125671302704
b4314,0.0011617368750400001
b4315,-0.000715578999797
b4316,-0.00086182766831
b4317,-0.00392399531088
b4318,0.00622554857748
b4319,0.0144676308503
b4320,0.00362049108556
b4321,0.004990745373350001
b4322,0.0073627161145
b4323,0.0037408718542399997
b4324,0.00048219642308399997
b4325,-0.00346570179548
b4326,-0.0231561775177
b4327,-0.00639192631622
b4328,-0.00238184566119
b4329,0.0167393917096
b4330,0.0156807115899
b4331,0.00282189582072
b4332,-0.0021316865134000003
b4333,-0.00147895651503
b4334,-0.010033807379899999
b4335,-0.008469443951100001
b4336,-0.0024244081263499998
b4337,-0.0033667127868699997
b4339,-0.008515330027640001
b4340,-0.00336162455241
b4342,-0.00252014876965
b4345,0.00163241864924
b4346,-0.00621443162517
b4348,0.0038058116117600004
b4349,-0.0022711992888400003
b4350,-0.0136037471404
b4351,-0.00929848046534
b4352,-0.00328777262466
b4353,-0.012229346271299998
b4354,-0.0173233370466
b4355,-0.012436117544499999
b4356,-0.0039360765473
b4357,0.00128163288553
b4358,-0.00318252997838
b4359,0.0135768036418
b4360,-0.00291163604494
b4361,-0.0030659509181199997
b4362,-0.00393654717778
b4363,0.00429800460693
b4364,-0.0102294015576
b4366,0.006982049977600001
b4367,-0.004283063191539999
b4371,-0.00245408329918
b4372,0.000388373412877
b4373,0.000812154529589
b4374,-0.0035936300489
b4375,-0.006112611709949999
b4376,-0.00211709075525
b4377,0.00793100204437
b4378,0.000642052162846
b4379,0.0005046139017880001
b4380,-0.014897617476600001
b4381,0.0010488262848800001
b4382,0.0033222162054699998
b4383,-0.00251089263195
b4384,-0.00577301919877
b4385,-0.00373096666613
b4386,-0.000741625257975
b4387,-0.00548327764391
b4388,0.00290808891649
b4389,-0.0061706472413900005
b4390,-0.007816389382380001
b4391,-0.00569031511424
b4392,-0.0022650970284
b4393,0.00606615266941
b4394,-0.00475175415439
b4395,-0.00201955208728
b4396,-0.00745679492064
b4397,-0.0033995299354200002
b4398,-0.00645619995806
b4399,-0.00587414156503
b4400,-0.00956327745023
b4401,0.0007925084098239999
b4403,-0.00492659307995
b4406,-0.0029036233721599996
b4407,0.006961488049540001
b4409,0.00031233783659200004
b4410,0.0027598351195999996
b4411,0.0025950396518400003
b4428,0.005700870156630001
b4460,-0.0030587013165399995
b4461,-0.006563424703800001
b4462,0.004924898108850001
b4463,0.0007993333498879999
b4464,0.00955890889633
b4465,0.014198956449500004
b4466,-0.0033817399400300004
b4467,-0.00180727172093
b4468,-0.000400711505966
b4469,-0.0005687229715630001
b4470,0.0051499156265200005
b4471,-0.00459081604534
b4472,-0.0038753193708800002
b4473,-0.006375420989430001
b4474,-0.00844100326655
b4475,0.016280081883399997
b4476,-0.0111748821521
b4477,-0.00414375967485
b4478,-0.00290145235237
b4479,0.00022102741198900004
b4480,-0.000105988348044
b4481,-0.0037864082258000004
b4482,-0.00519076874109
b4483,0.00862206755773
b4484,0.021298904887
b4485,-0.00646519828722
b4486,-0.00438540997762
b4487,-0.0030139336384200003
b4488_1,-0.00628571413241
b4488_2,-0.00834455868529
b4490_2,-0.010189721955200001
b4491_1,-0.013269751500299999
b4492_1,0.000138250496177
b4492_3,-0.00394564807156
b4493_1,-0.00377865135258
b4493_2,-0.0156975522101
b4495_1,-0.011113969257700002
b4495_2,-0.00838855203225
b4496_1,-0.0080646467943
b4496_2,-0.00385403380734
b4497,0.00415211225168
b4498_1,-0.00754431474304
b4498_2,-0.0112359774305
b4499_1,-0.004781036172470001
b4500,0.00367517288089
b4501,-0.00953353685045
b4505,-0.00725442547577
b4506,0.00536959885672
b4511,-0.000876358318
b4512,0.0038603226986
b4515,-0.0222130908523
b4517,-0.0187915971597
b4518,-0.0185611474492
b4519,0.000204422573885
b4522,0.00863174388259
b4523,-0.006059493196779999
b4529,-0.004987017728810001
b4536,-0.00801788988076
b4537,-0.00760389285443
b4539,-0.0067954071965300004
b4543,0.00023534228226900001
b4544,-0.00399014871362
b4546,0.0161323210667
b4547,0.012859625113299999
b4550,-0.0120341701596
b4551,-0.0017399420343699999
b4553,0.00777982595554
b4554,-0.007091861349310002
b4555,0.0026996371076
b4556,0.00218677243811
b4557,-0.0023258827491
b4558,0.0016485439311099998
b4565,-0.0037088837678400004
b4567,-0.0149833232965
b4568,-0.019962435202900003
b4571_1,-0.000639511085127
b4571_2,-0.015183471851700003
b4572,-4.63885604166e-05
b4575_2,-0.00687599837406
b4576,-0.0141879706431
b4580_1,-0.0011042228164100001
b4580_2,0.004021384224229999
b4581_2,0.00177000224505
b4582_1,0.0128027281273
b4582_2,0.011111008692700002
b4587_1,-0.00333967031228
b4587_2,0.00122500139077
b4593,-0.0007292958085930001
b4595,-0.00491858568738
b4596,-0.00014447969342100002
b4600_2,-0.000864771736744
b4620,-0.0039222497801399995
b4623_1,0.0209297692187
b4633,-0.00788182354172
b4634,0.0155163811643
b4640_1,-0.0071959484666199985
b4641,-0.0207862623394
b4646_2,-0.0144857058644
b4656,0.00476677043251
b4658_1,0.00886215797724
b4658_2,-0.00463441756092
b4659_1,-0.00527641195265
b4659_2,-0.012755237254
b4660_1,-0.0061220749638599995
b4661,7.33798058042e-05
b4662,-0.00307311623528
b4676,0.00585320025362
b4686,-0.0081026359774
b4688,0.00371669859978
b4693,0.0110253021121
b4696_1,0.0038587406368099995
b4696_2,0.013551297642
b4705,0.00198046911132
