locus,61
b0002,0.0162778902
b0003,0.008072310000000001
b0004,0.0076332704
b0005,0.018282575500000002
b0006,0.0045984678000000005
b0007,0.0148145936
b0008,-0.0018782488000000002
b0009,0.001555025
b0010,-0.0030710261
b0011,-0.0051285336
b0012,0.0145212381
b0013,-0.010520464
b0014,0.0036756125
b0015,0.0063526926
b0016,0.00010222620000000001
b0018,0.0088590279
b0019,-0.0046617881000000005
b0020,-0.012080366
b0021,-0.019771151
b0022,-0.0014612693
b0023,-0.0024168635
b0024,0.0408415809
b0025,-0.0028646611
b0026,-0.0060859655
b0027,-0.0027236973000000003
b0028,-0.0030624286
b0029,-0.0010271379
b0030,0.0021590107
b0031,-0.0029143377
b0032,0.0102765815
b0033,0.0066743154
b0034,-0.0021643757
b0035,0.0184018806
b0036,-0.0015728262000000001
b0037,-0.020331354000000003
b0038,0.0031125279000000002
b0039,-0.0112487488
b0040,0.0010947009
b0041,0.0087214206
b0042,0.017560421200000002
b0043,0.0130677768
b0045,0.0108122242
b0046,-0.0092502811
b0047,-0.0049546544
b0048,0.0050158181000000005
b0049,-1.93227e-05
b0050,-0.0118858665
b0051,-0.0060736543
b0052,-0.0113974808
b0053,-0.0056653251
b0054,0.0037347229
b0055,-0.0032952164000000003
b0056,0.0124603787
b0057,-0.0120619613
b0058,-0.0197576962
b0059,-0.012612863700000001
b0060,-0.009310818700000001
b0061,-0.0002581851
b0062,-0.0023320515
b0063,0.0112777972
b0064,0.0029740015
b0065,-0.010073108
b0066,-0.0093244123
b0067,0.0041215871
b0068,0.0048030323
b0069,0.0051346213
b4662,0.0020551676
b0070,-0.0073583364
b0071,-0.0119082627
b0072,-0.0020412067
b0073,-0.0044392027
b0074,0.0073175226
b0076,0.0098753849
b0077,0.0020979697
b0078,0.0012403981
b0080,0.0088430029
b0081,0.0037760059
b0082,-0.0028992994000000003
b0083,-0.0016112350000000001
b0084,0.0016375185
b0085,-0.0038084437
b0086,-0.0038234147
b0087,0.00020909380000000001
b0088,-0.015058692200000001
b0089,-3.5469e-05
b0090,0.0017167909
b0091,-0.0013332285
b0092,-0.0045574033
b0093,-0.0009895983
b0094,0.0018426422
b0095,0.0020597763000000002
b0096,-0.0077366976
b0097,0.0038133619000000002
b0098,0.00036705900000000004
b0099,0.0012160968000000001
b0101,-0.013609843600000001
b0102,0.0030805338
b0103,0.006702549800000001
b0104,-0.010843756500000001
b0106,-0.0074150997
b0107,-0.0061223251
b0108,-0.0121252083
b0109,-0.0073753194
b0110,0.0034644
b0111,-1.448e-05
b0112,0.0082523781
b0113,0.011562780200000001
b0114,-0.0029653629
b0115,0.0008365862
b0116,-0.0131492799
b0117,0.0043030597
b0118,-0.0011866189
b0119,0.003008202
b0120,-2.2418000000000003e-06
b0121,-0.0017978914000000002
b0122,-0.0035350591
b0123,-0.0031261062
b0124,-0.0072281815
b0125,-0.0011146634
b0126,-0.0023618077000000003
b0127,0.0042740575
b0128,-0.0014524882000000001
b0129,-0.0027028350000000002
b0130,-0.0036334822
b0131,-0.0066726399
b0132,-0.0095527493
b0133,0.0003397408
b0134,0.0024120871000000003
b0135,0.0209249145
b0136,-0.0054364827
b0137,0.0068275829
b0138,-0.0034102095
b0139,0.009660662300000001
b0140,-0.022751842
b0141,-0.020421158000000002
b0142,-0.0115007834
b0143,0.0032482175
b0144,-0.0013792459
b0145,-0.005284802
b0146,-0.0007105162
b0147,-0.011921709
b0148,0.0059092494
b0149,0.0011089952
b0150,0.012338208100000001
b0151,0.0022296659
b0152,0.0047109688000000005
b0153,0.003935302700000001
b0154,0.0016425037
b0155,0.0016090238
b0156,-0.0009531654
b0157,0.0168270076
b0158,-0.006936739900000001
b0159,-0.0016078752
b0160,-0.013403961300000001
b0161,-0.008920155400000001
b0162,-0.0089007227
b0163,0.0084566496
b0164,-0.0142727362
b0166,-0.0009274155000000001
b0167,-0.0017562513
b0168,-0.0028888697000000003
b0169,-0.0023966651
b0170,-0.002963152
b0171,0.0030108777
b0172,-0.0019389530000000002
b0173,-0.0080172477
b0174,0.0036001061
b0175,0.0062850926
b0176,-0.0020085401
b0177,0.0034009195000000002
b0178,-0.0067555751
b0179,-0.0014652932
b0180,-0.0042477837000000004
b0181,-0.0134130336
b0182,-0.0089712438
b0183,0.0053072907
b0184,-0.00498145
b0185,-0.0034070686000000003
b0186,-0.012215219900000001
b0187,0.0020475615
b0188,0.0003911952
b0189,-0.0051470996
b4406,-0.0054115669
b0190,-0.003359467
b0191,-0.0066422547
b0192,-0.0130829039
b0193,0.013694539
b0194,9.3424e-05
b0195,-0.0008453015000000001
b0196,0.0131098598
b0197,-0.0008981524000000001
b0198,-0.0085266692
b0199,-0.0052274068
b0200,-0.0002277805
b0207,0.0018405362
b0208,-0.0141235371
b0209,-0.0097309007
b0210,-0.021409875300000002
b0211,0.0048197074000000005
b0212,-0.0024342264
b0213,0.006636241100000001
b0214,-0.0030338421
b0215,-0.0058481897
b0217,-0.0089479066
b0218,-0.0487299919
b4503,-0.0004954650000000001
b0219,0.0038005663
b0220,-0.0091463783
b0221,0.0002674217
b0222,-0.0013624319
b0223,0.0023413609
b0224,0.0055599628
b0225,-0.0018895102000000001
b0226,-0.0078720581
b0227,-0.020748771200000002
b0228,-0.0033479156
b0229,0.0103820762
b0230,0.0014757197000000001
b0231,0.0104358916
b0232,0.0088732625
b0233,0.0038871305
b0234,0.0090460939
b0235,0.0062274885
b0236,0.0052240346
b0237,-0.0004663178
b0238,0.0007721313
b0239,0.0034185310000000003
b4710,0.0069119193
b4709,-0.0240179885
b0241,-0.022959281
b0242,0.0004478816
b0243,-0.0034369763
b0245,-0.0044476949
b0246,0.0298909449
b4504,0.0087506135
b0247,-0.0258284558
b0248,0.0122746386
b0249,0.020057959900000002
b0250,-0.0081264757
b0251,0.0124294563
b0252,-0.0221873401
b0253,0.001527055
b0254,-0.0069877685
b4587,0.0125162827
b0256,-0.0152311957
b0258,0.0072361947
b0259,0.007682312
b0260,-0.0089877547
b0261,-0.0068494084000000005
b0262,-0.015295988600000001
b0263,-0.0223093645
b0264,-0.010072855
b0265,0.009400553800000001
b0266,-0.0128539829
b0267,0.0065495107
b0268,0.0323635381
b0269,0.0010288496
b0270,0.0005429862
b0271,0.0101495568
b0272,0.0041394783
b0273,0.009758485800000001
b4688,-0.008928442600000001
b0274,0.0123309325
b0275,-0.026908174700000002
b0276,-0.009100115800000001
b0277,-0.0023666617
b0278,-0.019450424
b4729,-0.0452465135
b0280,0.0050463343
b0281,0.0009493882000000001
b0282,-0.0159552659
b0283,0.0054447897
b0284,0.0026555444000000003
b0285,-0.0005603269
b0286,-0.0006301644
b0287,0.0011500881
b0288,-0.0031528252000000002
b0289,-0.0046170840000000005
b0290,-0.009590733
b0291,-0.0042852594
b0292,0.0017573238000000001
b0293,0.0013172419000000001
b0294,0.0071738018
b0295,-0.0223481258
b4506,0.0459318302
b0296,0.0386994114
b4671,0.0020308287
b0297,0.0045708651
b0298,0.0041063626
b0299,-0.023922056
b0300,0.0027026
b0301,-0.0160085224
b0304,-0.0055941131
b0305,-0.0135264787
b0306,0.0049572951
b0307,-0.0018807127000000001
b0308,-0.0046592462
b0310,0.0074116444
b0311,0.0165833285
b0312,0.0101159261
b0313,0.0136562477
b0314,0.0171896942
b0315,-0.0209739421
b0316,-0.0093287861
b0317,0.0111052883
b0318,0.0013990483
b0319,-0.0314313927
b0320,-0.0141052707
b0321,0.0120859183
b0322,0.0320168102
b0323,-0.0123596178
b0324,0.0064989106
b0325,-0.0024618711
b0326,-0.0004086024
b0327,-0.0235865391
b0328,0.012673021500000001
b0329,-0.0006168911
b0330,0.0045589482
b0331,0.0020376528
b0333,-0.0141414765
b0334,-0.007215726
b0335,0.0020598677
b0336,-0.0027854890000000004
b0337,0.0014454828000000002
b0338,0.0015058511000000001
b0339,-0.0036871371
b0340,-0.0094719214
b0341,0.0045446495
b0342,0.0016067841
b0343,-0.0057130135
b0344,0.0035559510000000003
b0345,0.011607859
b0346,0.0079815132
b0347,-0.0041071022000000006
b0348,0.0226834416
b0349,-0.0023138996
b0350,0.013609269
b0351,0.0103194939
b0352,-0.0030170626000000002
b0353,-0.0155104461
b0354,-0.0116136374
b0355,-0.014538700600000001
b0356,0.0010262073
b0357,-9.97822e-05
b0358,0.0062334083
b4579,-0.0175982451
b0360,0.0173769738
b0361,-0.011445013700000001
b0363,-0.0032164574
b0365,0.0059079198000000005
b0366,0.032856283300000004
b0367,-0.0106900662
b0368,0.0023638496
b0369,-0.0029470062
b4580,-0.0086366714
b0372,-0.0068081516
b0373,-0.0069838527
b0375,-0.008449856700000001
b0376,0.0001870304
b0377,-0.008705971
b0378,-0.0019564057000000003
b0379,-0.010334573100000001
b0380,0.0028775665
b0381,0.0074868320000000006
b0382,-0.0019235780000000002
b0383,-0.0027347204
b0384,0.0277763738
b0385,-0.0052466834
b0386,0.0042930989
b0387,0.0056348462
b0388,0.0024488654000000003
b0389,0.0096054098
b0390,0.0022745143
b0391,-0.007289186400000001
b0392,-0.0052236482
b0393,0.0198984278
b0394,0.0049197731
b0396,-0.0065720806
b0397,0.001014399
b0398,0.0075502974
b0399,-0.0185209791
b0400,0.0004961165000000001
b0401,-0.0049194177
b0402,0.0027117299000000003
b0403,-0.0035771055000000003
b0404,0.0055399826
b0405,-0.0017011031
b0406,0.0036390023000000002
b0407,0.0027697009000000002
b0408,-0.0021849945
b0409,-0.0047555701
b0410,0.0103828325
b0411,0.006315477000000001
b0412,0.0011813718000000001
b0413,0.0083681269
b0414,0.0065397526000000004
b0415,0.0005366338000000001
b0416,-6.8241000000000004e-06
b0417,0.0016454610000000002
b0418,-0.0034871865
b0419,0.0031145409
b0420,0.0020902206
b0421,0.012941149400000001
b0422,0.0055659621
b0423,-0.0047803674
b0424,-0.0104978381
b0425,-0.0020144425
b0426,-0.0032476270000000003
b0427,-0.001542469
b0428,-0.0019585521
b0429,-0.0021537907000000003
b0430,0.0047963932
b0431,-0.0007994115
b0432,-0.0010293402
b0433,0.0137387221
b0434,0.0166824952
b0435,0.0010232765
b0436,0.0007616979000000001
b0437,0.0008792493
b0438,-0.0062193248
b0439,0.0142194984
b0440,-0.0065198338
b0441,0.00041692030000000003
b0442,-0.0131510192
b0443,-0.0052765269
b0444,0.002835513
b0445,0.0109796339
b0446,0.012963856900000001
b0447,0.0144157278
b0448,-0.003659069
b0449,-0.006713619200000001
b0450,-0.0030864084000000003
b0451,-0.014869907500000001
b0452,0.0005677428
b0453,-0.0001757405
b0454,0.0109631821
b0456,-0.044017605200000004
b0457,0.0083706699
b0458,-0.00046727030000000004
b0459,-0.0049999216
b0460,-0.0042723549
b0461,-0.0020983694000000002
b0462,0.00194721
b0463,0.013676250800000001
b0464,0.0102614772
b0465,-0.0056291188
b0466,-0.0101901649
b0467,-0.0006232669
b0468,0.0013252184
b0469,-0.0081708266
b0470,0.0016746145
b0471,0.0051189422000000005
b0472,-0.0018722586000000001
b0473,-0.0041059139
b0474,0.008437024000000001
b0475,0.0036147605
b0476,-0.0026898829
b0477,1.74437e-05
b0478,0.0128155662
b0479,-0.0161130248
b0480,0.0078092299
b0481,-0.0010446662
b0482,0.00017295950000000002
b0483,-0.0149640241
b0484,-0.0043203468
b0485,-0.0013495994
b0486,0.0016895321000000001
b0487,0.0115955954
b0488,-0.0038426611000000003
b0489,0.0096254654
b0490,0.007374688700000001
b0491,0.0033800756
b0492,-0.0051782633
b0493,0.0025490868
b0494,0.0035966167
b0495,-0.0037938595000000003
b0496,-0.0018154674
b0497,0.006643879300000001
b0498,-0.0399691894
b0499,2.23608e-05
b0501,0.0015176655
b0502,0.0308331074
b0503,-0.0030079528
b0504,-0.0194166825
b0505,-0.0079836414
b0506,-0.0029802298000000003
b0507,0.0253203827
b0508,0.017050181
b0509,-0.0026117534
b0511,0.0257228997
b0512,0.0126545864
b0513,0.002367646
b0514,-0.0025128255
b0515,0.0018799118
b0516,0.014615268
b0517,-0.01410156
b0518,0.0045179149
b4572,-0.0067960503
b0520,0.017637033
b0521,0.0114007022
b0522,-0.0009265850000000001
b0523,-0.0110962102
b0524,0.0064825468
b0525,0.0014968491
b0526,0.0005787502
b0527,0.017377581200000002
b0528,-0.0058498072
b0529,-0.0103228101
b0530,0.028621018
b0531,0.02992798
b0532,3.2104400000000004e-05
b0533,0.0010129238
b0534,0.0420702944
b0535,-0.0066150851
b0537,0.0019803882
b4633,-0.0476996882
b0539,-0.006124957800000001
b0540,0.0011010604
b0541,-0.0138464499
b0543,0.0169796745
b4733,0.031409357
b0544,0.004688575
b0545,-0.0088632041
b0546,-0.025850346000000003
b0547,-0.0140104166
b0550,-0.0007994239
b0551,0.0188529134
b0552,0.0110032598
b0554,-0.0031749575
b0555,-0.0057960334
b0556,-0.0044178011
b0557,-0.0191008394
b0558,-0.008972658500000001
b0559,0.0079876762
b4589,0.0006198516
b0560,-0.0507146043
b4634,0.0056456734000000005
b0561,-0.007510692100000001
b0562,0.0039013247
b0563,0.018678781000000002
b0564,0.0013138116
b0565,-0.0084749691
b0566,-0.0114025894
b0567,-0.007114466900000001
b0568,0.0059642068
b0569,-0.010445132000000001
b0570,0.0001951176
b0571,-0.0004851452
b0572,0.0057848327
b0573,0.0039909122
b0574,-0.0058635151
b0575,-0.0039513422
b0576,-0.0154478709
b0577,-0.0086489715
b0578,-0.0087239806
b0579,-0.0036151953
b0580,0.0048909149
b0581,0.0073846034
b0582,-0.0055535542000000005
b0583,0.0027872942
b0584,0.0098043521
b0585,-0.0166198406
b4511,-0.015528334100000001
b0586,-0.0147655908
b0587,5.80745e-05
b0588,0.0005360467
b0589,0.0090861424
b0590,0.02020863
b0591,0.0054467082
b0592,-0.0057043975000000005
b0593,0.0207127224
b0594,0.0118008541
b0595,0.001685145
b0596,0.00032675630000000003
b0597,-0.0029449912
b0598,0.004856431400000001
b4512,-0.024403281500000002
b0599,0.0037693798
b0600,0.015348571
b0601,0.0021843865
b0602,0.0105131583
b0603,0.0260686382
b0604,0.0024407371
b0605,-0.0089550544
b0606,-0.0023728711
b0607,-0.0009974159
b0608,-0.0052107246
b0610,-0.0009551182
b0611,-0.0012947022
b0612,0.0105464345
b0613,0.0173230865
b0614,0.0002611499
b0615,0.0098397793
b0616,0.0035790662
b0617,0.0098203415
b0618,-0.017706784700000002
b0619,-0.0046637282
b0620,-0.0070930434
b0621,-0.0111741645
b0622,0.0183998182
b0623,0.0205078343
b0624,-0.005695638
b4581,0.0100297274
b0627,0.0018862873
b0628,-0.0040767385000000005
b0629,-0.0060442062
b0630,-0.0062847975000000006
b0631,0.0027693601000000003
b0632,-0.0029757662
b0633,0.0017956247
b0634,-0.0065220085
b0635,0.0036986299
b0636,-0.0080040179
b0637,-0.013660064900000001
b0638,0.0076219377
b0639,-0.0014926005000000001
b0640,-0.0043373473
b0641,-0.0054164909
b0642,0.00330209
b0643,-0.0016685619000000001
b0644,-0.0035575988
b0646,-0.0094213086
b0647,-0.0004865863
b0648,-0.0005108042
b0649,-0.008516024300000001
b0650,0.0038458462
b0651,-0.0081859535
b0652,-0.006959954000000001
b0653,-0.0057413523000000004
b0654,-0.0030511084
b0655,0.0037268759
b0656,0.006114810500000001
b0657,-0.004589252
b0658,0.001930604
b0659,-0.010880468
b0660,-0.0059991561
b0661,-0.0071590028000000005
b0662,-0.000424424
b0674,-0.0206821188
b0675,-0.0035496798000000003
b0676,0.0124987178
b0677,0.0001157017
b0678,-0.0098488799
b0679,0.0120155517
b0680,0.0006875106
b0681,-0.0148457352
b0682,-0.011135173600000001
b0683,-0.0050246551
b0684,0.0020402103
b0685,0.0116955172
b0686,-0.0031450065000000003
b0687,-0.0067472596000000004
b0688,-0.0004127828
b0689,-0.0009052421
b0691,-0.0275349572
b0692,0.0005470775
b0693,0.0045217446000000005
b4590,0.0233907442
b0694,-0.0122265718
b0695,-0.0042683615
b0696,-0.0111169823
b0697,-0.0102446954
b0698,0.0074662277
b0699,0.0163395862
b0700,0.007606414200000001
b0702,-0.0320729873
b0703,0.0037002355000000002
b0704,-0.0075409958
b4514,-0.0058653133
b0705,0.0025120729
b0706,-0.0120872948
b0707,0.0006988269
b0708,-0.0058409714000000005
b0709,0.006273791700000001
b0710,0.0028479984
b0711,0.00308297
b0712,0.0069993563000000005
b0713,0.0013408080000000002
b0714,-0.0103828423
b0715,0.011032636
b0716,-0.041577309900000005
b0717,-0.0417949418
b0718,0.0141805955
b0719,-0.0153040502
b0720,-0.006429490800000001
b4735,-0.009128689300000001
b0721,-0.002201516
b0722,-0.0079596188
b0723,0.0045688941
b0724,0.0064497076
b0726,-0.0111957093
b0727,-0.0038855305
b0728,-0.0119519385
b0729,-0.0162279844
b0730,-0.006822060600000001
b0731,-0.0057984472
b0732,-0.0035818143
b0733,0.0034258598
b0734,-0.0022036985
b4515,-0.0130391853
b0735,-0.0034957713
b0736,0.0116451464
b0737,0.0113418658
b0738,0.0085632468
b0739,0.0042258355000000004
b0740,0.0043307768
b0741,0.0044995853
b0742,-0.0009594263000000001
b0750,-0.0052459481
b0751,-0.0024079783
b0752,-0.0030147199
b0753,0.008240814
b0754,0.0058525797
b0755,-0.0051194909
b0756,-0.0008230822
b0757,-0.0067657672
b0758,0.0028195243
b0759,0.0010697845
b0760,-0.0060767379
b0761,-0.0011068764
b0762,-0.018933506200000002
b0763,-0.009234346400000001
b0764,0.0010384412
b0765,-0.0166174298
b0766,0.008322463300000001
b0767,0.0034630004
b0768,0.0124427727
b0770,-0.0004670488
b0771,-0.0133637935
b0772,-0.0007956536
b0773,-0.0015060089
b0774,0.0049716683
b0775,0.0115713484
b0776,-0.0037808720000000002
b0777,0.0037164498
b0778,-0.0173655453
b0779,-0.0011102161
b0780,-0.0067742028
b0781,0.0138209319
b0782,0.0102077078
b0783,0.0089038079
b0784,0.0165361304
b0785,0.005490837100000001
b0786,-0.0066875258
b0787,-0.0204875183
b0788,-0.0024300000000000003
b0789,-0.0080143657
b0790,-7.06132e-05
b0791,-0.008110335
b0792,0.0045301878
b0793,0.0053291446
b0794,0.0225425635
b0795,0.014294347
b0796,-0.0110679985
b0797,0.0093903001
b0798,0.0046906779
b0799,-0.0023501836000000003
b0800,0.0018176258
b0801,0.0030478323
b0802,-0.0018845197
b0803,0.0022679525
b0804,-0.0238494418
b0805,-0.0012910877
b0806,0.0110453928
b0807,0.0028014058
b0808,-0.0068691462000000005
b0809,-0.0053150502
b0810,-0.0017448239
b0811,0.0052648538
b0812,-0.0196081308
b0813,0.011757380900000001
b0814,-0.00022290760000000001
b0815,0.0068370938
b4705,0.022334605100000002
b0817,-0.006330276100000001
b0818,0.0046690971
b0819,0.0010221913
b0820,0.0028679810000000003
b0821,-0.0005796787
b0822,0.0030093819
b0823,0.012368175300000001
b0824,-0.0109108626
b0825,-0.0070178843
b0826,-0.0073403465
b0827,0.0055873649
b0828,-0.0071839831
b0829,-1.5574700000000002e-05
b0830,0.0097434112
b0831,0.0033457279
b0832,0.0003964598
b0833,0.007491862100000001
b0834,0.018686403600000002
b0835,-0.00241332
b0836,-0.0240785104
b0837,0.0101945131
b0838,-0.002806545
b0839,-0.0050143199000000005
b0840,0.004333919
b0841,0.0007851192
b0842,4.43401e-05
b0843,-0.023333815600000002
b0844,-0.0039379929
b0845,0.0073438746000000004
b0846,0.0177783952
b0847,0.0006926965
b0848,0.0085822257
b0849,0.0011237173
b0850,-0.014213772500000001
b0851,-0.0070592134
b0852,0.006917473800000001
b0853,0.0067827466
b0854,-0.0110890513
b0855,-0.013832649300000001
b0856,-0.0024046562
b0857,0.0129724305
b0858,-0.0113187952
b0859,0.0004012045
b0860,-0.0001003314
b0861,0.0005614639
b0862,0.0053598874
b0863,0.0044198852
b0864,0.0056887127
b0865,-0.0007068882
b0866,0.00043632750000000003
b0867,-0.0032566906000000002
b0868,-0.0046754366
b0869,0.0030003110000000003
b0870,0.0032810184000000003
b0871,-0.0027937197000000003
b0872,0.0100890831
b0873,-0.0048602155
b0874,-0.010220441200000001
b0875,0.0210396132
b0876,-0.0013448676
b0877,0.0214533744
b0878,5.44219e-05
b0879,0.004116546400000001
b0880,-0.0043309022
b0881,0.0072239684
b0882,-0.0072528831
b0884,0.010556192
b0885,-0.0067016504
b0886,-0.002854166
b0887,-0.0019268855
b0888,-0.000498941
b0889,0.000671735
b0890,0.0016550139
b0891,0.0028192652
b0892,-0.0018028559
b0893,0.0082121468
b0894,-0.0041595220000000006
b0895,0.014165117500000001
b0896,-0.0013106646
b0897,-0.0058949111000000005
b0898,0.0177980178
b0899,-0.015032033600000001
b0900,-0.009117582800000001
b0901,0.010234860200000001
b0902,-0.011554719100000001
b0903,-0.0060603375000000004
b0904,-0.0064660333
b0905,-0.0013461832
b0906,0.0047193158
b0907,0.0084093046
b0908,0.0015850719
b0909,-0.0060929927
b0910,0.0072499939000000005
b0911,0.0059086016000000005
b0912,0.0008346084000000001
b0913,0.00050554
b0914,0.0039860365
b0915,-0.0048590915
b0916,-0.0076984748000000006
b0917,-0.0076711872
b0918,-0.0004579213
b0919,-0.0136213474
b0920,0.0065975135
b0921,0.006710405
b0922,-0.0008050537
b0923,-0.0039107477
b0924,0.0008609166000000001
b0925,0.0033532041000000003
b0926,-0.0066064185
b0927,-0.007430733300000001
b0928,-0.0024689607
b0929,0.0208872443
b0930,-0.0010495292
b0931,0.0098518383
b0932,-0.0032616111000000002
b0933,0.0060679084000000005
b0934,-0.028061826800000002
b0935,0.0045040436
b0936,-0.0020137822
b0937,-0.0024268858
b0938,0.0009604557000000001
b0939,0.0435037813
b0940,0.0087398411
b0941,-0.0001203812
b0942,-0.0173803976
b0943,-0.0125170694
b0944,0.0002028722
b0945,-0.0013877327
b0946,-0.0035058766
b0947,0.0018047461000000001
b0948,0.0107678649
b0949,0.0047735786
b0950,0.0020445836
b0951,-0.0010060305
b0952,-0.0009575245
b0953,0.0019107727
b0954,-0.0023571751
b0955,0.0006822231000000001
b0956,-0.0053369267
b0957,0.012348451000000002
b0958,0.014599939400000001
b0959,0.0113561654
b0960,0.0016494460000000002
b0961,-0.0059268944
b0962,0.003510422
b0963,-0.0018842214
b0964,-0.0040470766
b0965,0.0174125506
b0966,0.0110612881
b0967,0.0008963886
b0968,0.016767896600000002
b0969,-0.0029280906
b0970,0.0004782192
b0972,0.0084696715
b0973,0.0102070566
b0974,-0.0134951376
b0975,0.0142086411
b0976,0.0007425407
b0977,0.0114820135
b0978,-0.0060349882
b0979,0.0029546041
b0980,0.0167240575
b0981,-0.0092614034
b0982,0.0063363214
b0983,0.0017988269
b0984,0.0015732620000000002
b0985,0.0103073945
b0986,-0.0028763717
b0987,0.025865134600000003
b4516,-0.0120264544
b0988,0.042525858
b0989,0.022899228400000003
b0990,-0.0097023323
b4723,0.0080048862
b0991,-0.0011756288
b4517,-0.0017112422
b0992,0.0036689815
b0993,-0.0066074363
b0994,0.0010225262
b0995,-0.0008385427
b0996,-0.0128642672
b0997,0.0079218459
b0998,0.0221645358
b0999,-0.0020633034
b1000,0.0038133494000000003
b1001,-2.3885e-06
b1002,0.0036547006
b1003,-0.0101127673
b1004,-0.0039353799
b4518,-0.0431660272
b1006,-0.007005205600000001
b1007,0.024990070200000002
b1008,-0.0174175308
b1009,0.0137062485
b1010,-0.017025315200000002
b1011,-0.009345452
b1012,0.017761870500000002
b1013,-0.0104930674
b1014,0.0020043118
b4737,-0.0051832798
b1015,0.0101632534
b4490,0.0031936813
b1018,0.0048742478
b1019,0.0106289005
b1020,-0.0085728752
b1021,0.0080730303
b1022,0.012731650800000001
b1023,-0.0014959355
b1024,-0.0186828873
b1025,0.0153434507
b1026,-0.007360177900000001
b1027,-0.0049342667
b1029,-0.009581383
b1033,-0.0037713439000000002
b1034,-0.0020044431
b1035,0.005911505300000001
b1036,-0.0193452372
b1037,0.0088314993
b1038,-0.0105795357
b1039,0.0023027445
b1040,-0.0028201009
b1041,-0.010417986300000001
b1042,0.0197024992
b1043,0.0080914026
b1044,0.0057289463
b1045,-0.0108198967
b1046,-0.005204998000000001
b1047,-0.0033711615000000003
b1048,0.013130058100000001
b1049,0.0019732779
b1050,-0.008916823
b1051,0.0066710635
b1053,0.0106229761
b1054,0.0075526733
b1055,0.006614474
b1056,-0.014425800400000001
b1057,-0.000797416
b1059,0.0045524843
b1060,0.0012336408
b1061,0.011529925100000001
b1062,0.0030448839000000003
b1063,0.0031512135
b1064,-0.008317448600000001
b1065,0.0133759989
b1066,0.0020018536000000003
b1067,-0.0017512537000000002
b1068,0.0055424405
b1069,-0.0001511452
b1070,-0.0237386433
b1071,0.0027735649
b1072,-0.007926266900000001
b1073,-0.013306978300000001
b1074,0.0007354058
b1075,0.0120759521
b1076,-0.0048890407000000006
b1077,0.0057801174000000006
b1078,2.02623e-05
b1079,0.0031195699000000003
b1080,0.0042153619
b1081,0.013422418700000001
b1082,-0.0058844486
b1083,-0.0015760339
b1084,-0.0044840501
b1085,-0.0039325849
b1086,0.0033299316
b1087,0.008708279900000001
b1088,0.001840714
b1089,-0.006708239800000001
b1090,0.0051045414
b1091,0.0007824316
b1092,0.0017791618
b1093,0.0038120118
b1094,0.0037491864
b1095,0.00047289710000000004
b1096,0.007585998500000001
b1097,0.0087017551
b1098,0.0041307995
b1099,-0.0063695147
b1100,-0.0072303107
b1101,-0.010779879800000001
b1102,-0.015132279700000001
b1103,-0.0015611788000000001
b1104,-0.008264415800000001
b1105,-0.0005745381
b1106,-0.0025007388
b1107,0.0105205405
b1108,0.0003546849
b1109,0.0056917841000000005
b1110,0.0177325426
b1111,0.0051547500000000005
b1112,-0.0010741482
b1113,0.0012882683
b1114,-0.003523786
b1115,-0.007993542000000001
b1116,-0.0021207142
b1117,-0.0053514313
b1118,-0.0124606278
b1119,-0.0024886622
b1120,-0.008687509900000001
b1121,-0.0018295833
b1122,0.0269956878
b1123,-0.0011602930000000002
b1124,-0.0115324376
b1125,0.0100228819
b1126,-0.007202600500000001
b1127,0.0065646776
b1128,0.0082310176
b1129,0.0083797161
b1130,0.0013029877
b1131,-0.0004862293
b1132,0.0036247656
b1133,0.0033789299
b1134,0.00043938850000000004
b1135,0.0098618765
b1136,-0.0053954321
b1137,0.0078624863
b1138,-0.0022800982
b1139,-0.0033367939
b1140,-0.008567436500000001
b1141,-0.0125569649
b1142,0.0013904634000000001
b1143,-0.006336219000000001
b1144,0.0194846073
b1145,0.001559545
b1146,0.0036519321
b1147,-0.0047902643
b1148,-0.0037823189
b1149,-0.0204156895
b1151,-0.0198274094
b1152,-0.00046909320000000003
b1153,0.0037135361
b1154,-0.0186844511
b1155,0.0262188524
b1156,0.0092252789
b1157,-0.015564680000000001
b1159,-0.005091018
b4519,-0.0135071928
b1160,-0.0115059154
b1161,0.0052205673
b1162,0.014264424400000001
b1163,0.0040549668
b1164,0.0082173853
b1165,0.015629555700000002
b1166,-0.0305205934
b1167,0.0080204848
b1168,0.0390091916
b4520,-0.0348945245
b4491,0.0064627976
b1171,-0.0152137847
b1172,0.0282529187
b4593,-0.0045420858
b4521,-0.0210456578
b1174,-0.0032511834
b1175,-0.0018387176000000001
b1176,0.0026649948000000002
b1177,-0.0100333794
b1178,-0.0134054881
b1179,-0.0004917842000000001
b1180,-0.0028720299
b1181,-0.0062911497
b1182,0.018911006
b1183,0.0068916457
b1184,-0.0108138061
b1185,-0.006305664900000001
b1186,-0.0067914163
b1187,-0.0007335802
b1188,0.0041580194
b1189,0.0039388449
b1190,-0.0051871228
b4740,-0.027238496900000003
b1191,-0.0044429593
b1192,-0.0033894437
b1193,0.0021259864
b1194,0.003567733
b1195,0.003178686
b1196,-0.011235392700000001
b1197,0.0086671036
b1198,0.0018307782
b1199,-0.0037538157
b1200,0.0026857717000000002
b1201,-3.87628e-05
b1202,0.0038647371
b1203,0.0092021636
b1204,0.0002723216
b1205,0.0027213370000000003
b1206,0.0057201773000000004
b1207,0.0006414781
b1208,0.0020710483
b1209,0.0034745768000000003
b1210,-0.0035757631
b1211,-0.007836651600000001
b1212,0.0018043806000000002
b1213,0.0007901302000000001
b1214,0.0016728818
b1215,-0.0018882026
b4419,0.0300810343
b4423,0.0059955268
b1216,-0.0186860509
b1217,-0.0010914387
b1218,-0.000346386
b1219,0.0048650787
b1220,-0.0106057762
b1221,2.37513e-05
b1222,-0.000956035
b1223,0.024578636
b1224,0.024198712400000003
b1225,0.008285416700000001
b1226,-0.0018536051000000002
b1227,-0.0006686313
b1228,-0.0047900258
b1232,-0.0009956966000000001
b1233,-0.0057680246
b1234,0.0109866354
b1235,0.0032896898
b1236,-0.0009127365
b1237,0.0045765567000000005
b1238,0.0108725388
b4573,0.0137177592
b1241,0.0125830834
b1242,-0.0045253583
b4711,0.002925501
b1243,0.0023837511
b1244,0.0021695597
b1245,-0.0041478747
b1246,-0.003405125
b1247,-0.0043660182
b1248,-0.0035966066000000002
b1249,-0.0028359724
b4595,-0.013963633500000001
b1250,0.0050774416000000005
b1251,0.0060135195
b1252,0.0137254422
b1253,0.0041544552000000005
b1254,-0.0074023213000000004
b1255,0.0019615771
b1256,-0.0165673014
b1257,-0.0197481255
b1258,-0.0076798162
b1259,0.0235376344
b1260,-0.0100500043
b1261,-0.0097772387
b1262,-0.0085605355
b1263,-0.0052127458
b1264,0.0070814412
b1266,0.0013110605000000001
b1267,-0.011769008400000001
b1268,-0.0047375483
b1269,-0.0042015523
b1270,0.0034543748
b1271,-0.0006107928
b1272,0.0069466513
b1273,-0.00020475900000000002
b1274,0.0002722945
b1275,0.0014938247
b4522,-0.008382557300000001
b4523,-0.0101138823
b1276,0.0032345624
b1277,0.0035026488
b1278,0.0101108555
b1279,0.012401273800000001
b1280,-0.0026961025000000003
b1281,0.0036704552
b1282,-0.0027313086
b1283,0.0166696393
b1284,-0.0028727969000000003
b4596,0.0057099853
b1285,0.018155933000000003
b1286,-0.0048052778
b1287,0.0023136469000000002
b1288,-0.0009927428
b1289,0.0057430396
b1290,0.0026084089000000003
b1291,-0.0086805027
b1292,-0.000620943
b1293,0.0051300294000000005
b1294,0.0076773427
b1295,-0.0045236468
b1296,0.00036656030000000004
b4742,-0.0169969721
b1297,0.0167829908
b1298,-0.0008750352
b1299,0.0002106582
b1300,0.00020709800000000002
b1301,-0.0188801626
b1302,0.0062457703
b1303,0.0143779201
b1304,-0.008469421000000001
b1305,-0.0112862198
b1306,0.0017561961
b1307,0.0056923204
b1308,0.018950889800000002
b1309,0.000955105
b1310,-0.0141462223
b1311,0.008235297800000001
b1312,-0.019581118
b1313,-0.0121621005
b1314,0.0014096062
b1315,0.0147915387
b1316,-0.0046288473
b1317,0.011987089400000001
b1318,0.0066650117
b1319,0.0105965539
b1320,0.0013709315
b1321,0.0102896519
b1322,0.0137785726
b1323,-0.0036186343
b1324,-0.0013365156000000001
b1325,0.0024883449000000003
b1326,0.008284531000000001
b4525,0.0160988545
b1327,0.0026205279
b1328,-0.0016703433
b1329,-0.0046724427
b1330,-0.0042408986
b1331,-0.0168489427
b1332,0.0026757402000000003
b1333,0.0036787415000000003
b1334,-0.0028933176
b1335,0.0005761722
b1336,0.0071317086
b1337,-0.005616172500000001
b1338,0.0145532141
b1339,-0.011594867600000001
b1340,0.0004869068
b1341,0.0192862863
b1342,-0.006172574300000001
b4743,0.0433220099
b1343,-0.0016417863
b1344,-0.0051999276
b1345,0.0172479036
b1346,-0.0093722649
b1347,-0.0167298635
b1349,-0.0007005688
b1350,0.0276170318
b1352,0.052577649600000005
b1353,-0.0013182994000000001
b4527,0.07254889710000001
b1355,0.6946221616
b1356,0.0010843005
b1357,0.0041000353
b1358,0.0083080247
b1359,0.0053701109
b1360,0.0154634656
b1361,0.0267233051
b1362,-0.0071711149
b1363,0.0178790072
b1366,-0.016193023600000002
b1368,0.0125653936
b4570,-0.0062193611
b1370,0.0025520209
b1372,0.0103246945
b1373,-0.0068626295
b1374,0.0127193114
b1375,0.0162820036
b4744,0.0190093384
b1376,0.0040345349
b1377,0.0190250895
b1378,0.0036761240000000002
b4529,-0.0008029688
b1379,-0.015938006
b1380,-0.0092088779
b1381,-0.0051748208
b1382,-0.0257672483
b1383,0.0028357541000000003
b1384,0.0023418970000000003
b1385,-0.006979466
b1386,0.0028211522
b1387,-0.0091329242
b1388,-0.0069907101
b1389,-0.0058602847
b1390,-0.010348946500000001
b1391,-0.00064189
b1392,-0.0156183866
b1393,-0.009023676100000001
b1394,-0.0086604747
b1395,0.0175884664
b1396,0.005334157
b1397,-0.0005577351
b1398,-0.0256471728
b1399,-0.0029037146
b1400,0.0073214357
b4492,-0.0038324554
b1402,-0.012256257000000001
b1403,-0.0007712135
b1404,0.010067427
b1406,-0.009890246
b1407,0.0030838841000000003
b1408,0.0096973059
b1409,0.0085841067
b1410,-0.0006472546
b1411,0.0099555922
b1412,0.0041394119
b1413,0.0004464897
b1414,-0.020875389
b1415,-0.0013982459
b4493,0.0047043817
b1418,-0.0028126721
b1419,-0.007223618100000001
b4428,-0.0095367968
b1420,0.0195506768
b1421,0.0185316251
b1422,0.0183601031
b1423,-0.0069239224
b1424,0.0034500245
b1426,0.0226817382
b1427,-0.0049193506000000005
b1428,0.0023838558
b1429,0.0055366393
b1430,-0.0042241022000000005
b1431,0.0051362139000000005
b1432,-0.0040113387
b1433,-0.008424344
b1434,-0.0132407674
b1435,-3.59525e-05
b1436,0.0111313347
b4532,0.0082650325
b1438,0.0004836409
b1439,0.0088380036
b1440,0.0044934563
b1441,-0.016160147
b1442,-0.0236599178
b1443,0.0121302944
b1444,0.0029230295
b1445,-0.0172337127
b1446,-0.004748904500000001
b1447,0.019762589100000002
b1448,0.0147646345
b1449,0.0003619071
b1450,-0.0053428639000000005
b1451,0.0016374075
b1452,0.0062911429
b1453,-0.0024575884000000003
b1454,0.0286775371
b1456,-0.0052425639
b1457,0.0006513454
b4745,0.0043612692
b1459,0.018672395
b1460,0.0171574179
b1461,-0.005150142
b1462,0.0034324449
b1463,0.0156862535
b1464,-0.0003032713
b1465,0.0044666403000000006
b1466,0.0087879107
b1467,-0.023631386
b1468,-0.0130695716
b1469,0.0098810634
b1473,0.0024734585
b1474,-0.0122028517
b1475,-0.0120806277
b1476,0.000492169
b1477,-0.009816001100000001
b1478,-0.0008188024
b1479,0.0016654310000000002
b1480,0.0092757573
b1481,0.0352101047
b1482,-0.0061323644000000005
b1483,-0.0001465499
b1484,-0.0160273344
b1485,0.0224685077
b1486,0.0120420156
b1487,-0.0032674881000000003
b1488,-0.0037658176
b1489,0.0130951655
b1490,0.0025505317000000002
b1491,0.0089051336
b1492,0.007436977500000001
b1493,0.0032581532000000002
b1494,0.007017620600000001
b1495,0.0187373574
b1496,-0.0041591409
b1497,0.0034795695000000002
b1498,-0.0015236381000000002
b1499,-0.0060858498
b1500,5.45178e-05
b1501,-0.0071684374
b1502,0.0026670923
b1504,-0.0039252845
b1505,0.011952372900000001
b1507,0.0048667716
b1508,0.0114945434
b4696,0.0091260992
b1511,-0.0069236653
b1512,0.008689382
b1513,-0.0191748339
b1514,0.009420088600000001
b1515,2.11216e-05
b1516,0.0022102610000000003
b1517,-0.0004223262
b1518,-0.012809164500000001
b1519,0.0060704322
b1520,-0.0020655988
b1521,0.0007712523
b1522,0.007145257
b1523,-0.0111956741
b1524,0.0006507278
b1525,-0.0025075809
b1526,-0.0048529351000000005
b1527,0.019944902100000002
b1528,-0.0024449886
b1529,-0.007373287300000001
b1530,-0.010850464
b1531,-0.0046431182
b1532,-0.0238655249
b1533,-0.0007429607
b1534,-0.0005747713000000001
b1535,0.0068904137
b1536,0.0144333601
b1537,-0.0009667158
b1538,0.0018800541
b1539,-0.0056763276
b1540,0.0092042284
b1541,0.021484434900000002
b1542,0.009146508000000001
b1543,0.0114329737
b4748,-0.0165450918
b1544,-0.0266078935
b1545,0.0236249806
b1546,0.0028023303
b1547,0.021765754300000002
b1548,-0.0043782477
b4533,-0.0008481949
b1549,0.029474083800000002
b1550,0.0025524639
b1551,0.029963606400000002
b4724,-0.0095988151
b1552,-0.0121972477
b1553,-0.0108676181
b1554,-0.0182326179
b1555,0.017129841
b1556,-0.0174570176
b1557,0.0045298399
b1558,-0.0321456481
b1559,-0.0032644371000000003
b1560,0.0094777108
b1561,0.0054539966
b1562,-0.026511635800000002
b1563,-0.00018445510000000002
b1564,-0.004742218
b1565,-0.0007530513
b1566,-0.000953616
b1567,-0.0055636384
b1568,0.0364838965
b1570,0.0058880649
b1571,-0.0177458612
b1573,0.0380463568
b1577,0.0050823759
b1578,0.0092851303
b1579,-0.0030904185000000003
b1580,-0.0043798419000000005
b1581,-0.0022774376
b1582,0.0017204087000000001
b1583,0.0091071307
b1584,-0.0032462574
b1585,0.0031804420000000003
b1586,0.0048246767
b1587,0.0170973824
b1588,-0.0110964754
b1589,-0.0061886194
b1590,-0.0057875558
b1591,-0.0035812640000000002
b1592,-0.0024672628000000003
b1593,0.0043077204
b1594,-1.3951e-05
b1595,-0.020153553100000002
b1596,0.0022362591
b1597,-0.0038830320000000002
b1598,-0.0015339796
b1599,0.0056413335
b1600,-0.0088097631
b1601,-0.0065972692
b1602,0.0023176985
b1603,0.0091912976
b1604,0.0078963561
b1605,-0.0019910444
b1606,-0.0058283512
b1607,-0.004959640600000001
b1608,0.0172207814
b1609,0.009890704200000001
b1610,-0.0040128109
b1611,0.0059350519
b1612,0.0020693979
b1613,-0.0078331653
b1614,-0.0049273981
b1615,0.0143231539
b1616,0.0280606634
b1617,0.0102252625
b1618,-0.0035584288
b1619,-0.0184330565
b1620,0.014998639400000001
b1621,-0.0021073169
b1622,0.0073075229
b1623,0.0031034484
b1624,-0.0073614947
b4409,-0.0154951059
b1625,-0.013181567000000002
b1626,-0.0034500294
b1627,-0.0042503729
b1628,0.0050432537
b1629,0.0076061692
b1630,-0.0063750367
b1631,-0.0015033727
b1632,-0.0048582538
b1633,-0.0100703699
b1634,0.0018085365
b1635,0.0049668214
b1636,0.0009062573
b1637,0.0010517713
b1638,0.0109617303
b1639,-0.0019665323
b1640,0.0086722742
b1641,0.0041997562
b1642,0.0091285559
b1643,0.017593098
b1644,-0.0023997964
b1645,-0.0050760636
b1646,-0.0024642161
b1647,0.0028453486
b1648,-0.0012527555
b1649,0.0062800255000000004
b1650,-0.0078627314
b1651,0.0082023717
b1652,0.011043159200000001
b1653,0.0029670785
b1654,-0.0044624308
b1655,0.0005564063000000001
b1656,-0.0136541343
b1657,0.0091185889
b1658,-0.0023817694000000003
b1659,-0.009170013000000001
b1660,-0.0030737813
b1661,-0.0044619247
b1662,0.0018323189
b1663,-0.0042143385
b1664,0.0034530011000000003
b1667,0.0008475074000000001
b1668,-0.0069018785
b1669,0.005054015
b1670,0.003424715
b1671,0.021976825800000002
b1672,0.0368504554
b1673,-0.0042762937
b1674,-0.0073459722
b1675,0.011507351
b1676,0.0008872609
b1677,0.018103145600000002
b1678,-0.0082104907
b1679,-0.0058232328000000005
b1680,-0.003988274
b1681,-0.0019040175
b1682,-0.0070625567
b1683,-0.0022140808
b1684,-0.006149705
b1685,-0.0041129246
b1686,-0.0029931916000000003
b1687,-0.0033108938
b1688,-0.0048110653
b1689,-0.019749631900000002
b1690,0.006627866400000001
b1691,-0.0139931733
b1692,-0.0208254153
b1693,0.0041508054
b1694,0.0061235073
b1695,0.0278803076
b1696,-0.0050627439000000005
b1697,0.008149986500000001
b1698,-0.0066202999
b1699,-0.0048453654
b1701,-0.001404352
b1702,0.0066683438000000005
b1703,0.0054667768
b1704,0.0188652089
b1705,-0.0031041427
b1706,0.0068763623
b1707,0.0050193458
b1708,-0.0040072902
b1709,-0.0001244954
b1710,0.0064183985
b1711,0.005355009500000001
b1712,0.0026456472
b1713,0.0011815063
b1714,0.004343991
b1716,-0.0096658834
b1717,-0.0010276880000000001
b1718,-0.0027754559
b1719,-0.0045673603
b4494,0.0012674134000000001
b4535,0.0158490732
b1722,-0.0019183238
b1723,-0.0012868482
b1724,0.0047222844
b1725,-0.013755620900000001
b1726,-0.0107122196
b1727,0.0054407983
b1728,0.0178564195
b1729,0.0060579963
b1730,-0.0218127693
b1731,-0.010668272000000001
b1732,0.000744953
b1733,-0.0063854938
b1734,-0.0123567057
b1735,-0.0081400745
b1736,-0.0073905583
b1737,-0.00107051
b1738,-0.0064735892
b1739,-0.0026646334
b1740,-0.0034312299
b1741,-0.0031135331
b1742,0.0116570936
b1743,0.0011057035
b1744,0.0141990377
b1745,-0.0041944219
b1746,-0.006236941
b1747,0.0122270451
b1748,0.0108571259
b1749,0.0114675368
b1750,0.0052458954000000006
b1751,0.0104790481
b1752,0.0152622364
b1753,0.014384484400000001
b1754,0.006333517
b1755,-0.0043086168
b1756,-0.0080371926
b1757,0.0100115468
b1758,0.0106794414
b1759,-0.007307058000000001
b1760,0.0065321502000000005
b1761,0.0012424726
b1762,0.006318517
b1763,0.0010649770000000002
b1764,0.0018528215000000001
b1765,0.014355711600000001
b1766,-0.0046947091000000005
b1767,-0.0058155778
b1768,-0.0055598067
b1769,0.013231689500000001
b1770,0.009676046800000001
b1771,0.0039987797
b1772,0.0126068658
b1773,-0.0080115522
b1774,-0.0203461142
b1775,-0.0227003127
b1776,-0.0073468821
b1777,-0.0120613516
b1778,-0.009372342700000001
b1779,0.0039993876
b1780,0.012583724400000001
b1781,-0.0147589026
b1782,0.0004762502
b1783,0.0078175842
b1784,-0.0030366547
b1785,-0.0051181913
b1786,-0.0141909675
b1787,-0.0108644004
b1788,-0.004858973
b1789,-0.0141344582
b1790,0.0029342676
b1791,0.0013482521000000001
b1792,0.0017482787
b1793,-0.0065803676
b1794,0.0023187622
b1795,0.0113311861
b1796,-0.0080695757
b1797,0.0075786841
b1798,-0.0011803641
b1799,-0.0027990481
b1800,-0.0277614179
b1801,-0.0099366718
b1802,-0.008331667400000001
b1803,0.0033729323
b1804,-0.0050554103
b1805,0.0045863156
b1806,0.0006746061
b1807,0.0048977878
b1808,0.0050898301000000005
b1809,-0.0012057747
b1810,0.004991791000000001
b1811,-0.010157548
b1812,0.0046893194
b1813,-0.0012312845
b1814,-0.0029158505
b1815,-0.0049205931000000005
b1816,-0.0041653502
b4751,0.0134206562
b1817,0.007896264600000001
b1818,0.0106860167
b1819,0.0036043403000000003
b1820,0.0029527825000000003
b1821,0.0025860015000000003
b1822,-0.0038637894
b1823,0.0059370651000000005
b1824,-0.0011391258
b1825,0.011883548300000001
b1826,0.01934812
b4536,0.0014016011
b1827,0.0023869429000000003
b1828,-0.0019365010000000002
b1829,-0.0055354293
b1830,0.0116708399
b1831,0.0087686412
b1832,0.0008907861
b1833,0.0025399079
b1834,-0.0063552644
b1835,0.0076409663000000004
b1836,0.0156010062
b1837,-0.0010264326
b1838,-0.0097499506
b1839,-0.0017821756
b1840,0.0055881544
b1841,-0.006945316500000001
b1842,-0.022241271
b1843,-0.0235778505
b1844,-0.0057295117
b1845,-0.0016376418
b1846,0.0041703045
b1847,0.005987691900000001
b1848,0.0169349083
b1849,0.0033052918
b1850,-0.0098046934
b1851,0.0051142552
b1852,-0.0055345884
b1853,0.0102980322
b1854,-0.0075165838000000006
b1855,-0.0043568919
b1856,-0.0118818989
b1857,-0.0211027436
b1858,-0.0065000017
b1859,-0.0018621038
b1860,-0.0085205173
b1861,0.0041553051
b1862,0.0008433933
b1863,-0.0069625303
b1864,-0.00035100670000000003
b1865,0.0062580285
b1866,0.0086872896
b1867,-0.0071197543
b1868,0.0037427006
b1869,0.008129000400000001
b1870,0.0071572464
b1871,-0.0006770559000000001
b1872,0.0019455729
b1873,-0.011187665900000001
b1874,-0.011425083400000001
b1875,0.0070886033
b1876,0.0049375687000000005
b1877,-0.0242389885
b1878,-0.0124307088
b1879,-0.0141862216
b1880,-0.014906894
b1881,-0.012822993900000001
b1882,0.0117178911
b1883,0.0091822594
b1884,0.014662646100000001
b1885,-0.0012823679
b1886,0.0058525374
b1887,0.013491734100000001
b1888,-0.0006975345
b1889,0.0029114657
b1890,-0.0113244493
b1891,0.011824182800000001
b1892,0.0096609189
b1893,0.0061779981
b1894,-0.0050739918
b1895,-0.0001425547
b1896,-0.009623738
b1897,-0.0020745337
b4460,-0.0038965811
b1900,-0.0119953592
b1901,-0.0216467965
b1902,0.0235119004
b4537,0.0026976699
b1904,0.0157433183
b1905,-0.022902446400000002
b1906,0.0240241425
b1907,-0.012042166
b1908,0.0122013407
b1912,-0.0083037517
b1913,0.0005897602
b1914,-0.0021177274
b1915,0.0028982531
b1916,0.0085332097
b1917,-0.003163014
b1918,-0.0052586266
b1919,-0.0008334382
b1920,0.0089929118
b1921,-0.0075348513
b1922,-0.020331677000000003
b1923,-0.011040928200000001
b1924,-0.0121738696
b1925,-0.0091399707
b1926,-0.001935417
b1927,-0.0078763092
b1928,-0.0008235726
b1929,0.0048650797
b1930,-0.015590399999999999
b1931,0.009454250400000001
b1932,-0.008114127
b4495,-0.0036366153000000003
b1936,-0.0072668508
b1937,0.01985433
b1938,0.0100387587
b1939,-0.0228982718
b1940,-0.0053139038
b1941,0.0037826783
b1942,-0.0217782953
b1943,-0.012366426100000001
b1944,0.0099449405
b1945,0.0008962179
b1946,0.0153181127
b1947,-0.002097713
b1948,0.005421291700000001
b1949,0.0083313598
b1950,-0.0005615906
b1951,0.018387163800000002
b1952,0.0038500476000000003
b1953,-0.0016345882
b1955,-0.0023629547000000002
b1956,-0.0042057924
b1957,-0.0123283482
b1958,0.007139510700000001
b1959,0.0154511643
b1960,-0.0030153085
b1961,0.0020570466
b1962,0.0039037442000000003
b1963,0.017985956
b4496,-0.0015093136
b1967,-0.0215386933
b1968,0.0006336559
b1969,0.0116324774
b1970,-0.0249055546
b1971,0.0035892156
b1972,0.0028430042
b1973,-0.0455935988
b1974,0.0485063166
b1976,-0.0046311967
b1978,-0.0056961143
b4497,0.0021132006
b1981,0.0170774773
b1982,0.0035143364
b1983,-0.0038158415
b1985,0.0034654848000000003
b1987,-0.0189512262
b1988,0.004033807600000001
b1990,0.0008357260000000001
b1991,-0.0091151949
b1992,0.0017560451000000002
b1993,0.0180199597
b1994,0.0002876351
b4582,0.0024727001
b1996,-0.0008021041
b1997,-0.0099670139
b1999,0.0012337152
b2000,-0.0002533811
b2001,0.006500433900000001
b2002,-0.0014565783000000001
b2003,0.009242236400000001
b2004,0.0205447082
b2005,0.0037348575
b2006,0.0141219173
b4538,0.0263456623
b2007,0.0064874647
b2008,0.0008069188000000001
b2009,0.0080187159
b2010,-0.0090693845
b2011,-0.0019267345
b2012,0.002618594
b2013,-0.0022415586
b2014,-0.0031186807
b2015,-0.0012024387000000001
b2016,-0.0010331977
b4539,0.0047984586000000004
b2017,0.0137655986
b2019,0.0002744404
b2020,0.0003156432
b2021,-0.0006500561
b2022,0.0022548843
b2023,0.0015800926000000002
b2024,0.0050990117
b2025,-0.0020029327
b2026,-0.0068267796
b2027,0.0047231823
b2028,0.0128442161
b2029,-0.010093554900000001
b4571,-0.001814836
b2030,0.0070895498
b2032,-0.0011514801000000001
b2033,0.0137113991
b2034,-0.0068594438
b2035,-0.0021456653000000003
b2036,-0.0004872276
b2037,-0.006074511800000001
b2038,0.0058337551
b2039,0.0036942822
b2040,0.0091543469
b2041,0.0082446993
b2042,0.0064396059
b2043,0.0046927871
b2044,0.0095301045
b2045,-0.0127600564
b2046,0.0123198544
b2047,-0.012788141400000001
b2048,-0.0189315212
b2049,0.0075804223
b2050,-0.0036751893000000002
b2051,-0.0323238039
b2052,-0.005388065300000001
b2053,-0.0093684144
b2054,-0.0155624729
b2055,-0.028327847700000002
b2056,0.013520458
b2057,-0.0051434294
b2058,0.008890290700000001
b2059,0.0074583228
b2060,-0.0008068176
b2061,0.0051647606
b2062,0.0213568799
b2063,0.0053858616
b2064,0.0035024782000000003
b2065,0.0016603989
b2066,0.0006500066
b2067,-0.00011745230000000001
b2068,-0.0008886100000000001
b2069,-0.0015952406000000001
b2070,0.0037892822000000002
b2071,0.021049835700000002
b2072,-0.0074330954
b2073,-0.0036036877
b2074,0.0147549729
b2075,0.0069540829
b2076,0.0053627020000000004
b2077,0.0112406159
b2078,-0.0048886379
b2079,-0.0052202568
b2080,0.0074875256
b2081,0.0042008933
b2082,0.0138824342
b2083,0.059090182000000005
b2085,-0.0030836918000000002
b2086,0.0096237434
b4498,0.0036155099
b2088,0.0101252126
b2089,-0.0173838551
b2091,-0.006189853
b2092,0.0037263799
b2093,-0.0050325846
b2094,-0.000635281
b2095,-0.0006490807
b2096,0.0036548964
b2097,-0.0021158087
b2098,0.004590535000000001
b2099,-0.004281888
b2100,-0.011684812900000001
b2101,0.0072241253
b2102,-0.0087395268
b2103,-0.0106358166
b2104,-0.0187230636
b2105,-0.0056392921
b2106,0.0025674655000000003
b2107,-0.0052711677
b2108,-9.99988e-05
b2109,0.0053663855
b2110,0.0056424851000000005
b2111,0.0271276628
b2112,-0.0041215732
b2113,-0.0020895362
b2114,0.0047984578
b2115,0.0171256761
b2118,0.0004102984
b2119,-0.0036959206000000003
b2120,0.0322880091
b2121,0.0067196594
b2122,-0.0120093027
b2123,-0.0051756286
b2124,-0.0016824123
b2125,-0.0075967803000000006
b2126,0.0107982162
b2127,0.0228201859
b4542,-0.0025884519
b2128,-0.0064790068
b2129,-0.009867563000000001
b2130,-0.0029661891
b2131,-0.0075292336
b2132,0.0058502774
b2133,-0.0041637964
b2134,0.0025158775000000003
b2135,0.0078779971
b2136,0.0018979144
b2137,-0.0088348127
b2139,0.0252738332
b2140,-0.0064012447
b2141,-0.0209809634
b2142,-0.0117329353
b2143,-0.0216940539
b2144,-0.014287317
b2145,0.0047418228
b2146,-0.0046486318000000006
b2147,-0.0072894066
b2148,0.0089235844
b2149,0.0019817610000000003
b2150,0.0028830348000000003
b2151,-0.0042476271
b2152,-0.0027956260000000003
b2153,0.0049373132000000005
b2154,-0.013127096900000001
b2155,0.025602881600000002
b2156,-0.013857800100000001
b2157,-0.0006659632000000001
b2158,0.0110522176
b2159,6.78885e-05
b2160,-0.009118868700000001
b2161,-0.0158211625
b2162,0.0081909989
b2163,-0.0101637266
b2164,0.008962847900000001
b2165,0.011531087300000001
b2166,0.0214790831
b2167,0.007164688000000001
b2168,-0.0138195065
b2169,-0.0073077825
b2170,0.015447382400000001
b4502,-0.0370334474
b2171,0.004074271
b2172,0.0094761836
b2173,0.0017163761
b2174,-0.0257759922
b2175,0.0105104291
b2176,0.0032776826000000003
b2177,0.0039249357
b2178,0.0003679312
b2179,0.007632100300000001
b2180,0.0010833048
b2181,-0.012628782500000001
b2182,-0.0026344662000000003
b2183,-2.0801000000000003e-05
b2184,0.0096375818
b2185,0.0063867658
b2186,0.0022615667000000002
b2187,0.000530789
b2188,-0.0044494412
b2190,0.0058005071
b2192,0.01048685
b2193,0.0009304438
b2194,-0.0115956458
b2195,0.0005673359000000001
b2196,0.0022619008
b2197,-0.0015774989
b2198,-0.0030702661
b2199,0.0026381692
b2200,0.0157687621
b2201,-0.0022836729
b2202,-0.0041833903
b2203,0.0166637513
b2204,-0.0040550024
b2205,0.0004802799
b2206,-0.0157949367
b2207,0.0146218974
b2208,-0.0248326224
b4604,0.010824281100000001
b2209,-0.011929351900000001
b2210,0.0033086558
b2211,-0.0026165657
b2212,-0.016157700900000002
b2213,-0.011190588900000001
b2214,-0.0092832703
b2215,0.0048450353
b2216,0.0002668605
b2217,0.007422428500000001
b2218,-0.0009454670000000001
b2219,-0.0171919023
b2220,0.020464061800000002
b2221,0.011912469200000001
b2222,-0.0061754809
b2223,-0.0189847951
b2224,-0.008161389600000001
b2225,-0.019472328
b2226,-0.0028748809
b4500,-0.0034976291
b2229,0.0099303158
b2230,0.0008796198
b2231,0.0056946069
b2232,-5.5807e-05
b2233,0.000435217
b2234,0.0149021026
b2235,0.0014828494
b2236,-0.0009728185
b2237,0.0020852207000000003
b2238,-0.0056428353
b2239,-0.006899054700000001
b2240,-0.007601479800000001
b2241,-0.0056011519
b2242,-0.0062906705000000005
b2243,-0.0007320164000000001
b2244,0.0073439277
b4543,0.0046617787
b2245,0.0044994727
b2246,-0.0028743626000000003
b2247,0.0113911677
b2248,0.017641794000000002
b2249,-0.0031337125
b2250,0.0268139534
b2251,0.0170674722
b2252,-0.003899963
b2253,-0.015479718100000001
b2254,0.0010697223
b2255,0.0049328008000000005
b2256,-0.0087171162
b2257,-0.016502746500000002
b4544,-0.022866950100000002
b2258,0.0157344476
b2259,0.0068959035
b2260,0.0039565027000000004
b2261,-0.0044036935
b2262,-0.0023843807
b2263,0.0087508887
b2264,0.0079954478
b2265,-0.0021038398
b2266,0.0115474705
b2267,0.0045332969
b2268,0.00042328980000000003
b2269,-0.0027930832
b2270,0.0046927905
b2271,-0.0105374709
b2272,-0.019594574700000002
b2273,-0.014650621400000001
b2274,0.0138088641
b2275,0.0021966334
b2276,0.0104355591
b2277,0.0046464818
b2278,-0.0020468931
b2279,0.0099894517
b2280,-0.0052859076000000005
b2281,0.0076148273
b2282,-0.0041268959
b2283,-0.0009574544000000001
b2284,0.0037240596000000003
b2285,-0.0033466503
b2286,0.0010164462000000001
b2287,0.0027936
b2288,0.009670419500000001
b2289,-0.014729321200000001
b2290,0.0015686492000000002
b2291,-0.0065590813
b2292,-0.010740295300000001
b2293,-0.0095976831
b2294,-0.005838775300000001
b2295,0.0054580729
b2296,-0.0054954337
b2297,0.0011318297
b2298,0.0024203816000000003
b2299,0.00012016400000000001
b2300,0.0026868784
b2301,0.011512252
b2302,-0.0089401843
b2303,-0.0078591947
b2304,-0.0038762575000000003
b2305,-0.0079664735
b2306,0.0040259855
b2307,-0.0057124078
b2308,-0.006506282600000001
b2309,0.0032556712
b2310,-0.0015892009000000001
b2311,-0.0103665107
b2312,-0.0047403426
b2313,-0.0146593967
b2314,-0.0047786225
b2315,-0.0070658817
b2316,-0.0053383378000000006
b2317,-0.0005142812000000001
b2318,-0.004637118
b2319,-0.0034962888
b2320,0.0029192709
b2321,0.0006675244
b2322,0.0045479715
b2323,0.0022643871
b2324,-0.0044000952
b2325,0.0058036818
b2326,-0.0059705951
b2327,-0.0008850915
b2328,0.0063132914000000005
b2329,0.010342379700000001
b2330,-0.0011973623
b2331,0.0049482531
b2332,-0.0015099617
b2333,0.0245153991
b2334,0.0113756725
b2335,-0.0006734126000000001
b4661,0.00319858
b2340,-0.0056289137
b2341,-0.0062116260000000005
b2342,-0.0177813417
b2343,-0.0169717242
b2344,-0.006946267000000001
b2345,0.0209246202
b2346,-0.0003395434
b2347,-0.0059279348
b2349,0.0015857553
b2350,-0.0009758266
b2351,-0.0009637454
b2352,-0.018885853600000002
b2354,0.0035243365
b2355,0.0194902797
b2360,-0.024576034400000002
b2362,0.0078951006
b2363,-0.0033785549
b4501,-0.0038391889
b2364,0.0019097292
b2365,0.0047603045000000005
b2366,0.0061340849000000005
b2367,-0.0096641815
b2368,-0.0063600016
b2369,0.0102974268
b2370,0.0024635556000000003
b2371,0.0090255354
b2372,0.0046227936
b2373,-1.92842e-05
b2374,-0.0027535917
b2375,-0.0066998298
b2376,-0.0152267045
b2377,0.0020070642
b2378,0.0098294452
b2379,-0.0016306277
b2380,-0.0078147479
b2381,-0.0093593835
b2382,0.0055738025
b2383,0.001967279
b2384,0.0059290689
b2385,-0.01811103
b2386,0.0033823345
b2387,0.022096029
b2388,0.000847795
b2389,0.0032827518000000003
b2390,-0.0007367167
b2392,0.02635283
b2393,-0.0025312222
b2394,-5.9962e-06
b2395,-0.0089193737
b2398,0.005516953000000001
b2399,-0.0024852348
b2400,-0.0006485845000000001
b2405,-0.017797157600000002
b2406,-0.020869561300000002
b2407,0.0322369821
b2408,0.0110381022
b2409,-0.0140415916
b2410,0.0082976623
b4546,-0.0037742947000000003
b2411,-0.0007701011000000001
b2412,-0.0033375358000000003
b2413,-0.0151744068
b2414,0.0011567384
b2415,0.0074033553
b2416,0.0028175937
b2417,-0.0048866074
b2418,-0.0072072523000000005
b2419,0.0060804797
b2420,-0.022777384
b2421,0.0024479321
b2422,0.0056454650000000006
b2423,-0.0039023232
b2424,-0.0007888677
b2425,0.0045035451
b2426,-0.0116964549
b2427,-0.0059037741
b2428,-0.015530814
b2429,-0.0064882575000000005
b2430,-0.019599778800000002
b2431,-0.0008987609000000001
b2432,0.0013521971000000001
b2433,-0.000628025
b2434,0.0137483055
b2435,-0.0049957378
b2436,0.0030660853
b2437,0.0083276747
b2438,0.0041511592
b2439,-0.0104350436
b2440,-0.0013076033
b2441,0.006895923500000001
b2442,0.0093009757
b2443,-0.0176505159
b2444,0.0282910475
b2446,-0.00014081100000000002
b2447,0.0061945891
b2448,-0.0046104121
b2449,-0.021026156100000002
b2450,0.00012082830000000001
b2451,0.0187805087
b2452,0.0012936903
b2453,-0.0074542844
b2454,-0.0051175861
b2455,-0.0093114908
b2457,-0.021938711200000002
b2458,0.0129257678
b2459,-0.0239915728
b2460,0.0051201644
b2461,-0.0145014277
b2463,-0.0048444924
b2464,-0.0039512035
b2465,-0.0057141081
b2466,0.0014492704
b2467,-0.009126406200000001
b2468,0.0012986042000000001
b2469,-0.0063753117000000005
b2470,0.0007225421
b2471,-0.0016572534000000002
b2472,-0.0038583606
b4547,-0.0174474001
b2473,-0.0032969713
b2474,0.0003763334
b2475,0.0098599581
b2476,0.0065823808
b2477,-0.0055367185
b2478,-0.0013571257
b2479,-0.0016075481000000001
b2480,-0.0019313689
b2481,0.0254661204
b2482,0.0016635529
b2483,0.026566642600000002
b2484,0.0167580015
b2485,-0.0103659019
b2486,-0.0008124415000000001
b2487,0.0045443747
b2488,-0.0091497915
b2489,-0.018387136000000002
b2490,0.0037825093
b2491,-0.0106580528
b2492,0.0107965952
b2493,0.0082749498
b2494,-0.0014503269000000001
b2495,-0.0035775006
b2496,0.0065183254
b2497,0.024878176800000002
b2498,0.00698188
b2499,0.012260273300000001
b2500,0.0005851316
b2501,-0.0053475385
b2502,-0.0036975632
b2503,0.0072340722
b2504,0.0011588517
b2505,0.0007538567
b2506,0.034528968800000004
b2507,0.0099281175
b2508,0.0148256858
b2509,0.0020649347000000003
b2510,-0.012722542100000001
b2511,-0.0026744902
b2512,-0.005668162500000001
b2513,-0.0051497332
b2514,-0.0060811312
b2515,-0.0045932084
b2516,0.0040720125000000005
b2517,0.0004876258
b2518,-0.0009179548000000001
b2519,0.005949721000000001
b2520,-0.0022556115
b2521,0.0049550539
b2522,-0.0075987778
b2523,0.0016924826000000001
b2524,0.0032667823000000003
b2525,0.0056871088
b2526,0.0061408543
b2527,-0.0029754758000000003
b2528,7.70585e-05
b2529,-0.0086597671
b2530,-0.0028071591
b2531,0.0086073191
b2532,-0.001475231
b2533,-0.0114272691
b2534,-0.0008792173000000001
b2535,0.0048913907000000005
b2536,-0.0057558939000000005
b2537,-0.0048523635
b2538,-0.0006226981
b2539,0.0079761225
b2540,0.0078111332000000006
b2541,-0.009262636500000001
b2542,-0.007120834
b2543,-0.0013252344000000001
b2544,-0.0079161701
b2545,-0.005292658400000001
b2546,-0.0203373871
b2547,0.0007680873000000001
b2548,-0.020764421
b2549,0.0023351242
b2550,0.0114773513
b2551,0.0047607106
b2552,0.0008510553000000001
b2553,0.0008705027
b2554,-0.0098079633
b2555,-0.0058097571
b2556,-0.0063108221
b2557,-0.0044849537000000005
b2558,-0.0041782816
b2559,-0.0156017476
b2560,0.0130899441
b2561,-0.0015046755
b2562,-0.0043751588
b2563,-0.0086255923
b2564,-0.0026999847
b2565,-0.0055122749
b2566,-0.0048212665
b2567,-0.0023108042
b2568,-0.0039366374
b2569,0.0003585322
b2570,-0.0017124776
b2571,-0.0041750826
b2572,-0.0053838312000000004
b2573,-0.0024519520000000003
b4725,0.0047154285
b2574,0.0035297267
b2575,0.0066805772
b2576,-0.0043797618000000005
b2577,0.0009807493
b2578,0.01415428
b2579,0.0100232014
b2580,-0.0116195855
b2581,-0.010157857000000001
b2582,-0.016441603000000003
b2583,-0.008906094
b2584,-0.0001900176
b2585,-0.006194461
b2586,0.0035399740000000004
b2587,-0.0154519867
b2592,-0.0124515666
b2593,-0.0079888132
b2594,0.0049083862
b2595,0.0057104225
b2597,0.0056732841
b2599,-0.012976757200000001
b2600,-0.0055169998
b2601,-0.010978989500000001
b2602,0.0117581496
b2603,-0.0027691229
b2604,0.0008696058
b2605,0.0052721933
b2606,-0.0063793762
b2607,-0.0001071385
b2608,-0.0109594772
b2609,-0.0028476645
b2610,0.0044355677
b2611,-0.0045008408
b4461,-0.0049500721
b2614,-0.00314262
b2615,-0.0034567495
b2616,-0.0028887353
b2617,0.014931171000000002
b2618,-0.0012749899000000001
b2619,0.0034896327
b2620,0.0069083085
b2622,-0.0039226314
b2623,-0.0194900658
b2625,0.0123188527
b2626,0.0117539939
b2627,-0.0081518966
b2628,-0.0008813558000000001
b2629,0.009844392
b2630,-0.0080367988
b2631,-0.0073815918
b2632,-0.0237182943
b2633,0.0126325976
b2634,0.0070104281000000004
b2635,-0.0008828411
b2636,-0.00771287
b2637,0.0085177832
b2638,-0.0028302918000000002
b2641,-0.0067957991
b2642,-0.0137680061
b2643,-0.0119692468
b4548,0.0014282092
b2645,0.047945002
b2646,0.0083260379
b2647,-0.0011459874000000001
b2648,-0.0104797433
b2649,0.0068379419
b2650,0.0061620600000000005
b4462,0.0026121712
b2659,-0.019815322
b2660,-0.0134104424
b2661,-0.0017383023
b2662,-0.000706255
b2663,-0.0048762174000000005
b2664,-0.0181754345
b2665,-0.0077591069
b2666,-0.0137565559
b2667,0.0091134548
b2668,-0.0014348302
b2669,-0.0107600149
b2670,0.0304186881
b2671,-0.0006776304000000001
b2672,-0.004400376
b2673,-0.017779496000000002
b2674,-0.0042517129
b2675,-0.0070860081
b2676,-0.009761878100000001
b2677,-0.0005733582
b2678,0.0027450946
b2679,0.0049363318
b2681,0.022861066000000003
b2682,-0.0021883906
b2683,0.0067295242
b2684,0.010006926000000001
b2685,-0.0008102136
b2686,-0.010972105900000001
b2687,-0.0077895588000000005
b2688,-0.011498361700000001
b2689,-0.0039949168000000005
b2690,-0.0054338053
b2696,0.0039072339
b2697,-0.0046356168
b2698,-0.0109774144
b2699,0.0019612549000000003
b2700,0.0036556474000000003
b2701,0.0023306719
b2702,0.0341588387
b2703,-0.0046550553000000005
b2704,-0.0029211398
b2705,-0.0116773994
b2706,0.0040155416
b2707,-0.0005167743
b2708,-0.010680136000000002
b2709,0.0036023102
b2710,-0.010683731600000001
b2711,0.0042899008
b2712,0.008083160800000001
b2713,0.0213464017
b2714,-0.0071200235
b2715,0.0148418695
b2716,0.018027944
b2717,-0.0084778492
b2718,0.0108916446
b2719,-0.0309755538
b2720,-0.0196447579
b2721,-0.012682223000000001
b2722,-0.0097835144
b2723,0.0027179637
b2724,0.017175973900000002
b2725,-0.0092289299
b2726,-0.0117101212
b2727,0.0057517623
b2728,0.0238616774
b2729,-0.0006691815
b2730,-0.010706311000000001
b2731,0.011898923300000001
b2732,0.021739774700000002
b2733,-0.0051636974
b2734,-0.017210489500000002
b2735,0.008289532300000001
b2736,0.020193797000000003
b2737,0.0221714341
b2738,0.010454032200000001
b2739,0.0029751177
b2740,-0.0087895915
b2741,0.00016381460000000002
b2742,-0.0024329398
b2743,0.0003897827
b2744,-0.0053956029
b2745,-0.0019378749000000001
b2746,-0.0051823218
b2747,0.0054463883000000005
b2748,0.0069558057000000005
b2749,-0.023857382700000002
b2750,-0.0141117493
b2751,-0.0147169542
b2752,-0.0104542075
b2753,-0.0064894778
b2754,0.007551221800000001
b2755,-0.0127887302
b2756,-0.0011769894
b2757,0.0014173435000000001
b2758,0.0009575077
b2759,0.004901352
b2760,0.0118308178
b2761,-0.0118592822
b2762,0.0125569973
b2763,0.0130577735
b2764,0.0040228162
b2765,0.0062899862
b2766,-0.001795366
b2767,-0.0113683184
b2768,0.003493865
b2769,0.0001427543
b2770,-0.0103189039
b2771,0.0030848188000000003
b4463,0.013211018500000001
b2774,-0.038685801400000004
b2775,-0.006800729100000001
b2776,-0.006182078000000001
b2777,-0.0014246554
b4682,0.0106266545
b2778,0.0180641934
b2779,-0.0037317807000000003
b2780,0.0032497027
b2781,0.0034634919000000003
b2782,-0.0109205568
b2783,-0.0073189982
b2784,-0.0040285879
b2785,-0.0045550681
b2786,-0.0008861881
b2787,-0.0175720631
b2788,-0.0108014253
b2789,-0.0004499201
b2790,0.0113223099
b2791,0.0047563635
b2792,0.025478468
b2793,-0.0047850956
b2794,0.0079255318
b2795,-0.0022701603
b2796,-0.0259555957
b2797,-0.0295622596
b2798,-0.0001412596
b2799,0.016283517
b2800,0.0027769012
b2801,-0.003739346
b2802,-0.0039537219
b2803,-0.0068854238
b2804,0.0020102189
b2805,-0.0121093404
b2806,0.0037832875
b2807,-0.0138100866
b2808,0.0152807831
b2809,-0.0078898006
b2810,0.0021822231
b2811,0.0025053724
b2812,-0.011883324
b2813,0.0014675325
b2817,0.0040417207
b2818,0.0002242811
b2819,-0.0031197067
b2820,-0.0042294132000000005
b2821,-0.0068760769
b2822,-0.0004693421
b2823,-0.0181101154
b2824,-0.0031638293
b2825,-0.0211406965
b2826,0.0367980526
b2827,-0.0090868171
b2828,-0.0091043993
b2829,-0.0031179647000000002
b2830,0.0020137621
b4610,0.0011308101000000001
b2831,-0.005675218
b2832,-0.00015238640000000002
b2833,-0.0008403295000000001
b2834,0.0002851144
b2835,-0.0120414671
b2836,-0.0023282766
b2837,0.007373718400000001
b2838,0.0123002756
b2839,0.0011652015
b2840,-0.0094296979
b2841,2.77395e-05
b2842,0.0042586533
b2843,-0.0082977381
b2844,-0.0029044730000000003
b2845,-0.0170397782
b2846,0.0137904428
b2847,-0.0211738108
b2848,0.022014322700000002
b2850,0.0312929101
b2851,0.028684756800000002
b2852,0.0032202177000000003
b2853,0.0027439136
b2858,-0.0074567549
b2859,0.0184765037
b2860,-0.005528236000000001
b2861,-0.0113158826
b2862,-0.0218551427
b2863,0.0013959141
b2865,0.0024094343
b2866,-0.0050360814000000005
b2867,-0.0032821459
b2868,-0.0059032931
b2869,0.0119044215
b2870,0.0127383817
b2871,-0.0032667462
b2872,-0.0151169275
b2873,-0.0039871689
b2874,-0.0112943153
b2875,0.0049555574
b2876,0.006419567100000001
b2877,-0.00612463
b2878,-0.0035120695
b2879,-0.025304579
b2880,-0.0022660167000000003
b2881,-0.0111263195
b2882,-0.0131318799
b2883,-0.018773054100000002
b4464,0.001916116
b2886,-0.030678173000000003
b2887,-0.0008113450000000001
b2888,-0.0017669561000000001
b4684,-0.0251319217
b2889,0.0031443022
b2890,-0.0046493575
b2891,0.0041754958
b2892,-0.008856743200000001
b2893,0.0022311640000000003
b2894,0.0015009420000000001
b2895,-0.0028287767
b2896,-0.0007416841
b2897,0.0051693478
b2898,-0.0031031051
b2899,-0.011859532300000001
b2900,0.0043960991
b2901,-0.0010000764
b2902,0.003118343
b2903,-0.0057517809000000005
b2904,-0.0058671419
b2905,-0.0040713985
b2906,-0.0066453557
b2907,-0.0021234034
b2908,-0.0007577648
b2909,-0.005280692
b2910,0.0005493071
b2912,0.0015948122
b2913,0.0050534072
b2914,-0.0024103927
b2916,0.0045501782
b2917,0.0123085667
b2918,-0.0043526819000000005
b2919,0.0005022821
b2920,-0.008300911900000001
b2921,-0.0022986174
b2922,-0.0005494757
b2923,-0.0172753265
b2924,-0.0061881912
b2925,0.0022859046000000003
b2926,0.0050691647
b2927,0.0013035216
b2928,0.0084309516
b2929,-0.0078799964
b2930,0.0050888148
b4465,0.0104040668
b2933,0.0041544255
b2934,0.0250040774
b2935,0.0048144836
b2936,-0.0014234632
b2937,0.0010702842
b2938,0.0059806154
b2939,0.0132409495
b2940,-0.0502779875
b2941,0.0248934494
b2942,0.0002221802
b2943,-0.0033255154
b2944,-0.012460707500000001
b2945,0.022471007100000003
b2946,0.0005710951
b2947,0.0006940384
b2948,-0.0047928068
b2949,-0.0113200499
b2950,0.0131953881
b2951,0.0062994071
b2952,-0.0020320345
b2953,0.0012673173000000001
b2954,0.0023895864
b2955,-0.0013388220000000001
b2956,0.0009840719
b2957,0.0064750031000000005
b2958,-0.0048904479
b2959,-0.0021512867
b2960,-0.0003604123
b2961,-0.0038344987000000002
b2962,0.0023485895
b2963,0.0001436244
b2964,0.0206857525
b2965,-0.0002759637
b2966,-0.0258144412
b2968,-0.0103566097
b2969,-0.0190433479
b2970,-0.017596763
b2971,-0.0071537036
b2972,-0.0089680334
b4466,0.0010161529
b2975,0.009556689
b2976,0.0014219593
b2977,0.012628469500000001
b4467,-0.0006475867
b4468,-0.0140015118
b2979,-0.0110893491
b2980,0.0064972297
b2981,-0.0031744561
b2982,0.0136844537
b2983,0.0016089889
b2984,-0.028324477
b2985,-0.008112127
b2986,-0.0382044145
b2987,0.00040032200000000005
b2988,0.0014483105000000001
b2989,-0.0077173129
b2990,-0.034518451400000004
b2991,-0.0156433274
b2992,-0.0169442044
b2993,-0.0164170104
b2994,-0.0205492809
b2995,-0.0129338717
b2996,0.0075636258
b2997,0.0017623515
b2998,0.0116172262
b4658,-0.0125100564
b4755,0.0089724285
b3001,-0.0035612288000000003
b3002,0.0024383862
b3003,-0.010285597300000001
b3005,-0.0086340531
b3006,-0.0029720709
b3008,0.0040985999
b3009,-0.0021321518
b3010,0.0191006406
b3011,0.010722999
b3012,0.0070304402
b3013,0.0024674782
b3014,-0.0413976257
b4469,-0.0055941751
b3017,0.0028903193000000002
b3018,0.0035193607000000003
b3019,0.0033751387
b3020,0.0006174663
b3021,-0.0007253025
b3022,0.013696906600000001
b3023,0.0103341643
b3024,-0.0064285702
b3025,0.007477929
b3026,-0.011206566400000001
b3028,-0.00023899470000000002
b3029,-0.0099276289
b3030,-0.0036113236000000003
b3031,-0.005009221
b3032,0.0007432198
b3033,-0.0045399038
b3034,0.0042471091
b3035,0.0029133979
b3036,0.0232088809
b3037,0.0046970569000000005
b3038,-0.0080393236
b3039,0.0025880698
b3040,-0.0078547309
b4756,-0.0184506738
b3041,0.0229537039
b3042,-0.0022973533
b3043,-0.020291889900000002
b3044,0.0299445971
b3045,0.0081283597
b3047,-0.0013570055
b3048,-0.010598279
b3049,-0.0086679592
b3050,0.005283671
b3051,-0.0045274633
b3052,-0.0044377481000000005
b3053,-0.0042131115
b3054,0.0049556872
b3055,0.0017590493
b3056,0.0008629026
b3057,0.0057875992
b3058,0.0079711069
b3059,0.009489857800000001
b3060,-0.021829282800000002
b3061,0.014129970200000001
b3062,0.015777612400000002
b3063,-0.0018727472
b3064,0.0015528165
b3065,0.0002195614
b3066,0.0040520361
b3067,0.0028574388
b3068,-0.0083135614
b3070,-0.0106325049
b3071,0.0045179348
b3072,-0.0075621407
b3073,0.006729147600000001
b3074,-0.0266286872
b3075,0.0042691336
b3076,-0.0003889599
b3077,-0.0364775742
b3078,-0.0070375528
b3079,-0.0053697552
b3080,0.0046741081
b3081,-0.0057690538
b3082,-0.021830699800000002
b3083,-0.0121754177
b3084,0.0069084852
b3085,-0.0056097574
b3086,-0.0212114942
b3087,-0.0060047511000000005
b3088,-0.001096227
b3089,0.0229373499
b3090,-0.0052225200000000005
b3091,0.0053809647
b3092,0.0100177649
b3093,-0.0041610346
b3094,0.0097774885
b3095,-0.0019307671000000002
b3096,-0.0076704416
b3097,0.0009554762
b3098,-0.0081303958
b3099,-0.0037218485
b3100,-0.0233532311
b3101,-0.0304921308
b3102,-0.0097647298
b3103,-0.0185156702
b3104,-0.0335717544
b3105,0.0017473305
b3106,0.0061202835
b3107,0.0054163627
b4470,0.0111070578
b3110,0.0167624102
b4471,-0.00045633210000000003
b3113,-0.0021802197
b3114,-0.007458788500000001
b3115,0.0010514238
b3116,-0.0028242514
b3117,0.0008670141000000001
b3118,-0.0015226022000000001
b3120,-0.0318963709
b3121,0.009679509000000001
b3124,-0.0021876161
b3125,0.0072353549
b3126,0.0015082623000000001
b3127,0.0127341242
b3128,0.0096208204
b3129,0.014273829200000001
b3130,0.0107684197
b3131,-4.57156e-05
b3132,0.018518580700000002
b3133,0.0373671931
b3134,0.0040295597
b3135,0.010514032900000001
b3136,0.010685882
b3137,0.0063467812
b3139,-0.0143432452
b3140,-0.0057624109
b3141,-0.008221375000000001
b3142,0.0080496653
b3143,-0.0011770274000000001
b3144,0.002136531
b3145,0.0049929949000000005
b3146,0.0089462672
b3147,-0.0002959285
b3148,-0.0062449319
b3149,-0.0007927957
b3150,-0.0006891474
b3151,0.003531118
b3152,-0.017231588500000002
b3153,-0.0179035429
b3154,0.0034298151
b3155,-0.0061340042
b3156,-0.0029534608
b3157,0.0018105269000000001
b3158,0.0031680217000000003
b3159,0.0064843632
b3160,-0.0012408474000000001
b3161,0.0067996210000000005
b3162,-0.012587774500000001
b3163,-0.0013367303
b3164,0.0027308144
b3165,-0.0002394164
b3166,-0.0036797222
b3167,0.0033997926
b3168,0.0036785723000000003
b3169,0.0008685404
b3170,-0.0037184907000000003
b3172,-0.005545942900000001
b3173,0.0031025183
b3175,-0.0045299939
b3176,-0.0026087737000000002
b3177,0.0045425338
b3178,-0.0004523417
b3179,-0.0016064591
b3180,0.0036323828000000002
b3181,-0.0025335161
b3182,0.0001272241
b3183,0.0039817874
b3184,-0.0024962355
b3185,-0.011410537
b3186,-0.0051986417
b3187,-0.0019986527
b3188,0.0459706983
b3189,0.0013188263
b3190,-0.0030857396000000003
b3191,-0.0105956429
b3192,-0.0008218396
b3193,-0.0041183543
b3194,-0.0018957381000000001
b3195,-0.0033815295
b3196,0.0009628740000000001
b3197,0.0047306462
b3198,0.0019092636
b3199,0.0026763907
b3200,-7.92785e-05
b3201,0.0039405706
b3202,0.0004286068
b3203,-0.0033301961
b3204,-0.0056444178
b3205,-0.0075441473
b3206,0.0096898807
b3207,-0.008202208400000001
b3208,0.0022800525
b3209,-0.0076423702
b3210,-0.0027641472000000003
b3211,0.0180861476
b3212,-0.0068278361
b3213,-0.0105693886
b3214,-0.0138139825
b3215,-0.0168719511
b3216,-0.012791801600000001
b4569,-0.0125533911
b3218,0.004487503
b3219,-0.0053179366
b3220,-0.0033438195
b3221,-0.0031217547000000003
b3222,-0.0042781375
b3223,-0.0127106599
b3224,0.0175787799
b3225,-0.0024331524
b3226,0.0021174697
b3227,0.0024317712
b3228,-0.0109315876
b3229,0.0002073515
b3230,4.3291400000000004e-05
b3231,-0.00023423980000000002
b3232,-0.0062066711
b3233,0.0103519304
b3234,-0.0033364491
b3235,0.004243981
b3236,-0.0053821893
b3237,0.0062547715
b3238,0.0131651743
b3239,0.0181237325
b3240,-0.0103798897
b3241,0.0011661471
b3242,-0.0315573477
b3243,-0.0037470348
b3244,-0.0038140321000000002
b4472,0.0036204178
b3247,-0.0062243519
b3248,-0.0006436683
b3249,0.0036827534
b3250,-0.0016498302
b3251,0.00048600550000000003
b3252,-0.0016876105000000001
b3253,0.0122437558
b3255,0.0052492569
b3256,0.0100295898
b3257,-0.0129581877
b3258,-4.156e-05
b3259,-0.0073920261
b3260,-0.0038241819
b3261,0.0088392038
b3262,-0.009987214900000001
b3263,-0.0148834694
b3264,0.0035299087000000002
b3265,-0.0179886406
b3266,0.0116797471
b3267,0.0121522508
b3268,0.0070028433000000005
b3269,0.019395586200000002
b3270,0.0117923157
b3271,-0.0140962325
b3279,-0.0049555959
b3280,0.0023024905
b3281,-0.0039445679
b3282,0.0013181483
b3283,-0.0005590985
b3284,-0.0044725837
b4473,0.0068004709
b3287,-0.0016465065
b3288,-0.007881255200000001
b3289,-0.0044030119
b3290,-0.0070166693
b3291,0.0080516735
b4550,-0.01002863
b3292,0.0005244340000000001
b3293,-0.0005221253
b3294,-0.0023082304000000002
b3295,-0.0008801483000000001
b3296,-0.0015071625
b3297,-0.0024403208
b3298,-0.0009746663
b3299,0.005869734000000001
b3300,0.0035330073
b3301,0.0087928211
b3302,0.0009555554
b3303,0.0017978438
b3304,-0.0048237825
b3305,0.0020571714
b3306,-0.0019838674
b3307,-0.0022120307
b3308,-0.0009181497000000001
b3309,-0.0027487037
b3310,0.0021021456
b3311,-0.0006892702
b3312,0.0068154908
b3313,0.0064840466000000005
b3314,0.0088740359
b3315,0.0058193013
b3316,0.0023018563000000002
b3317,0.0060850534
b3318,0.0055265228
b3319,0.0024721296
b3320,-0.0015426554000000001
b3321,-0.0065583981000000005
b3322,0.0058672148
b3323,0.0044475835
b3324,-0.0023759124
b3325,0.0076195811
b3326,0.0192935945
b3327,0.026340335200000002
b3328,0.0009513254000000001
b3329,0.0065029434
b3331,-0.0093184789
b3332,-0.011709952400000001
b3333,0.0115838563
b3334,0.0024955479
b3335,0.009202610200000001
b3336,-0.0202878542
b3337,-0.0072692012
b3338,-0.009705742600000001
b3339,-0.0074542466000000005
b3340,-0.0049595704
b3341,-0.0071062639000000006
b3342,-0.0104539177
b3343,0.0020902861000000003
b3344,0.005079073700000001
b3345,0.0044474044
b3346,-0.0182847475
b3347,0.0057897046
b3348,-0.0051540284
b3349,0.0056618300000000005
b4551,0.0033998294
b3350,-0.006238085700000001
b3351,0.0048740015
b3352,0.0065881389
b3353,-0.0008080369
b3354,-0.009164972700000001
b3355,-0.0024696834
b3356,0.0045833766
b3357,-0.00035188280000000003
b3358,-0.0120755749
b3359,0.0023736316
b3360,-0.0025833162
b3361,0.0022313454
b3362,0.0108702282
b3363,-0.0026542192000000003
b3364,-0.0275707396
b3365,-0.0179819761
b3366,-0.0186570307
b3367,-0.0083913935
b3368,-0.0051652216
b3369,0.0008828638000000001
b3370,0.0036040471
b3371,0.0164873939
b4474,-0.0035279383
b3374,0.0039767171
b3375,0.0071542491
b3376,0.0011502996
b3377,0.0147366345
b3378,-0.013034966700000001
b3379,-0.0220754773
b3380,0.010210597
b3381,-0.0059455445
b3382,-0.0062208979
b3383,0.0011628321
b3384,-0.0033953686
b3385,-0.0011534808
b3386,0.0008270150000000001
b3387,-0.0010997461
b3388,-0.0021167724
b3389,-0.00765778
b3390,0.0011059934000000001
b3391,0.0147634671
b3393,0.034319686700000004
b3394,0.0131579598
b3395,0.011928527500000001
b3396,-0.0004469291
b3397,-0.0038808846
b3398,0.0034507007
b3399,-0.00036682880000000003
b3400,0.0054929576
b3401,0.0004353382
b3402,0.00047622290000000003
b3403,-0.0122827266
b3404,0.0011686192000000001
b3405,0.0004642665
b3406,-0.0012080241
b3407,0.0100301554
b3408,0.0021116129
b3409,-0.0007608375000000001
b3410,-0.0058672568
b3411,0.0114800505
b3412,0.002058295
b3413,0.0037936247
b3414,5.4441e-06
b3415,-0.0001904287
b3416,0.0011971009
b3417,0.0124241717
b3418,-0.013080052200000001
b4475,0.0009358828
b3421,0.0062371826
b3422,0.0033567349
b3423,-0.010277843600000001
b3424,0.006040712
b3425,0.0205320057
b3426,-0.0004514043
b3427,-0.0054573043
b3428,-0.0017945499
b3429,0.0015824017
b3430,0.0020259838
b3431,0.0026786343
b3432,0.0065275391
b3433,0.0098063053
b3434,-0.0205274732
b4476,-1.88674e-05
b3437,0.0022281392
b3438,0.0032910791
b3439,0.01140155
b3440,0.0017550899000000001
b3441,-0.0084077419
b3442,0.0076259591
b3444,0.0383086057
b3445,0.0008437554
b3446,0.0109922079
b3447,-0.0074839663
b3448,0.011013971400000001
b3449,0.0084354259
b3450,0.007992696
b3451,0.025050696900000002
b3452,0.0072649973
b3453,0.010652047500000001
b3454,-0.0026697977
b3455,-0.0029193860000000004
b3456,-0.0021369777
b3457,-0.012554791800000001
b3458,-0.0061294502
b3459,-0.0128322591
b3460,0.015999704400000002
b3461,0.0010508985
b3462,-0.0066293111
b3463,-0.0018059105000000002
b3464,0.0076822987
b3465,-0.0048253182
b3466,-0.00010970540000000001
b3467,-0.0055547651
b3468,0.0030569202
b3469,-0.0021902695
b3470,0.010061332400000001
b3471,0.0126640113
b3472,0.0078844933
b3473,0.0156097092
b3474,-0.0040555247
b3475,0.009624049
b3476,-0.0071072263
b3477,-0.0031775137
b3478,-7.519860000000001e-05
b3479,-0.0065566389
b3480,-0.0087652227
b3481,0.0003574605
b3482,0.0130640517
b3483,-0.0151448173
b3484,0.0054983692
b3485,0.0015000731
b3486,0.0053999238
b3487,0.0170477924
b3488,0.0173427425
b4660,0.0029749261
b3491,-0.0065017051000000005
b3492,-0.001693828
b3493,0.0005580957
b3494,-0.015220160200000001
b3495,2.2983e-05
b3496,-0.0228055064
b3497,-0.0014693813
b3498,-0.005647932400000001
b3499,0.0050784778
b3500,-0.0021897877
b3501,-0.0079722345
b3502,-0.0048881503000000005
b3503,0.0062167022
b3504,-0.0018710476
b3505,0.0061001295
b3506,-0.0053343485
b3507,-0.0121109567
b3508,0.0020378792
b3509,-0.015421869000000001
b3510,-0.0069533361000000005
b3511,0.0234386455
b3512,-0.0217185804
b3513,0.0416123958
b3514,0.0195911195
b3515,-0.0031476201000000003
b3516,0.0160843487
b3517,-0.0078154125
b3518,-0.0484245223
b3519,-0.0193396106
b3520,-0.0042282356000000005
b3521,-0.0138125046
b3522,-0.0060120331
b3523,-0.00133675
b3524,-0.0133502706
b3525,0.006290334900000001
b3526,3.0653e-05
b3527,-0.007523296400000001
b3528,-0.0069768394000000004
b3529,0.0015691979000000001
b3530,0.0015935087
b3531,-0.0088109511
b3532,0.0072167855000000005
b3533,0.0016161611
b3534,0.010022181
b3535,0.0072119885000000005
b3536,-0.0076468168
b3537,0.0105704005
b3538,0.0031486173
b4453,0.0011913514000000001
b3539,-0.0219796381
b3540,-0.005649853000000001
b3541,-0.0044967906
b3542,0.0028416038
b3543,-0.0083359331
b3544,0.002284045
b3546,-0.0036555022
b3547,0.008876895000000001
b3548,-0.0019563074
b3549,5.45886e-05
b3550,0.012827935
b3551,0.0013066978
b3552,0.0051896695
b3553,-0.010024528500000001
b3554,-0.0019087434
b3555,0.027623832600000002
b3556,0.0067361987
b4455,0.0046777659
b3557,-0.0167914956
b3558,-0.0122651606
b3559,-0.011223257
b3560,-0.0034780817000000003
b4553,0.0243337572
b3561,0.0002099165
b3562,0.0143609919
b3563,0.0207879212
b3564,0.0015171354
b3565,-0.0139739838
b3566,-0.0168830856
b3567,-0.015998073300000002
b3568,0.0095804571
b3569,-0.010607692200000001
b3570,0.0011151125
b3571,-0.011875498100000001
b3572,0.0047391671
b3573,-0.0062873632
b3574,-0.0075465717
b3575,-0.0008875443
b3576,-0.0039778347
b3577,0.0199702023
b3578,0.0129784657
b3579,-0.0008160340000000001
b3580,0.0231117669
b3581,0.0029228751
b3582,-0.009947002600000001
b3583,-0.015323160700000001
b3584,-0.0076155802
b3585,0.0022381987
b3586,-0.0248074088
b3588,0.0026975971
b3589,0.0067026651000000005
b3590,-0.0057536131
b3591,-0.0011747092
b3592,0.0030991369
b3593,-0.0003618078
b3594,-0.0082236853
b3595,-0.0025848042
b3596,0.0142324926
b4615,-0.005158203
b3597,0.0306830732
b3598,0.0080997721
b3599,0.0084880491
b3600,0.0007929334
b3601,0.0026957716000000002
b4554,-0.0045608561
b3602,-5.54764e-05
b3603,0.0002352873
b3604,-0.0089582666
b3605,-0.0085370642
b3606,0.0071398648
b3607,-0.0055647197
b3608,-0.0076763077
b3609,-0.0044468983
b3610,4.28224e-05
b3611,0.0056882153000000005
b3612,0.01393949
b3613,0.0034088465000000003
b3614,0.00024242840000000002
b3615,0.0024850781
b3616,-0.0121638423
b3617,-0.0014294389
b3618,0.0067651381
b3619,-0.005982441000000001
b3620,0.0024252774
b3621,0.0025333451000000002
b3622,-0.0069542631
b3623,-0.0028952969
b3624,0.0016796976000000002
b3625,0.0028705399
b3626,0.0063227927000000005
b3627,-0.0049680524
b3628,0.0066492736
b3629,0.0060788361
b3630,0.011537899400000001
b3631,0.0055469131
b3632,0.003358834
b3633,-0.0050326358
b3634,-0.0016277752
b3635,0.0007588161
b3636,-0.0119645922
b3637,0.005663212700000001
b3638,-0.0013883909
b3639,0.0046849265000000005
b3640,-0.001851938
b3641,-0.0022578769
b3642,0.020298119700000002
b3643,0.0177898989
b3644,-0.0332474573
b3645,-0.0036541914000000003
b3646,-0.0009779090000000001
b3647,0.009073410300000001
b3648,-0.0052592382
b3649,0.0066687166
b3650,0.0009727394
b3651,-0.0029333409000000003
b3652,0.0033878437
b3653,-0.0045075783000000005
b3654,0.009751182
b3655,0.0004816542
b3656,-0.004402365
b3657,-0.008049816500000001
b3659,0.0190333547
b3660,-0.008823984
b3661,-0.014413782000000002
b4555,-0.0025200698
b3662,0.0144118636
b3663,0.0010748079
b3664,0.0092966791
b3665,0.006489897200000001
b3666,-0.0165029541
b3667,0.0146159492
b3668,0.006343627
b3669,0.0060943442
b3670,-0.0020231848
b3671,0.0050979883
b3673,0.0102054613
b3674,0.0152553706
b3675,-0.0242524727
b3676,0.0076231092
b3677,0.0131360113
b3678,0.0025683218
b3679,-0.0175656603
b3680,-0.0140319563
b3681,-0.007838764600000001
b3682,0.0082250376
b3683,-0.0063507417
b3684,-0.0061450297000000004
b3685,0.0066332079
b3686,-0.013344346
b3687,0.008896803
b3688,0.0057558488
b3689,-0.0028466215000000003
b3690,0.0236564429
b3691,-0.006278022
b4478,-0.0126668996
b4477,-0.0009803386
b3693,-0.0151429189
b4479,-0.0025851481000000003
b3696,-0.0123264276
b3697,0.0016851418
b3698,0.0063415026
b3699,-0.0025447457
b3700,-0.0003656312
b3701,-0.0101044189
b3702,-0.0014199418000000001
b3703,-0.0231552597
b3704,0.0033817313000000003
b4557,-0.0153421127
b3705,0.0051508652
b3706,-0.0006367668
b3708,0.0062716576
b3709,0.0079719099
b3710,-0.0005787203
b3711,0.0040827677
b3712,-0.010835087200000001
b3713,-0.0101301844
b3714,-0.0006309776
b3715,-0.0055059395
b3716,0.0115347713
b3717,-0.0007573906
b3718,0.010266104
b3719,0.0166415362
b3720,-0.0104805255
b3721,0.0181178942
b3722,0.0024608902
b3723,-0.0123080327
b3724,0.011852518900000001
b3725,0.008224339800000001
b3726,0.007239947
b3727,0.0037118610000000003
b3728,0.0128874799
b3729,0.0059513022
b3730,0.010946807900000001
b3731,-0.0083722448
b3732,0.0017772089
b3733,-0.0033472612000000003
b3734,-0.0049548230000000006
b3735,0.0033871534
b3736,-0.0076874042
b3737,-0.0010905066
b3738,-0.00028170100000000003
b3739,0.0003786994
b3740,-0.0041142617
b3741,-0.0043737966
b3742,-0.0071923879000000005
b3743,0.022283347300000002
b3744,0.007068479900000001
b3745,0.0135382907
b3746,0.00028829
b3747,-4.9800400000000005e-05
b3748,0.0249968513
b3749,0.01906612
b3750,0.0178980631
b3751,-0.0012715682000000001
b3752,0.0037263512
b3753,-0.009797890200000001
b3754,-0.0187405852
b3755,-0.0253270372
b4480,-0.0041137717
b3764,-0.0075978559000000005
b3765,0.0085456902
b4488,0.0065819681
b3769,0.0203356939
b3770,0.0183722116
b3771,0.0035709366
b3772,-0.0051092036
b3773,0.0152818024
b3774,-0.0033896250000000003
b3775,0.0004811506
b3777,-0.0010233660000000002
b3778,0.0004540831
b3779,0.0049420605000000005
b3780,0.0053604903
b3781,0.0033457302
b3782,0.0127650772
b3783,0.0023957016000000003
b3784,0.0004354747
b3785,-0.0055282507
b3786,-0.0028603245
b3787,0.0007601227
b3788,-0.0018621722000000001
b3789,-0.0025869858000000003
b3790,0.0019284060000000001
b3791,-0.0003547282
b3792,-0.0046419866
b4481,0.0017152793
b3793,-0.0002454108
b3794,0.0008404585
b3795,0.008400434
b3800,-0.0033819040000000002
b3801,-0.0120749867
b3802,-0.003747737
b3803,0.0002337401
b3804,-0.0025785305
b3805,0.0041454929000000005
b3806,0.0045864393
b3807,0.0062931612
b3808,0.0118192095
b4558,-0.0016711934
b3809,-0.0009007899
b3810,0.0006278704
b3811,0.0092819074
b3812,0.0040791372
b3813,0.0041225783000000005
b4482,-0.0043651744000000004
b3816,0.0025340413
b3817,0.0288108067
b3818,0.0150012031
b3819,0.0018413661000000001
b3820,0.005934624
b3821,0.0104251493
b3822,0.0155382126
b3823,-0.0038658
b3824,-0.0028268943
b3825,0.0063035438
b3826,0.00029567090000000003
b3827,-0.005682497700000001
b3828,-0.008612527200000001
b3829,-0.0147433427
b3830,-0.004851023
b3831,-0.017513852700000002
b3832,0.0006800138
b3833,0.0060838921
b3834,-0.0008773748
b3835,0.0027385792
b3836,0.0050486707000000006
b3838,0.0043145526
b3839,0.0027757616
b4483,-0.007360933300000001
b3842,0.0016914153
b3843,0.0065710589
b3844,0.0048821992
b3845,0.0069894386
b3846,-0.0047292762
b3847,0.0072038201
b3848,0.0082532188
b3849,0.0004057075
b3850,0.0030916806
b3856,0.0080159267
b3857,-0.012380176000000001
b3858,0.0069230285
b3859,-0.0061897551
b3860,-0.016366236200000002
b3861,0.0022176540000000003
b3862,-0.0132890223
b3863,0.0036672455
b3865,0.0006028965000000001
b3866,0.0139224415
b3867,-0.0025587054000000002
b4686,-0.0037162877
b3868,-0.010765349
b3869,-0.014646940300000001
b3870,-0.0109971353
b3871,-0.0038717656000000003
b3872,-0.019075408800000002
b3873,-0.0062766198
b3874,-0.0127406229
b3875,0.0081500969
b3876,-0.0113733288
b3877,0.018561946000000003
b3878,0.0016305385000000001
b3879,0.0042418643
b3880,0.0063649545000000005
b3881,-0.0025361159
b3882,-0.0098046013
b3883,-0.0028551402
b3884,0.0039011286
b3885,0.0113244461
b3886,0.0062834665
b3887,-0.0007598687
b3888,0.008254813100000001
b3890,0.014558071700000001
b3891,-0.0125661926
b3892,-0.0124614228
b3893,0.0077896566
b3894,0.0072502486
b3895,-0.009592200300000001
b3896,0.0091501119
b3897,-0.0039128538
b3898,0.0062063684000000004
b3899,-0.0021106733
b3900,-0.0316354479
b3901,-0.0045634812
b3902,-0.0010930915
b3903,-0.0070829101
b3904,0.0178709229
b3905,-0.0084022459
b3906,-0.0177655454
b3907,0.0014290321
b3908,-0.025187757
b3909,-0.0110910391
b3910,0.017678966600000002
b3911,0.0065506893
b3912,0.012478586600000001
b4484,0.0126726844
b3915,0.0024561424000000003
b3916,0.0049784087
b3917,-0.0030591107
b3918,-0.002358989
b3919,-0.0118012767
b3920,-0.0082869843
b3921,-0.0092192561
b3922,0.0188391308
b3923,0.0005367781
b3924,0.0041741175
b3925,0.013004716900000001
b3926,0.0085788585
b3927,0.0124501512
b3928,0.0123113994
b3929,-0.0035667058
b3930,-0.0034634335000000003
b3931,-0.011309973400000001
b3932,-0.0083097165
b3933,0.0038579546
b3934,0.0003500935
b3935,0.008211912
b3936,-0.0311230054
b3937,0.0096570287
b3938,0.0019953991
b3939,0.0027466492
b3940,0.0039065908
b3941,-0.0052779504
b3942,0.021616602800000002
b3943,-0.0016364577
b3944,-0.0108996682
b3945,-0.0112194066
b3946,-0.032539215100000005
b3947,-0.0166042846
b3949,-0.0054744539000000005
b3950,0.0228454019
b3951,0.0044210289
b3952,0.0033372363
b3953,-0.0149073052
b3954,-0.0037962306
b3955,-0.004521612
b3956,0.0012019906
b3957,0.0080587336
b3958,-0.0071224912
b3959,-0.0119401349
b3960,-0.0093554482
b3961,0.0362113176
b3962,-0.0059211854
b3963,-0.0260354283
b3964,0.0050333583000000005
b3965,0.0031941186
b3966,0.0013076179
b3967,-0.0074403131
b3972,0.0060074487
b3973,-0.0024225823
b3974,-0.0036901887000000003
b3980,0.0032879961
b3981,-0.0004048236
b3982,-0.0025462637000000002
b3983,-0.0047630196000000005
b3984,-0.0019120642
b3985,-0.005150018
b3986,-0.0182085474
b3987,0.0043232858
b3988,0.00022274760000000002
b3989,-0.0009249522
b3990,0.0014479836000000001
b3991,0.0014922447
b4407,-0.0055182584
b3992,0.009759309400000001
b3993,0.0014487778
b3994,0.0041572173
b3995,0.0018846908000000001
b3996,0.0105171724
b3997,0.0020951361
b3998,0.0030667494000000003
b3999,-0.0004153208
b4000,0.012502285600000001
b4001,0.00048361140000000003
b4002,-0.0047418221
b4003,-0.0124203205
b4004,-0.0320045912
b4005,-0.0011617277
b4006,0.0066232314
b4011,0.0134525055
b4012,-0.0006552656
b4013,-0.0011736537
b4014,0.0028607609000000003
b4015,0.0033066511000000003
b4016,0.0043938053
b4017,0.0009146024000000001
b4018,0.0023846983000000003
b4019,-0.0015595324000000001
b4020,-0.0022978746
b4021,-0.012067060000000001
b4022,-0.0035802106
b4023,0.0073170182
b4024,-0.016615296800000002
b4025,-0.0167873953
b4026,-0.021572463400000002
b4027,-0.006011130700000001
b4028,0.012945754200000001
b4029,0.009653922
b4620,0.0093289459
b4030,-0.0034689668000000002
b4031,0.009125561
b4032,0.0040324595
b4033,-0.0081276331
b4034,-0.0005487985
b4035,-0.0157180919
b4036,-0.0027147117
b4037,0.0031980499
b4038,-0.0034375967
b4039,-0.0015920936000000001
b4040,0.0119858011
b4041,-0.0068765347
b4042,-0.0086467856
b4043,0.0068660092
b4044,-0.006196632200000001
b4045,0.0070707495
b4046,0.0073807131
b4048,0.0313493466
b4049,-0.0059005327
b4050,0.0300618196
b4051,0.0030078898
b4052,-0.0013808719
b4053,0.0015070160000000001
b4054,-0.0099958342
b4621,0.0007291703
b4055,-0.0081387584
b4056,-0.0034185091
b4057,0.000759181
b4058,0.0006937378
b4059,0.015145541200000001
b4060,-0.0034217724
b4061,-0.0036921132
b4062,-0.0064284195
b4063,-0.015105073600000001
b4064,-0.0165630759
b4065,-0.0101775011
b4066,-0.005558821
b4067,-0.0157708067
b4068,-0.0015670078
b4069,0.0006558931
b4070,-0.0119127763
b4071,-0.0487703089
b4072,0.0232791896
b4073,0.012872309
b4074,-0.007757137000000001
b4075,0.0116848448
b4076,2.982e-07
b4077,-0.0158533025
b4078,-0.0024127279000000002
b4079,0.0025753226
b4080,0.008642669300000001
b4081,0.0020281595
b4082,0.0175171419
b4622,-0.0014596807000000001
b4083,-0.0007405762
b4084,0.010666304100000001
b4085,0.0025333088
b4086,-0.00522797
b4087,-0.0165615284
b4088,-0.0184284152
b4089,-0.0005909989
b4090,-0.004155591
b4487,-0.0063715903
b4092,0.0281416785
b4093,0.0049801653000000005
b4094,0.0152780403
b4095,-0.0146551599
b4096,0.0016538459
b4097,0.0083685467
b4098,-0.0049436733000000005
b4099,-0.0061683395
b4100,-0.0251521694
b4101,0.021138807500000002
b4102,-0.0026504302
b4583,-0.0100563819
b4105,-0.021599733200000002
b4106,0.0011423641000000001
b4107,-0.0017368001
b4108,-0.0099830263
b4109,0.0023948488
b4110,0.0192462087
b4111,0.0030477865
b4112,0.0012422856
b4113,-0.0034668646000000003
b4114,0.007942253100000001
b4115,-0.007924378000000001
b4116,0.0075406418
b4117,0.0237954734
b4118,0.0021800943
b4119,-0.0220896546
b4120,-0.0069309964
b4121,-0.0049059443
b4122,-0.0030424818
b4123,-0.0085926443
b4124,-0.005923116500000001
b4125,-0.0037614829000000003
b4126,-0.0374710189
b4127,-0.0089445607
b4128,0.0036743337
b4559,0.0038830638000000002
b4129,-0.0101973496
b4130,-0.008559356
b4131,0.0048869131
b4132,0.0375726432
b4133,0.012369423800000001
b4135,-0.0018424383000000002
b4136,-0.006937996300000001
b4137,-0.0023935272
b4138,-0.0001390753
b4139,0.0013642532
b4140,0.0010099360000000001
b4141,0.0064340896
b4142,-0.0053356363
b4143,-0.0023087998
b4144,0.0061138170000000006
b4145,-0.0161335689
b4146,-0.0034648158000000003
b4147,0.0051851578
b4410,0.0149120693
b4411,-0.0072311298000000005
b4148,0.0009208414000000001
b4149,0.0085913391
b4150,0.0005794713
b4151,-0.0028080719
b4152,-0.008353406
b4153,0.0008105718
b4154,-0.0044888642000000005
b4155,-0.012095244000000002
b4156,-0.014417185800000001
b4157,0.0356165799
b4158,-0.0032331508
b4159,-0.0019216007000000001
b4160,0.0001828097
b4161,-0.0030558308
b4162,0.002848569
b4166,-0.0003098089
b4167,-0.0016749565
b4168,0.008323663700000001
b4169,-0.0076838052
b4170,-0.0027843124000000003
b4171,-0.005905642
b4172,-7.32659e-05
b4173,-0.0038375590000000004
b4174,0.0005153027000000001
b4175,0.0009906455
b4176,0.0002485604
b4177,-0.00022336990000000002
b4178,0.0037108973
b4179,-0.0050787879
b4180,-0.005943649200000001
b4181,0.0229082145
b4182,0.0338099039
b4183,-0.0188747842
b4184,0.0463485578
b4185,-0.015933811200000002
b4186,-0.0016826712
b4187,0.0060824162
b4188,-0.0065728212000000005
b4189,0.0092560669
b4190,-0.0074661387000000004
b4191,-0.0009007483
b4192,-0.0017858612
b4193,0.0041402459
b4194,-0.0368504123
b4195,0.0102326272
b4196,0.001424921
b4197,-0.013257130800000001
b4198,0.0130726963
b4199,0.0071936388
b4200,0.0074752576
b4201,0.0017820914
b4202,0.010125608000000001
b4203,0.0017450664000000001
b4204,0.011985076800000001
b4205,0.024658637100000002
b4206,0.0056707063
b4207,0.0026103941000000003
b4208,0.0046086575
b4209,-0.0100439307
b4210,0.0006705307
b4211,0.013590903900000001
b4212,-0.026635077700000002
b4213,-0.0051782868
b4214,0.0027471957000000003
b4215,0.0093559353
b4216,0.0041037467
b4217,0.0043123451
b4218,0.0044761299000000004
b4219,-0.008452249
b4220,0.0019003904
b4221,-0.0045469144
b4222,-0.0040195566
b4223,-0.0313065485
b4224,-0.009640077
b4225,-0.0205223192
b4226,-0.0012302833
b4227,0.0074157959
b4485,0.0025244858
b4230,0.0022356635
b4231,-0.009118957
b4232,-0.0044258239000000005
b4233,-0.0010665911
b4234,0.0013977357
b4235,-0.0034848658
b4237,0.0039798304
b4238,-0.0009079369
b4239,-0.0037213672000000002
b4240,0.030759245
b4241,-0.0022796609
b4242,0.0053761129000000005
b4243,-0.0069774559
b4244,-0.0197522333
b4245,-0.0115812769
b4246,0.0192223765
b4248,0.0082340451
b4249,-0.0101784349
b4251,0.0013930165000000001
b4252,0.0030122854
b4253,-0.0164286662
b4254,-0.013764677000000001
b4255,-0.0031705284000000003
b4256,-0.0069681964
b4257,0.0075880694
b4258,-0.0005792247000000001
b4259,-0.0061810485
b4260,-0.0021953973
b4261,0.0010639426
b4262,-0.00606263
b4263,-0.00020731730000000001
b4264,-0.014174023800000001
b4265,-0.0192480366
b4266,-0.0386041047
b4267,0.0034638389
b4268,0.010768057000000001
b4269,0.0140946692
b4271,-0.0044085707
b4272,0.0015525552
b4273,0.0070287805
b4575,-0.0023818904
b4277,0.0094526079
b4278,0.0108433495
b4279,0.0084752548
b4280,0.0085673
b4655,-0.0194985935
b4281,-0.0031091862
b4282,0.0042109588
b4623,-0.0168273201
b4284,-0.0063972594
b4286,-0.026477321800000002
b4287,-0.0008799188
b4288,-0.008018612100000001
b4289,0.0205329409
b4290,0.008235611700000001
b4291,0.004122978
b4292,-0.0059553823
b4293,-0.0163554881
b4294,-0.0236550661
b4295,0.0038426068
b4296,-0.0012692295000000001
b4297,-0.0126541272
b4298,0.0031372655
b4299,-0.027107988700000002
b4300,-0.0164947431
b4301,-0.012625055100000001
b4302,-0.0019042862000000001
b4303,0.014903527000000001
b4304,0.0139694597
b4565,-0.0035151325
b4305,-0.0132341708
b4306,-0.0086747043
b4307,-0.0231540217
b4566,0.0079274563
b4657,0.0422364739
b4308,-0.010324096000000001
b4309,0.0146625856
b4310,-0.0066143837
b4311,-0.03148639
b4312,-0.0013793995
b4313,0.0056625822
b4314,-0.014354099200000001
b4315,-0.009588158500000001
b4316,-0.0009750404000000001
b4317,0.0012640077
b4318,0.0016056129
b4319,0.0099215285
b4320,0.0072753262
b4321,0.0200827194
b4322,0.0266994628
b4323,0.029651443000000003
b4324,0.0052560792
b4325,-0.0033750986
b4720,0.0042182157
b4721,0.0171716804
b4326,-0.00047839320000000004
b4327,-0.0096463329
b4328,-0.0040655079
b4329,-0.0016181819
b4330,0.0163116378
b4331,-0.0066753415
b4332,-0.002678296
b4333,-0.0301705393
b4715,-0.0171275615
b4334,-0.003083558
b4335,-0.0126298932
b4336,0.0003608729
b4337,0.007488255500000001
b4584,-0.00011961240000000001
b4340,-0.0019273624
b4341,-0.0083762785
b4342,-0.0022599009
b4486,0.0018620771
b4345,-0.0031050466
b4346,-0.0004681117
b4347,-0.0250602192
b4348,-0.0085043279
b4349,-0.0047434837
b4350,-0.0055116629
b4351,0.0010377039
b4352,0.0086997468
b4353,-0.0113022259
b4354,0.0010560977
b4355,-0.0090935696
b4356,-0.020732259200000002
b4357,0.014226035000000001
b4358,-0.00042598850000000004
b4359,0.0029630328000000003
b4360,0.0045052336
b4361,0.002809203
b4362,-0.0043123699
b4363,0.0147332126
b4364,-0.0211976959
b4365,0.0068675113
b4366,0.0005733133
b4367,-0.0144012483
b4567,-0.01342279
b4371,0.0005800494
b4372,0.0039439398
b4373,-0.0049475391
b4374,-0.0126473585
b4375,-0.007183376700000001
b4376,-0.0054998185
b4568,-0.016006835
b4377,0.0033431548
b4378,-0.0018271606
b4379,0.0010877342
b4380,0.011100362400000001
b4381,0.0047437385000000006
b4382,-0.0081248017
b4383,-0.0035917513000000003
b4384,-0.0049306827
b4385,0.0024247837
b4386,-0.014080272100000001
b4387,-0.0042725212000000005
b4388,0.0247090121
b4389,-0.0027112786
b4390,-0.0105704972
b4391,0.0018371117
b4392,-0.008546204600000001
b4393,0.0117894765
b4394,-0.0071702744
b4395,0.0053497895
b4396,-0.0077930602
b4397,-0.0062617142
b4398,0.0074711987
b4399,-0.0001154799
b4400,0.0136697737
b4401,-0.0023574009000000003
b4402,0.012280067
b4403,-0.0017736061
