,condition,X_avg,X_std,n,rep1_idx,rep1_X,rep2_idx,rep2_X,rep3_idx,rep3_X,rep4_idx,rep4_X,rep5_idx,rep5_X,rep6_idx,rep6_X
0,amb__ctrl,1.0177044392397268e-16,0.6095584766533021,3.0,0.0,0.4578376648029026,1.0,-0.6918983578404958,2.0,0.2340606930375935,,,,,,
1,amb__amb,-1.164671647795091,0.44310310921545387,3.0,3.0,-1.600633673823519,4.0,-0.714757025115754,5.0,-1.1786242444460002,,,,,,
2,ave1__ctrl_5m,0.0,0.48130563179908403,2.0,6.0,0.34033447606840794,13.0,-0.34033447606840794,,,,,,,,
3,ave1__vdave1_5m,0.4764439415378948,0.14973441437243576,2.0,7.0,0.5823221613176406,14.0,0.37056572175814906,,,,,,,,
4,ave1__ctrl_20m,-0.24296274453936684,0.04990959114642553,2.0,8.0,-0.2782541548852524,15.0,-0.20767133419348127,,,,,,,,
5,ave1__vdave1_20m,0.7662609243052729,0.055129217413355615,2.0,9.0,0.8052431677797641,16.0,0.7272786808307816,,,,,,,,
6,ave1__supernatant_5m,-0.727955447545559,0.7322176968465446,2.0,10.0,-0.2101993488005716,17.0,-1.2457115462905464,,,,,,,,
7,ave1__vnave1_20m,-0.06653674366825449,0.4790498376399619,2.0,11.0,-0.4052761323897861,18.0,0.2722026450532771,,,,,,,,
8,ave1__supernatant_20m,-0.8010096751024516,0.6289034174468967,2.0,12.0,-1.2457115462905464,19.0,-0.3563078039143568,,,,,,,,
9,biofilm_time__8h,-1.1102230246251565e-16,0.6098235919824152,4.0,20.0,0.4777926930623373,21.0,0.1262627994409331,22.0,0.2849069898719385,23.0,-0.8889624823752094,,,,
10,biofilm_time__12h,-0.44754330397030617,0.5185684051932395,4.0,24.0,-0.7574293079489868,25.0,-0.4581879278963243,26.0,0.28684176552137663,27.0,-0.8613977455572903,,,,
11,biofilm_time__16h,1.4153567974056185,1.1492182366448995,4.0,28.0,0.5348193673677399,29.0,0.3125769479801441,30.0,2.3630587038300117,31.0,2.4509721704445786,,,,
12,biofilm_time__20h,2.3799486525132956,1.7978622836849278,4.0,32.0,3.7171526898513814,33.0,0.5797111493028846,34.0,4.12155754697354,35.0,1.1013732239253755,,,,
13,biofilm_time__24h,1.1529019120044173,1.0587070840155304,4.0,36.0,2.6544510276179367,37.0,0.8451205107425985,38.0,0.9437436367530312,39.0,0.16829247290410287,,,,
14,biofilm_time__28h,2.3277636902243897,2.732658220811994,4.0,40.0,5.228613206738878,41.0,0.9583331363179785,42.0,-0.7766818681479392,43.0,3.9007902859886414,,,,
15,biofilm_time__32h,3.005953853585672,2.0213379094973605,4.0,44.0,0.016021881083382098,45.0,3.7697001037397335,46.0,4.477144371205694,47.0,3.7609490583138783,,,,
16,codY__wt,0.0,0.4000608664868904,2.0,48.0,0.2828857515802462,49.0,-0.2828857515802462,,,,,,,,
17,codY__ctrl,0.0442297549574161,0.4626111858081069,2.0,50.0,0.3713452614950784,51.0,-0.2828857515802462,,,,,,,,
18,codY__codYR61K,0.1861181881072853,0.6632717323125201,2.0,52.0,0.6551221277948168,53.0,-0.2828857515802462,,,,,,,,
19,codY__codYR61H,0.4301850840900717,0.028144668342140678,2.0,54.0,0.4102837982510977,55.0,0.4500863699290457,,,,,,,,
20,codY__codYF71Y,-0.2828857515802462,0.0,2.0,56.0,-0.2828857515802462,57.0,-0.2828857515802462,,,,,,,,
21,decay__wt,-3.8163916471489756e-17,0.033443319747873096,3.0,58.0,-0.01848409123865236,59.0,0.038605448250311536,60.0,-0.02012135701165929,,,,,,
22,decay__delpnpA,0.43769296596119805,0.0295619619272582,3.0,61.0,0.43148738698885947,62.0,0.4117263955438156,63.0,0.4698651153509189,,,,,,
23,ecm_tasA__deltasA,-0.39462052603039105,0.8119090580813504,3.0,64.0,0.5428913004511353,65.0,-0.8633764392711543,66.0,-0.8633764392711543,,,,,,
24,ecm_tasA__delcssRS,-0.581666212044401,0.48793642656850966,3.0,67.0,-0.8633764392711543,68.0,-0.8633764392711543,69.0,-0.018245757590894862,,,,,,
25,ecm_tasA__wt,-5.551115123125783e-17,0.004392811475030828,2.0,70.0,0.003106186782468323,71.0,-0.003106186782468434,,,,,,,,
26,heatshock__wt_37C,3.700743415417188e-17,0.48151632758633767,3.0,72.0,-0.27800358135117204,73.0,0.5560071627023442,74.0,-0.27800358135117204,,,,,,
27,heatshock__wt_48C,0.40177306752646563,0.6018450102637918,3.0,75.0,-0.27800358135117204,76.0,0.6165806296157517,77.0,0.8667421543148173,,,,,,
28,heatshock__wt_53C,-0.27800358135117204,0.0,2.0,78.0,-0.27800358135117204,79.0,-0.27800358135117204,,,,,,,,
29,heatshock__wt_48_53C,0.32575242485467076,1.04573607812339,3.0,80.0,-0.27800358135117204,81.0,-0.27800358135117204,82.0,1.5332644372663564,,,,,,
30,heatshock__delrelA_37C,0.7139920014383145,1.4028936069950944,2.0,83.0,1.7059875842278012,84.0,-0.27800358135117204,,,,,,,,
31,heatshock__delrelA_48C,0.5051546722281975,0.6953656678604908,3.0,85.0,-0.27800358135117204,86.0,1.0501312384585404,87.0,0.7433363595772241,,,,,,
32,heatshock__ppGpp_null_37C,1.0613298493362795,0.3998621284093311,3.0,88.0,1.1596838010884962,89.0,0.6214680940444863,90.0,1.4028376528758562,,,,,,
33,heatshock__ppGpp_null_48C,0.6135895988376135,0.7818616111867006,3.0,91.0,0.936488752717498,92.0,-0.27800358135117204,93.0,1.1822836251465147,,,,,,
34,ldar__yfiJKplus,0.015355020431767338,0.027410506765769064,2.0,94.0,-0.004027134778067709,95.0,0.034737175641602384,,,,,,,,
35,ldar__yfiJ_A152E,0.03694254834879945,0.0057266001640579305,2.0,96.0,0.0328932305396501,97.0,0.040991866157948816,,,,,,,,
36,ldar__wt,-3.469446951953614e-17,0.551957516029436,3.0,98.0,-0.5700339798217477,99.0,0.5319036964947229,100.0,0.038130283327024735,,,,,,
37,mk7__shake,3.3306690738754696e-16,0.6473788770553782,4.0,101.0,0.5581600177430661,102.0,0.5631254502387995,103.0,-0.5621923960835824,104.0,-0.5590930718982818,,,,
38,mk7__static,-1.8945043574433715,0.7239501386027468,4.0,105.0,-2.0704947411939147,106.0,-2.0647943190179534,107.0,-0.8691948692736651,108.0,-2.5735335002879536,,,,
39,nusA__nusA_induced,-0.6349230770310368,0.4423806859851777,6.0,109.0,-0.7571552746921575,110.0,-1.3326243800829694,111.0,-0.08385582577343964,112.0,-0.6630344252593625,113.0,-0.7396262292532716,114.0,-0.23324232712502035
40,nusA__no_nusA,7.401486830834377e-17,0.7425784374706413,6.0,115.0,0.039784627867098576,116.0,0.9082050195881586,117.0,-1.3326243800829694,118.0,0.17821572546245745,119.0,-0.12233596667655555,120.0,0.32875497384181074
41,pamR__wt_exp,2.7755575615628914e-17,0.16488610864073347,2.0,121.0,0.11659208554332445,122.0,-0.1165920855433244,,,,,,,,
42,pamR__delydhC_exp,0.043350056799855076,0.3879057743444781,3.0,123.0,-0.2882817440367603,124.0,-0.051575583920158236,125.0,0.4699074983564838,,,,,,
43,pamR__wt_stat,0.31394831657206795,1.043093062819775,3.0,126.0,-0.2882817440367603,127.0,1.5184084377897245,128.0,-0.2882817440367603,,,,,,
44,pamR__delydhC_stat,-0.007637682103980636,0.3968906385848119,2.0,129.0,0.27300637982879905,130.0,-0.2882817440367603,,,,,,,,
45,rho_strains__ncib3610,1.1796119636642288e-16,0.15526225658846504,2.0,131.0,-0.10978699449602924,132.0,0.10978699449602948,,,,,,,,
46,rho_strains__ncib3610_delrho,-0.288294381972586,0.04125558949024765,2.0,133.0,-0.3174664890629886,134.0,-0.2591222748821834,,,,,,,,
47,rnase_j1__delrnjA,-1.1089404449296296,0.2460791577468665,3.0,135.0,-0.8256851143837194,136.0,-1.2700556745809906,137.0,-1.2310805458241794,,,,,,
48,rnase_j1__wt,0.0,0.4008552701262525,3.0,138.0,-0.17988051698026064,139.0,0.4592872461537316,140.0,-0.279406729173471,,,,,,
49,sigI__delrsgI_37C,-0.28610514754763106,0.0,3.0,141.0,-0.28610514754763106,142.0,-0.28610514754763106,143.0,-0.28610514754763106,,,,,,
50,sigI__delrsgI_52C,0.383756553432307,1.1602345001417635,3.0,144.0,1.7234799553921831,145.0,-0.28610514754763106,146.0,-0.28610514754763106,,,,,,
51,sigI__delrsgI_sigI_37C,0.9107256534659776,0.297026413325381,3.0,147.0,1.2357246853319543,148.0,0.6533240186020959,149.0,0.8431282564638822,,,,,,
52,sigI__delrsgI_sigI_52C,0.6222810328486627,0.8028497084934352,3.0,150.0,1.2367662466111569,151.0,0.9161819994824622,152.0,-0.28610514754763106,,,,,,
53,sigI__wt_37C,-7.401486830834377e-17,0.49554865185948704,3.0,153.0,0.5722102950952619,154.0,-0.28610514754763106,155.0,-0.28610514754763106,,,,,,
54,sigI__wt_52C,0.8038121162184506,0.9707044416279637,3.0,156.0,-0.28610514754763106,157.0,1.122215276737964,158.0,1.5753262194650186,,,,,,
55,spbeta__spbeta_nopep_20m,-0.9301051973939134,0.012731626873951206,2.0,159.0,-0.9391078170920212,161.0,-0.9211025776958056,,,,,,,,
56,spbeta__spbeta_pep_20m,-0.6861832881588962,0.994169914627212,2.0,160.0,-1.3891675764434488,162.0,0.01680100012565644,,,,,,,,
57,spbeta__phi3T_pep_10m,2.590520390792032e-16,0.9920188790166979,3.0,163.0,0.07126356528263056,167.0,-1.0257290427743546,171.0,0.9544654774917248,,,,,,
58,spbeta__phi3T_pep_20m,-0.6221129012566037,0.38963752969229626,3.0,164.0,-0.6797461277350885,168.0,-0.9797237882667288,172.0,-0.206868787767994,,,,,,
59,spbeta__phi3T_nopep_10m,-0.27527144239171814,0.46371413642181725,3.0,165.0,-0.3791476758760719,169.0,-0.6782378171697501,173.0,0.2315711658706676,,,,,,
60,spbeta__phi3T_nopep_20m,-0.64152602857533,0.2671932992290782,3.0,166.0,-0.3385058022692875,170.0,-0.8432986127181044,174.0,-0.7427736707385983,,,,,,
61,spore_genes__wt_0h,7.401486830834377e-17,0.2860488779511207,3.0,175.0,0.1741900333598212,186.0,-0.33013273964832845,197.0,0.15594270628850748,,,,,,
62,spore_genes__delyphF_0h,-0.22540344019174804,0.24025017450665953,3.0,176.0,0.05193548993165797,177.0,-0.3697724428648511,178.0,-0.3583733676420509,,,,,,
63,spore_genes__delygaB_0h,-0.4662951627404192,0.3829255202878378,3.0,179.0,-0.6674676522261039,180.0,-0.024711592211420053,181.0,-0.7067062437837335,,,,,,
64,spore_genes__wt_3h,0.30576686470716846,0.46248995179874064,3.0,182.0,-0.14959879666670162,183.0,0.7750662125156671,184.0,0.29183317827253985,,,,,,
65,spore_genes__delyizD_3h,-0.41209818113177515,0.7025305731967659,3.0,185.0,-0.225747333682744,187.0,-1.1890164128751008,188.0,0.17846920316251946,,,,,,
66,spore_genes__delykzB_3h,-0.05097021182060151,0.49162980813796325,3.0,189.0,0.4736431633987877,190.0,-0.5011211784367668,191.0,-0.1254326204238254,,,,,,
67,spore_genes__delyphF_3h,-0.32663675679838894,0.85582689331114,3.0,192.0,0.5224832901801109,193.0,-1.1890164128751008,194.0,-0.3133771477001768,,,,,,
68,spore_genes__delygaB_3h,-0.1814902081840076,0.5503648720015226,3.0,195.0,0.33692569749359746,196.0,-0.12236625264948398,198.0,-0.7590300693961363,,,,,,
69,spore_genes__delyizD_0h,-0.4189638744242908,0.1328007687602326,3.0,199.0,-0.5722522199540361,200.0,-0.3387063200197571,201.0,-0.3459330832990793,,,,,,
70,spore_genes__delykzB_0h,-0.682434662636013,0.4416802040571852,3.0,202.0,-0.4802573903979289,203.0,-1.1890164128751008,204.0,-0.3780301846350092,,,,,,
71,swarming__comIQ12L,0.0,0.4313051757056725,3.0,205.0,-0.24901415929654885,206.0,-0.24901415929654885,207.0,0.4980283185930977,,,,,,
72,swarming__comIQ12L_delefp,1.01487380446481,0.42948727354121513,3.0,208.0,0.5624424560621533,209.0,1.0651954072174912,210.0,1.4169835501147858,,,,,,
73,swarming__comIQ12L_delefp_fliYS164A,0.6338823777293271,0.8881311054667798,3.0,211.0,0.6235041981690791,212.0,-0.24901415929654885,213.0,1.5271570943154509,,,,,,
74,swarming__comIQ12L_delefp_nusGN21S,0.6773226425493787,0.8022863416829744,3.0,214.0,-0.24901415929654885,215.0,1.1498969570613964,216.0,1.1310851298832882,,,,,,
75,synant49__ctrl,2.1279274638648835e-16,0.6095584910013704,3.0,217.0,0.4578377421180084,218.0,-0.6918983580463658,219.0,0.23406061592835806,,,,,,
76,synant49__synant49,-0.40239915107000157,0.21356573800870887,3.0,220.0,-0.6092626001699537,221.0,-0.4152255854640674,222.0,-0.1827092675759836,,,,,,
77,tasA__wt_72h,0.683919512515886,0.6206476053805986,2.0,223.0,0.24505538202407234,224.0,1.1227836430076996,,,,,,,,
78,tasA__deltasA_72h,1.0747771317248038,0.17434406752245848,2.0,225.0,1.1980570041295795,226.0,0.951497259320028,,,,,,,,
79,tasA__wt_24h,0.0,0.23473818003769095,2.0,227.0,0.16598495890803994,228.0,-0.16598495890803994,,,,,,,,
80,tasA__wt_48h,0.3974358676792807,0.18267458794195637,2.0,229.0,0.268265427795065,230.0,0.5266063075634964,,,,,,,,
81,tasA__deltasA_24h,0.39763362329096363,0.797077042951326,2.0,231.0,0.9612522054899671,232.0,-0.16598495890803994,,,,,,,,
82,tasA__deltasA_48h,0.6407288505949098,1.140865610352737,2.0,233.0,1.4474426600978596,234.0,-0.16598495890803994,,,,,,,,
83,yacP__wt,-3.700743415417188e-17,0.13980321995170872,3.0,235.0,0.11537401655689515,239.0,0.040096259904369824,243.0,-0.1554702764612651,,,,,,
84,yacP__delyacP,0.5832372027204427,0.11918201188214822,3.0,236.0,0.44909590154185575,240.0,0.6236820116354672,244.0,0.6769336949840051,,,,,,
85,yacP__yacP_induced,0.6343014792773572,0.21952558144521173,3.0,237.0,0.8749230648301519,241.0,0.4449441780200626,245.0,0.5830371949818572,,,,,,
86,yacP__yacP_no_induce,0.5387765519294646,0.35928862988500126,3.0,238.0,0.6735776568472932,242.0,0.8111697842126212,246.0,0.1315822147284793,,,,,,
87,yonO__wt,0.0,0.0,3.0,247.0,0.0,248.0,0.0,249.0,0.0,,,,,,
88,yonO__wt_mmc,0.300812872246399,0.08527084954444494,3.0,250.0,0.39668698793057255,251.0,0.2722983075080476,252.0,0.2334533213005769,,,,,,
89,yonO__delyonO,0.21897343874721262,0.21510846983464962,3.0,253.0,0.22692381666112324,254.0,0.0,255.0,0.42999649958051456,,,,,,
90,yonO__delyonO_mmc,0.0,0.0,3.0,256.0,0.0,257.0,0.0,258.0,0.0,,,,,,
91,yydF__ctrl,2.220446049250313e-16,0.4166506801992555,3.0,259.0,-0.477450281110656,260.0,0.1874541827817624,261.0,0.2899960983288943,,,,,,
92,yydF__yydF,0.119700193528544,0.3715863910073083,3.0,262.0,0.12253611064680348,263.0,-0.2532960396409429,264.0,0.4898605095797714,,,,,,
