,b0258
p1k_00001,-0.12169636249999982
p1k_00002,0.12169636249999982
p1k_00003,1.0481333594999995
p1k_00004,1.1514936804999998
p1k_00005,-0.3279897034999997
p1k_00006,-0.3621420464999998
p1k_00007,1.0945250555
p1k_00008,1.1212109515000002
p1k_00009,-0.15922284949999987
p1k_00010,-0.3084806474999997
p1k_00011,0.4572890804999998
p1k_00012,0.31294325050000005
p1k_00014,0.2525957354999999
p1k_00015,0.1976861175
p1k_00016,0.09076001649999997
p1k_00017,0.2437943525000001
p1k_00018,0.20428069250000025
p1k_00019,0.7451523965000001
p1k_00020,0.7943950544999998
p1k_00021,1.2036678255000002
p1k_00022,1.1885624815
p1k_00023,0.5095926875000005
p1k_00024,0.4742258465000005
p1k_00025,1.1308505065000016
p1k_00026,1.0970528035000005
p1k_00027,0.15367641749999986
p1k_00028,0.3344909175000001
p1k_00029,-0.01137112550000019
p1k_00030,0.036276075500000005
p1k_00031,0.1134964365000002
p1k_00032,0.4098672634999998
p1k_00033,0.8304187995000003
p1k_00034,0.8761830494999998
p1k_00035,0.2990271175000005
p1k_00036,0.2853724215
p1k_00037,0.4738850105000001
p1k_00038,0.3526866824999999
p1k_00039,0.12453521150000045
p1k_00040,0.15394965449999987
p1k_00041,0.3716061694999997
p1k_00042,0.3112530215000007
p1k_00043,0.05715003750000047
p1k_00044,0.1187693035000006
p1k_00045,-0.07975301749999986
p1k_00046,-0.34443179850000005
p1k_00047,0.08349800550000007
p1k_00048,0.029390940499999907
p1k_00049,0.6723682975000003
p1k_00050,-0.1493236644999998
p1k_00051,0.0036675495000002565
p1k_00052,0.31833062249999955
p1k_00053,0.0603620075000002
p1k_00054,0.4913506145
p1k_00055,0.5321277785000005
p1k_00056,0.11803448050000045
p1k_00057,0.1337991615000007
p1k_00058,0.21674777449999996
p1k_00059,-0.055121515499999774
p1k_00060,0.4538904835000004
p1k_00061,0.2947953495000002
p1k_00062,0.3328466355000001
p1k_00063,0.3583235275000005
p1k_00064,0.4945856754999998
p1k_00065,0.5615266124999998
p1k_00066,0.23222418150000035
p1k_00067,0.14485966850000054
p1k_00068,0.2949786154999998
p1k_00070,-0.23122352950000025
p1k_00071,-0.012385472500000105
p1k_00072,0.012176690500000477
p1k_00073,0.4946763805000005
p1k_00074,0.6965609505000003
p1k_00075,-0.048962263499999985
p1k_00077,0.043968420499999716
p1k_00078,0.11081369850000032
p1k_00079,-0.025703207500000325
p1k_00080,0.06382578450000054
p1k_00081,-0.13633853849999955
p1k_00082,-0.06238870949999953
p1k_00083,-0.1403999054999998
p1k_00084,-0.12922612050000026
p1k_00085,-0.031452618499999474
p1k_00086,-0.2387520324999999
p1k_00087,0.09533716650000024
p1k_00088,0.1580552294999995
p1k_00089,0.36811097250000013
p1k_00090,0.03206209250000036
p1k_00091,-0.015054317499999748
p1k_00092,0.03346890650000045
p1k_00093,0.4646819894999998
p1k_00094,-0.6397778205
p1k_00095,-0.32232497050000003
p1k_00096,0.3848258585000002
p1k_00097,0.3705134105000001
p1k_00098,0.00022923050000045464
p1k_00099,0.2031575134999999
p1k_00100,-0.2486940955000003
p1k_00101,-0.2871091075000001
p1k_00102,-0.6058253254999997
p1k_00103,-0.8957477254999997
p1k_00104,-1.0662500665
p1k_00105,-0.4513636874999998
p1k_00106,-0.4070219635000001
p1k_00107,-0.3805568154999999
p1k_00108,0.0380594434999999
p1k_00109,0.0012261044999997142
p1k_00110,0.14423042549999998
p1k_00111,0.08859243750000001
p1k_00112,0.3971130905000004
p1k_00113,0.10486052550000036
p1k_00114,0.2749958485000006
p1k_00115,0.2420503475000002
p1k_00116,0.3553410775000003
p1k_00117,0.4507513254999997
p1k_00118,0.3481452955000002
p1k_00119,0.5192341924999999
p1k_00120,0.6007003695000002
p1k_00121,0.3774120454999999
p1k_00122,0.19528899949999975
p1k_00123,0.34788324149999994
p1k_00124,0.3356741915000008
p1k_00125,0.12768122549999994
p1k_00126,-0.4701326775000001
p1k_00127,-0.5896776054999999
p1k_00128,-0.9138571994999998
p1k_00129,-0.06791797549999945
p1k_00130,-0.3049521974999996
p1k_00131,-0.08704946749999998
p1k_00132,0.09541601050000016
p1k_00133,0.12061950949999999
p1k_00134,-0.7227809745
p1k_00135,-0.04769659549999972
p1k_00136,-0.10665261349999966
p1k_00137,0.17191439850000026
p1k_00138,0.004004163500000324
p1k_00139,0.0759663865000002
p1k_00140,-0.26738494449999983
p1k_00141,0.015202321500000338
p1k_00142,-0.13199581950000014
p1k_00143,-0.4337976674999999
p1k_00144,0.32786975650000016
p1k_00145,0.09540546449999976
p1k_00146,-0.13375582449999968
p1k_00147,0.20679944950000007
p1k_00148,-0.22352225549999985
p1k_00149,-0.1869442764999993
p1k_00150,0.09170975150000073
p1k_00151,0.5263452795000001
p1k_00152,0.5069901105000003
p1k_00153,0.4678078704999997
p1k_00154,-0.6638086414999997
p1k_00155,-0.2082432514999999
p1k_00157,-0.4813187625
p1k_00158,-0.5618552014999998
p1k_00159,-1.0336961034999996
p1k_00160,-0.32402765450000004
p1k_00161,-0.4982717324999997
p1k_00162,-0.5726000495000001
p1k_00163,-0.37281122349999984
p1k_00164,-0.5320430285000001
p1k_00165,0.12131630549999972
p1k_00166,-0.4021857705
p1k_00167,0.21119638850000036
p1k_00168,0.2803472155
p1k_00169,0.9205673085
p1k_00170,0.5232605404999999
p1k_00171,-0.5059350464999999
p1k_00172,-0.4880881494999998
p1k_00173,-0.7059754004999999
p1k_00174,-1.0749384494999998
p1k_00175,-0.05742996849999836
p1k_00176,-0.11410544950000025
p1k_00177,-0.4263521825000001
p1k_00178,-0.5462030394999999
p1k_00179,-0.01815955949999992
p1k_00180,0.18518128949999998
p1k_00181,-0.4649505905
p1k_00182,-0.46314945049999995
p1k_00183,-0.5728201335
p1k_00184,-0.6759315314999998
p1k_00185,-0.09810467349999996
p1k_00186,-0.20810835049999987
p1k_00187,-0.5070640384999998
p1k_00188,-0.3632097944999999
p1k_00189,-0.0922269895000003
p1k_00190,-0.9726503345
p1k_00191,-0.15637266949999962
p1k_00192,-0.08046250549999989
p1k_00193,0.1811877505000004
p1k_00194,0.2346341165000005
p1k_00195,0.3526448685000005
p1k_00196,0.1211054125000004
p1k_00197,0.17156616749999998
p1k_00198,0.4504850844999994
p1k_00199,0.12493915050000035
p1k_00200,0.12416499150000072
p1k_00201,0.2176220805
p1k_00202,0.12014438250000035
p1k_00203,-0.23454751750000025
p1k_00204,0.06552386850000058
p1k_00205,0.3126498634999999
p1k_00206,0.14886535750000007
p1k_00207,0.04399454550000037
p1k_00208,-0.14726868849999966
p1k_00209,-0.10373975450000028
p1k_00210,0.2104196665
p1k_00211,-0.11511177149999965
p1k_00212,-0.2988420395000002
p1k_00213,-0.1895306285
p1k_00214,-0.4729016504999999
p1k_00215,0.1982363825000002
p1k_00216,0.11053233949999974
p1k_00217,0.2922499485000003
p1k_00218,0.1652185245000002
p1k_00219,-0.4401879885
p1k_00220,-0.3160949495000001
p1k_00221,-0.17486985049999948
p1k_00222,-0.09932733750000013
p1k_00223,-0.21491279850000036
p1k_00224,-0.1047160475000002
p1k_00225,-0.17105777050000004
p1k_00226,-0.08043538849999976
p1k_00227,-0.006517498500000053
p1k_00228,0.1631223635000003
p1k_00229,-0.22274611649999976
p1k_00230,-0.4292254765000001
p1k_00231,-0.22365333750000005
p1k_00232,-0.2920042794999995
p1k_00233,-0.01677451049999945
p1k_00234,0.056104625499999734
p1k_00235,0.4031628365
p1k_00236,-0.5705784664999998
p1k_00237,-0.5300402635000001
p1k_00238,0.5615379704999999
p1k_00239,0.8942413494999997
p1k_00240,1.1935535804999995
p1k_00241,0.4159330565000001
p1k_00242,0.5554556244999995
p1k_00243,-0.4440403504999999
p1k_00244,-0.3923403975
p1k_00245,1.2743513065000016
p1k_00246,1.4883460795000003
p1k_00247,0.03316846950000052
p1k_00248,0.34401167349999984
p1k_00249,-0.05143685250000018
p1k_00250,-0.14855022049999975
p1k_00251,0.21513726750000028
p1k_00252,0.08032561250000025
p1k_00253,-0.024462404499999483
p1k_00254,0.030015872499999933
p1k_00255,-0.1949792844999996
p1k_00256,-0.4913532704999999
p1k_00257,0.3242283485000001
p1k_00258,0.3538685335
p1k_00259,0.3895209565000002
p1k_00260,0.3826655204999998
p1k_00261,0.26713077249999984
p1k_00262,0.25941782950000025
p1k_00263,-0.1962054615
p1k_00264,-0.2342190464999998
p1k_00265,-0.16097384449999996
p1k_00266,0.053054887500000085
p1k_00267,0.029389142500000357
p1k_00268,0.07414004650000018
p1k_00269,-0.2831493194999997
p1k_00270,-0.10926513250000004
p1k_00271,0.7626388965000004
p1k_00272,1.0104259945000005
p1k_00273,-1.3052787205
p1k_00274,-1.1232557135
p1k_00275,0.1055194015000005
p1k_00276,0.4260983405000003
p1k_00277,-0.4792815964999999
p1k_00278,-0.3182299794999999
p1k_00279,-0.13832714349999975
p1k_00280,-0.1742467034999997
p1k_00281,0.3355709925000001
p1k_00282,0.6302793415000005
p1k_00283,-0.31506107750000023
p1k_00284,-0.21512643149999988
p1k_00285,0.009255800500000078
p1k_00286,0.002083787500000156
p1k_00287,0.09777812350000037
p1k_00288,0.01798761750000022
p1k_00289,-0.6528771535
p1k_00290,-0.5992563595
p1k_00291,-0.13988676249999976
p1k_00292,0.3011568835
p1k_00293,-0.7535009344999999
p1k_00294,-0.9905424825
p1k_00295,-0.5065108425
p1k_00296,-0.3855546164999999
p1k_00297,-0.1144977804999998
p1k_00298,-0.2609035104999995
p1k_00299,-0.04612802149999951
p1k_00300,0.2598217304999997
p1k_00301,-0.2521346104999997
p1k_00302,-0.2069988614999998
p1k_00303,0.1930636305000002
p1k_00304,0.0954698245000003
p1k_00305,0.3545658124999997
p1k_00306,0.4809180485000004
p1k_00307,0.2947386905
p1k_00308,0.3292229395000001
p1k_00309,-0.2183190164999997
p1k_00310,-0.40360878149999996
p1k_00311,-0.2665158434999997
p1k_00312,-0.19201202250000016
p1k_00313,0.01214873750000045
p1k_00314,-0.2120370334999997
p1k_00315,0.32934902150000056
p1k_00316,0.3552156694999997
p1k_00317,-0.4524444554999998
p1k_00318,-0.2871793844999999
p1k_00319,-0.5311657925
p1k_00320,-0.10181835449999976
p1k_00321,0.2471951104999999
p1k_00322,-0.023862568499999348
p1k_00323,0.32905518050000016
p1k_00324,0.4338882675000004
p1k_00325,0.3309313325000005
p1k_00326,0.4919530915000001
p1k_00327,0.28946383350000016
p1k_00328,0.08278531050000026
p1k_00329,-0.7006680665
p1k_00330,-0.7037917564999998
p1k_00331,-0.046025019500000035
p1k_00332,-0.05205712550000019
p1k_00333,-0.7852789134999996
p1k_00334,-0.42463705949999975
p1k_00335,-0.9920714425
p1k_00336,-0.8095595934999995
p1k_00337,-0.27562303850000003
p1k_00338,-0.0888576074999996
p1k_00339,-0.10569473350000004
p1k_00340,-0.2754561495000001
p1k_00341,-0.004866294500000201
p1k_00342,-0.1606103095
p1k_00343,-0.1760071424999996
p1k_00344,-0.14976652349999942
p1k_00345,0.7076317765000004
p1k_00346,-0.12982027049999978
p1k_00347,-0.08976639049999946
p1k_00348,-0.3522022465000001
p1k_00349,-0.008261032500000098
p1k_00350,-0.061327239499999735
p1k_00351,0.4775689784999999
p1k_00352,0.17091487049999987
p1k_00353,-0.014495559500000256
p1k_00354,-0.0686496795
p1k_00355,-0.1718066304999999
p1k_00356,-0.002057223499999594
p1k_00357,-0.4998028434999999
p1k_00358,-0.18407741849999934
p1k_00359,-2.6848133885000003
p1k_00360,-1.4457587094999995
p1k_00361,-1.3432437544999998
p1k_00362,-1.7521741365
p1k_00363,-1.5450563464999996
p1k_00364,-0.5305694714999998
p1k_00365,-1.8933901715
p1k_00366,-2.0258646725
p1k_00367,-1.6235854515
p1k_00368,-1.7025553765
p1k_00369,-0.4510751785
p1k_00370,-0.6097341794999998
p1k_00371,-1.1511525884999996
p1k_00372,-1.0244332644999998
p1k_00373,-1.0306642934999999
p1k_00374,-1.1104927864999996
p1k_00375,-0.14784538550000015
p1k_00376,-0.06664495349999999
p1k_00377,-0.9799055205
p1k_00378,-0.8682190555
p1k_00379,-1.0622533974999997
p1k_00380,-0.9642011954999998
p1k_00381,0.10546173250000024
p1k_00382,-0.1977654834999996
p1k_00383,-1.1980444554999998
p1k_00384,-1.2040283484999996
p1k_00385,-0.9811209365000001
p1k_00386,-0.9165113584999998
p1k_00387,-1.2060848134999995
p1k_00388,-0.5806739164999999
p1k_00389,-0.7212566044999997
p1k_00390,-0.7204040564999996
p1k_00391,1.0554738205000005
p1k_00392,1.0887156615000002
p1k_00393,-0.4586114695000001
p1k_00394,-0.3748912514999998
p1k_00395,-0.4367140864999999
p1k_00396,-0.4014187684999997
p1k_00397,-0.6941100854999998
p1k_00398,0.30472715850000043
p1k_00399,-0.3309689785000001
p1k_00400,-0.2358550844999998
p1k_00401,-0.4317401054999999
p1k_00402,-0.5784755704999998
p1k_00403,-0.1729781155000003
p1k_00404,0.04668724550000025
p1k_00405,-1.1089933934999996
p1k_00406,-1.0690101524999998
p1k_00407,-0.5378410305000001
p1k_00408,-0.5512659384999998
p1k_00409,0.6081652835
p1k_00410,0.2896645245
p1k_00411,-0.6938100905
p1k_00412,-0.9312778775
p1k_00413,-0.6254843714999998
p1k_00414,-0.4951126105000001
p1k_00415,0.9055148095000004
p1k_00416,0.7669573045
p1k_00417,-0.4376059564999997
p1k_00418,-0.8509478694999997
p1k_00419,-1.1535694584999998
p1k_00420,-1.4007923454999998
p1k_00421,-0.4876131304999998
p1k_00422,-0.6786629084999998
p1k_00423,-0.8641863404999999
p1k_00424,-0.5948292364999999
p1k_00425,0.7892598475000003
p1k_00426,0.8512306745
p1k_00427,0.6662665515000006
p1k_00428,0.6684721215000007
p1k_00429,-0.6919069415000001
p1k_00430,-0.6761908685
p1k_00431,-0.6605775684999999
p1k_00432,-0.4853891825000001
p1k_00433,0.44235296749999975
p1k_00434,0.6740630894999997
p1k_00435,-0.8453563834999995
p1k_00436,-0.5071087354999997
p1k_00437,-0.7020341904999999
p1k_00438,-0.7149511794999999
p1k_00439,0.6210196535000003
p1k_00440,0.7424272835000005
p1k_00441,-0.6010024635
p1k_00442,-0.4552831624999998
p1k_00443,-0.2661353034999996
p1k_00444,-0.12088199150000012
p1k_00445,-0.5835645645
p1k_00446,-0.6732351304999997
p1k_00447,-0.3637392934999997
p1k_00448,-0.15262043049999985
p1k_00449,-0.30495620449999983
p1k_00450,-0.06742303050000054
p1k_00451,-0.0968465484999994
p1k_00452,-0.14069630050000015
p1k_00453,-0.4722133944999998
p1k_00454,-0.18062559550000049
p1k_00455,-0.9689368175
p1k_00456,-0.8744488334999998
p1k_00457,-0.4233247634999997
p1k_00458,-0.4806899794999997
p1k_00459,0.10385515249999956
p1k_00460,0.20991008850000006
p1k_00461,-0.4916795984999998
p1k_00462,-0.3555886825000001
p1k_00463,0.2732585185000005
p1k_00464,0.3053354095000005
p1k_00465,-1.5847801245
p1k_00466,-1.6662029644999998
p1k_00467,-0.8394939734999998
p1k_00468,-0.8452990465000001
p1k_00469,-0.36373154949999975
p1k_00470,-0.6242139774999997
p1k_00471,-0.9720551514999998
p1k_00472,-0.9393059354999996
p1k_00473,-0.003424235499999817
p1k_00474,-0.17661085049999947
p1k_00475,-0.8073342525
p1k_00476,-0.43538364049999995
p1k_00477,-0.3153672684999984
p1k_00478,-0.3446014234999999
p1k_00479,-1.0766818134999996
p1k_00480,-1.2391238025
p1k_00481,-0.07423657349999946
p1k_00482,-0.06060743749999986
p1k_00483,-0.5324220344999997
p1k_00484,-0.6038743405
p1k_00485,-0.9187133545
p1k_00486,-0.9885406755
p1k_00487,-0.35464888949999995
p1k_00488,-0.3506803824999998
p1k_00489,-0.32144573350000005
p1k_00490,-0.15484912749999946
p1k_00491,0.17633917250000053
p1k_00492,0.4539288575000002
p1k_00493,-0.4307741565000001
p1k_00494,-0.40994523949999984
p1k_00495,-1.1993427815
p1k_00496,-1.0707720865
p1k_00497,-0.19519905549999986
p1k_00498,0.19744378150000053
p1k_00499,-0.4817601594999998
p1k_00500,-0.6475732535000001
p1k_00501,-0.11336583449999972
p1k_00502,-0.16566340550000014
p1k_00503,-0.16707679750000004
p1k_00504,-0.39082226549999977
p1k_00505,-1.3622036105000002
p1k_00506,-1.4906885095
p1k_00507,0.4122329985000004
p1k_00508,0.2621543495000003
p1k_00509,-0.6140533714999998
p1k_00510,-0.5229739164999998
p1k_00612,-0.6022441674999999
p1k_00613,-0.5218540125
p1k_00614,1.0982073005000004
p1k_00615,0.9681562875000004
p1k_00558,-0.7596222194999998
p1k_00559,-0.4661992134999999
p1k_00562,-0.8179194874999998
p1k_00563,-0.6672223004999998
p1k_00564,-0.7472057664999996
p1k_00565,-0.6855884834999997
p1k_00566,-1.0726009545
p1k_00567,-0.8499274914999999
p1k_00540,-0.6651219264999999
p1k_00541,-0.6077203074999997
p1k_00542,-0.7264598104999997
p1k_00543,-0.9828898864999998
p1k_00544,-0.6190475744999997
p1k_00545,-0.9565026734999996
p1k_00546,-1.1271732215
p1k_00547,-1.0369501614999996
p1k_00548,-0.4639044074999998
p1k_00549,-0.6054636465000001
p1k_00550,-0.7072595704999998
p1k_00551,-0.3430428394999998
p1k_00568,-1.4433053164999996
p1k_00569,-1.0160161805
p1k_00570,-0.8248147644999997
p1k_00571,-0.6356949274999999
p1k_00572,-0.9639701484999996
p1k_00573,-0.6569192755
p1k_00574,-0.9578698105
p1k_00575,-1.1613917854999998
p1k_00586,-1.2289915884999996
p1k_00587,-1.0997101314999995
p1k_00588,-1.0983147574999998
p1k_00589,-0.7266027894999998
p1k_00590,-1.0656710444999995
p1k_00591,-0.5257562834999998
p1k_00592,-0.2963024525
p1k_00593,0.2797272705000005
p1k_00576,0.14286898950000015
p1k_00577,0.04512649150000048
p1k_00578,-0.5326799405
p1k_00579,-0.8014765724999999
p1k_00582,-0.2930451304999995
p1k_00583,-0.2612770795000001
p1k_00584,-0.009319901499999615
p1k_00585,0.16500558250000008
p1k_00511,-0.8835803625
p1k_00512,-0.8049543284999996
p1k_00513,-0.4174854825000001
p1k_00514,-0.6577047425
p1k_00515,-0.3437985864999997
p1k_00516,-0.7836738555
p1k_00517,-0.7838344384999996
p1k_00600,-0.4320602254999999
p1k_00601,0.26266786249999985
p1k_00602,-0.2842440244999995
p1k_00603,-0.1120069844999998
p1k_00604,-0.040647576499999616
p1k_00605,0.5889889135000006
p1k_00606,0.13795318850000005
p1k_00607,-0.22144583650000005
p1k_00608,-0.16499204449999993
p1k_00609,-0.1323620124999998
p1k_00610,0.16063632250000026
p1k_00611,-0.1542904174999995
p1k_00552,-0.6053236945
p1k_00553,-0.4726247335
p1k_00554,-0.6226137184999998
p1k_00555,-0.1795787554999997
p1k_00556,0.7940123955000002
p1k_00557,0.5901200265000002
p1k_00594,0.053643456500000575
p1k_00595,-0.6754297905
p1k_00596,-0.9372105244999998
p1k_00597,-0.9425678265
p1k_00598,-0.5268499345000001
p1k_00599,-0.8408397234999998
p1k_00518,-0.17890037449999951
p1k_00519,-0.3831359674999999
p1k_00520,-0.4227241445000001
p1k_00521,-0.3832163645
p1k_00522,-0.3814028254999999
p1k_00523,-1.1617194674999998
p1k_00524,-1.2173432405
p1k_00525,-2.0078629575
p1k_00526,-0.8910196884999997
p1k_00527,-0.5851887214999998
p1k_00528,-0.3873602515000001
p1k_00529,-0.6133231745000001
p1k_00530,-1.0828193395
p1k_00531,-0.6796296114999998
p1k_00532,-0.9760722404999996
p1k_00533,-1.0199701195
p1k_00534,0.1900608125000005
p1k_00535,-0.19550488249999987
p1k_00536,0.11142084050000013
p1k_00537,0.4442546585000002
p1k_00538,-0.2119625024999996
p1k_00539,-0.05948377349999934
p1k_00616,0.3142728454999997
p1k_00617,0.39164478650000056
p1k_00618,0.2211593555000002
p1k_00619,0.03182043350000008
p1k_00620,0.3915179035000005
p1k_00621,0.26994027549999977
p1k_00622,0.3878251984999999
p1k_00623,0.4628463125
p1k_00624,0.5667951515
p1k_00625,0.5744656115
p1k_00626,0.24343338150000005
p1k_00627,0.3252943354999997
p1k_00628,0.2732286885000006
p1k_00629,0.3212575055000002
p1k_00630,0.7718891404999999
p1k_00631,0.8032999155000002
p1k_00632,0.3309043044999997
p1k_00633,0.4407066885000006
p1k_00634,0.5951413025000001
p1k_00635,0.6163625915000006
p1k_00636,0.6309037885000004
p1k_00637,0.7095303455000002
p1k_00638,0.4933946225000003
p1k_00639,0.6099385975000002
p1k_00640,0.4848881375000005
p1k_00641,0.5016581725
p1k_00642,0.2739000435000003
p1k_00643,0.21539165350000025
p1k_00644,0.3674376515000004
p1k_00645,0.1919816465000004
p1k_00646,1.0221884585000005
p1k_00647,1.2115420975000006
p1k_00648,0.2308957385000001
p1k_00649,0.03614432650000055
p1k_00650,0.3816257944999997
p1k_00651,0.4072042754999998
p1k_00652,0.16517629550000024
p1k_00653,-0.08894611249999951
p1k_00654,0.3340583955000005
p1k_00655,0.4905957695000005
p1k_00656,0.12946358449999984
p1k_00657,0.13180106750000053
p1k_00658,0.1433153315000002
p1k_00659,0.20415569850000012
p1k_00660,0.2699594625000001
p1k_00661,0.1879782255000002
p1k_00662,0.9671259215
p1k_00663,0.9428886775
p1k_00664,0.6966081285000003
p1k_00665,0.6601753605000003
p1k_00666,0.15300355850000005
p1k_00667,0.5284160585000004
p1k_00668,0.01956859150000056
p1k_00669,0.06977827949999947
p1k_00670,0.10279856450000048
p1k_00671,0.20502288550000006
p1k_00672,1.0117263444999995
p1k_00673,1.1354980875000005
p1k_00674,0.18182065450000007
p1k_00675,0.3823735795000003
p1k_00676,0.4900845455000002
p1k_00677,0.4799464825
p1k_00678,0.21616828350000009
p1k_00679,0.2772085295000002
p1k_00680,-0.10648697350000004
p1k_00681,-0.08926595750000033
p1k_00682,-0.16731637549999956
p1k_00683,0.04656592150000005
p1k_00684,1.2887923335
p1k_00685,1.2401973375000006
p1k_00686,1.0060524075000004
p1k_00687,0.8438124944999998
p1k_00688,0.9889090695
p1k_00689,1.0156586375000003
p1k_00690,0.9643557365000001
p1k_00691,1.0361473405000003
p1k_00692,-0.059418297499999724
p1k_00693,-0.2538365425000002
p1k_00694,0.2221523535000003
p1k_00695,0.24633630549999985
p1k_00696,0.5474707815000004
p1k_00697,0.7450760655000002
p1k_00698,0.4707060655
p1k_00699,0.40432470650000063
p1k_00700,-0.01972485349999964
p1k_00701,-0.10121404349999974
p1k_00702,0.28679429949999946
p1k_00703,0.2085195285000001
p1k_00704,0.2632051495000001
p1k_00705,0.32548208249999977
p1k_00706,0.6157521765
p1k_00707,0.6399741965000008
p1k_00708,1.1511033484999995
p1k_00709,1.2416442844999995
p1k_00710,-0.1260544784999995
p1k_00711,-0.3644881474999999
p1k_00712,-0.2546624264999995
p1k_00713,-0.3214116885
p1k_00714,-0.6905015744999998
p1k_00715,-0.5447852754999998
p1k_00716,0.3658042595
p1k_00717,0.29916252150000044
p1k_00718,-0.15942770649999982
p1k_00719,-0.3243664074999999
p1k_00721,0.1839977734999998
p1k_00722,-0.5245831934999998
p1k_00723,-0.41117484049999975
p1k_00724,-0.7871180414999999
p1k_00725,-0.5489146895000001
p1k_00726,-0.8407555295
p1k_00727,-0.3815546214999999
p1k_00728,-0.28636165049999995
p1k_00729,-0.4441322544999999
p1k_00730,-0.2817485364999994
p1k_00731,-0.3604677525
p1k_00732,-0.1952240314999996
p1k_00733,-0.4839222214999999
p1k_00734,-0.7028290214999999
p1k_00735,0.09225214649999992
p1k_00736,0.007105339499999808
p1k_00737,0.05258815749999979
p1k_00738,0.20396088150000047
p1k_00739,-0.020432592499999732
p1k_00740,-0.02997603249999958
p1k_00741,-0.12688113149999936
p1k_00742,-0.3214420785000001
p1k_00743,-0.9261185165
p1k_00744,-0.7243573904999998
p1k_00745,-0.12098840749999963
p1k_00746,-0.01878819449999991
p1k_00747,-0.7910201464999997
p1k_00748,-0.9783701305
p1k_00749,-0.8035266264999996
p1k_00750,-0.6069224515
p1k_00751,-0.7450401345000001
p1k_00752,-0.9296127154999998
p1k_00753,0.043518089500000016
p1k_00754,0.4943775925000002
p1k_00755,-0.6330434635000001
p1k_00756,-0.5274891534999999
p1k_00757,-0.7814060974999997
p1k_00758,-0.4299853904999997
p1k_00759,-0.5719861254999999
p1k_00760,-0.6130396865000001
p1k_00761,0.13292538249999986
p1k_00762,0.2284492015000001
p1k_00763,0.2565978644999998
p1k_00764,0.4696042355000003
p1k_00765,-0.06731082649999998
p1k_00766,-0.10930115349999968
p1k_00767,0.17107923849999995
p1k_00768,0.2373139235000004
p1k_00769,0.6773824885000002
p1k_00770,0.6308275774999998
p1k_00771,-0.5638293064999997
p1k_00772,-0.6984140034999999
p1k_00773,0.15846656550000038
p1k_00774,0.08756333949999995
p1k_00775,-0.5600844824999998
p1k_00776,-0.7050561835
p1k_00777,-0.1668630714999999
p1k_00778,-0.4562164064999998
p1k_00779,-0.3697826895
p1k_00780,-0.3139075445000001
p1k_00781,0.16612958949999967
p1k_00782,0.028704083500000088
p1k_00783,-0.6454230274999997
p1k_00784,-0.5281397795
p1k_00785,0.08652384150000003
p1k_00786,0.3667819694999999
p1k_00787,-0.6245842984999999
p1k_00788,-0.6210549914999999
p1k_00789,-0.06630966749999967
p1k_00790,0.09757211150000078
p1k_00791,-0.1995419934999996
p1k_00792,-0.4140189615000001
p1k_00793,-0.8197353525
p1k_00794,0.1574070685000004
p1k_00795,0.3804356044999997
p1k_00796,0.037138430499999764
p1k_00797,0.11924850750000004
p1k_00798,0.2309956965
p1k_00799,0.5643089325000004
p1k_00800,0.3727687815000005
p1k_00801,0.17244551449999967
p1k_00802,0.5067432065000004
p1k_00803,0.16697785549999988
p1k_00804,-0.012879402500000305
p1k_00805,-0.2876745084999994
p1k_00806,-0.15266222450000022
p1k_00807,-0.013484156499999678
p1k_00808,0.07461125749999997
p1k_00809,-0.02121037950000026
p1k_00810,0.08833530149999991
p1k_00811,-0.16531224449999993
p1k_00812,-0.032572845499999836
p1k_00813,0.08875203749999994
p1k_00814,0.1907614605000001
p1k_00815,0.3640104874999999
p1k_00816,0.2651614095000001
p1k_00817,0.12571549849999994
p1k_00818,0.0938306805
p1k_00819,-0.02965905050000028
p1k_00820,-0.16161594849999972
p1k_00826,-4.3201662945
p1k_00827,-4.3201662945
p1k_00828,-0.43863436492397495
p1k_00829,-0.584763992148416
p1k_00830,-4.3201662945
p1k_00831,-4.3201662945
p1k_00832,-4.3201662945
p1k_00833,-4.3201662945
p1k_00834,-4.3201662945
p1k_00835,-4.3201662945
p1k_00836,-4.3201662945
p1k_00837,-4.3201662945
p1k_00838,-4.3201662945
p1k_00839,-4.3201662945
p1k_00840,-4.3201662945
p1k_00841,-4.3201662945
p1k_00842,-4.3201662945
p1k_00843,-4.3201662945
p1k_00844,-4.3201662945
p1k_00845,-4.3201662945
p1k_00846,-4.3201662945
p1k_00847,-4.3201662945
p1k_00848,-4.3201662945
p1k_00849,-4.3201662945
p1k_00850,-4.3201662945
p1k_00851,-4.20871037867242
p1k_00852,-4.199435300710837
p1k_00853,-4.3201662945
p1k_00854,-1.0532471200859983
p1k_00855,-0.6916638478745639
p1k_00858,-1.6408233563637973
p1k_00859,-1.5273404737837093
p1k_00860,-1.1253657040063687
p1k_00861,-0.677457997665301
p1k_00862,0.07936541395393881
p1k_00863,-0.019345033840906467
p1k_00864,-1.3099435259861
p1k_00865,-1.3265328218983314
p1k_00866,-1.1736703090272391
p1k_00867,-0.7103935679984454
p1k_00868,-0.6523840264710881
p1k_00869,-0.8111287267680263
p1k_00870,-0.5356286728407671
p1k_00871,-0.5950528764446141
p1k_00872,-1.0410725729385266
p1k_00873,-0.7643255537447655
p1k_00874,-1.702157555398372
p1k_00875,-1.6253825747955353
p1k_00876,-0.8252694234516622
p1k_00877,-0.2107356851327875
p1k_00878,-0.7444720648560681
p1k_00879,-0.9497991749266976
p1k_00880,-0.8031501361902325
p1k_00881,-0.4714299543899085
p1k_00882,-0.4524444555389775
p1k_00883,-0.28717938465748993
p1k_00884,0.24719511033758845
p1k_00885,-0.02386256844948686
p1k_00890,0.8940125512536881
p1k_00891,1.2498200356996474
p1k_00892,-1.1035809968950114
p1k_00893,-0.15192600686624047
p1k_00894,-0.6358724183191158
p1k_00895,-0.28885884380876803
p1k_00896,0.062488650015582785
p1k_00897,0.13616517594794608
p1k_00898,-0.06815143999509665
p1k_00899,-0.18342452825399125
p1k_00900,1.0305335693551765
p1k_00901,1.2158088920841197
p1k_00902,1.240315044085036
p1k_00903,1.2776212993000025
p1k_00904,1.1491320428975662
p1k_00905,1.1491500039012914
p1k_00906,-0.3466054540326833
p1k_00907,-0.11360314892731882
p1k_00908,-0.2508593588487669
p1k_00909,-0.6386156021012259
p1k_00910,0.03242673276924535
p1k_00911,0.17600237301256172
p1k_00912,-0.12696201776083438
p1k_00913,-0.17676514885237538
p1k_00914,0.5198693234934364
p1k_00915,0.7488385199103185
p1k_00916,-0.5946629522261118
p1k_00917,0.05443901564776521
p1k_00918,-0.8817561977029325
p1k_00919,-0.8439962325467634
p1k_00920,0.06101672542999648
p1k_00921,0.5565301499676485
p1k_00922,0.5482019169600241
p1k_00923,0.6028219936298838
p1k_00924,0.27138694014575204
p1k_00925,0.4124111328818092
p1k_00926,1.0819942736237875
p1k_00927,0.9706514221055428
p1k_00928,0.4403964504028428
p1k_00929,0.5517263570819102
p1k_00930,0.4620878676142474
p1k_00931,0.07136131978765192
p1k_00932,0.6020720116329112
p1k_00933,0.4663556145906531
p1k_00934,0.2578106469794719
p1k_00935,0.08962322494857045
p1k_00936,0.25315152166622124
p1k_00937,0.24187066520628964
p1k_00938,0.27045044600153195
p1k_00939,0.3844092520569625
p1k_00940,-0.498775717189055
p1k_00941,0.27113920311704565
p1k_00942,0.3150270000812512
p1k_00943,0.2416801949926075
p1k_00944,0.5319332040725939
p1k_00945,0.1414361339642598
p1k_00946,0.004614875666561602
p1k_00947,-0.004078740992828678
p1k_00948,0.20910288973169602
p1k_00949,0.011269905607068864
p1k_00950,0.1972148065823536
p1k_00951,0.22487997835342452
p1k_00952,0.4689362656240359
p1k_00953,-0.05605936844244752
p1k_00954,-0.1319467093037936
p1k_00955,-0.36947056002238776
p1k_00956,0.14919274031807728
p1k_00957,-0.13205402262986346
p1k_00958,0.004407405170609557
p1k_00959,-0.4224918268560822
p1k_00960,-0.7210423114415132
p1k_00961,-0.03748174022500717
p1k_00962,0.29001579826004953
p1k_00963,0.2312481859712765
p1k_00964,0.2569465312065056
p1k_00965,0.17652426477687744
p1k_00966,0.1917738176980519
p1k_00967,-0.0432318051132059
p1k_00968,0.3883575217643962
p1k_00969,-0.1149248010019006
p1k_00970,-0.1499108295376841
p1k_00971,0.30377150052104
p1k_00972,0.06979143707814828
p1k_00973,0.4780844422276234
p1k_00974,0.39711090297834417
p1k_00975,-0.1599564310811381
p1k_00976,0.09707317734837416
p1k_00977,-0.049636375173192526
p1k_00978,-0.1091231352979305
p1k_00979,-0.09228230089886223
p1k_00980,0.1624888530843256
p1k_00981,0.14871702483883364
p1k_00982,0.054310240792696966
p1k_00983,0.17442981233003876
p1k_00984,-0.025252541652689864
p1k_00985,0.4051849519423847
p1k_00986,0.07950041482143178
p1k_00987,-0.17359428844235136
p1k_00988,-0.04025706573646026
p1k_00989,0.3096150282581345
p1k_00990,0.05451071162669319
p1k_00991,0.1103070585320749
p1k_00992,0.031937055806849024
p1k_00993,-0.10872542107008254
p1k_00994,0.2723976416334395
p1k_00995,0.00014062284655214086
p1k_00996,0.0483689491885535
p1k_00997,-0.16217586070109302
p1k_00998,0.20509937134576892
p1k_00999,0.07216299141731941
p1k_01000,-0.02728291190231413
p1k_01001,0.4854359632664496
p1k_01002,-0.057680163469731476
p1k_01003,-0.2612063355865999
p1k_01004,-0.1796553912411234
p1k_01005,-0.5648696205519959
p1k_01006,-0.4837945292721142
p1k_01007,-0.2770408278077765
p1k_01008,-0.4896675068640213
p1k_01009,1.0334371620980765
p1k_01010,1.0167954347990005
p1k_01011,1.1572560705378816
p1k_01012,0.7501243901736263
p1k_01013,2.0474823569794944
p1k_01014,2.1399745416827334
p1k_01015,0.7773846642688875
p1k_01016,1.0776165926657786
p1k_01017,0.9452410684247186
p1k_01018,-0.03904400842127398
p1k_01019,0.07871795027923945
p1k_01020,-0.11871064408656196
p1k_01021,0.04738963653497663
p1k_01022,0.03995910102480504
p1k_01023,0.12021872589307757
p1k_01024,0.21866849192312895
p1k_01025,-0.23918151591168346
p1k_01026,-0.12839699587518272
p1k_01027,-0.10124232078346827
p1k_01028,-0.2975634926985915
p1k_01029,0.30875211999925245
p1k_01030,-0.28245125286345285
p1k_01031,0.22198986495176154
p1k_01032,0.1819385255625816
p1k_01033,0.049921104107381715
p1k_01034,0.3089175986780548
p1k_01035,0.06667731687130729
p1k_01036,0.11536476571837008
p1k_01037,-0.16767391924749298
p1k_01038,0.11272614857956853
p1k_01039,-0.7204743082080021
p1k_01040,-0.3258087871454567
p1k_01041,-0.2335224577258117
p1k_01042,0.07194093262773649
p1k_01043,-0.18497608218079972
p1k_01044,-0.3847773787888218
p1k_01045,-0.3074701027353504
p1k_01046,0.10750794705513124
p1k_01047,-0.444002102233795
p1k_01048,-0.6810858060634839
p1k_01049,-0.3505712358811701
p1k_01050,0.02024945816238155
p1k_01051,-0.24084815896559866
p1k_01052,-0.3557657880784557
p1k_01053,-0.2727117567814794
p1k_01054,0.15115301036351525
p1k_01055,-0.026178143760482442
